record_id,relationship
11186,Wife
26943,Husband
47375,Husband
4501,Not-in-family
5871,Husband
7878,Wife
34563,Not-in-family
30265,Unmarried
23408,Own-child
37962,Husband
1033,Not-in-family
551,Unmarried
26253,Husband
16589,Unmarried
47080,Husband
27544,Wife
37983,Husband
22479,Own-child
31817,Unmarried
27006,Unmarried
24839,Husband
32646,Not-in-family
47386,Unmarried
30997,Husband
22611,Not-in-family
34693,Husband
21655,Own-child
13251,Husband
33334,Unmarried
15330,Husband
7192,Unmarried
46125,Own-child
42753,Not-in-family
4948,Not-in-family
42795,Husband
34719,Husband
39875,Husband
38965,Own-child
31808,Unmarried
14464,Husband
23349,Not-in-family
34470,Husband
34011,Unmarried
24914,Unmarried
35450,Husband
16132,Not-in-family
25030,Husband
11756,Husband
18893,Husband
1856,Not-in-family
9441,Not-in-family
17307,Husband
9372,Husband
21547,Husband
17495,Not-in-family
21076,Not-in-family
25016,Unmarried
21143,Not-in-family
37504,Not-in-family
25312,Husband
20487,Not-in-family
22038,Own-child
30767,Not-in-family
5268,Own-child
18892,Husband
36797,Husband
24552,Not-in-family
47396,Husband
26062,Own-child
42281,Husband
2824,Husband
15857,Husband
25189,Not-in-family
37067,Not-in-family
35262,Husband
9877,Not-in-family
24831,Own-child
44964,Wife
18809,Husband
41925,Own-child
34612,Own-child
1323,Husband
22077,Unmarried
39417,Not-in-family
46316,Unmarried
3922,Own-child
16857,Not-in-family
35562,Husband
24599,Husband
23048,Own-child
11279,Unmarried
1880,Unmarried
28926,Husband
24330,Husband
32167,Not-in-family
909,Husband
10703,Husband
14482,Other-relative
47273,Husband
45151,Husband
31010,Own-child
26507,Own-child
7189,Husband
28687,Husband
24674,Not-in-family
12066,Husband
17034,Own-child
6287,Not-in-family
37959,Own-child
19459,Husband
48095,Husband
43656,Other-relative
20726,Own-child
12495,Unmarried
39411,Husband
23598,Husband
16830,Husband
48209,Husband
6906,Husband
48474,Own-child
9390,Husband
1351,Husband
42592,Not-in-family
18711,Husband
16584,Own-child
31045,Not-in-family
47871,Own-child
13412,Husband
46537,Husband
11348,Not-in-family
29020,Not-in-family
33601,Husband
26875,Own-child
37876,Husband
33619,Not-in-family
44499,Own-child
25752,Unmarried
27121,Other-relative
18556,Not-in-family
14788,Own-child
36932,Husband
22621,Husband
24869,Not-in-family
22320,Not-in-family
12203,Not-in-family
10006,Unmarried
41898,Husband
34527,Other-relative
36109,Own-child
42755,Husband
10660,Husband
30262,Not-in-family
30469,Husband
10668,Husband
17950,Husband
15819,Own-child
30269,Husband
45015,Not-in-family
44173,Husband
10376,Husband
12192,Not-in-family
15008,Husband
2635,Husband
15486,Unmarried
1375,Unmarried
9986,Husband
273,Own-child
6711,Other-relative
4311,Husband
40163,Not-in-family
12319,Own-child
24974,Unmarried
41347,Not-in-family
44916,Own-child
4941,Husband
20204,Own-child
382,Husband
47785,Husband
33892,Husband
10197,Husband
8218,Unmarried
29533,Not-in-family
17175,Not-in-family
9395,Own-child
46063,Unmarried
5489,Not-in-family
20252,Husband
28040,Not-in-family
22966,Husband
424,Unmarried
15855,Own-child
5398,Not-in-family
41539,Not-in-family
42550,Not-in-family
4868,Other-relative
18963,Not-in-family
2058,Own-child
33811,Wife
22289,Not-in-family
32875,Wife
44808,Husband
15462,Husband
18189,Wife
19877,Own-child
27359,Unmarried
25036,Unmarried
46074,Own-child
6144,Unmarried
17606,Not-in-family
24214,Own-child
39907,Husband
30909,Not-in-family
39963,Not-in-family
46983,Not-in-family
39500,Husband
5674,Own-child
36611,Not-in-family
19981,Not-in-family
15736,Husband
34423,Husband
21325,Not-in-family
30270,Husband
47100,Husband
2785,Unmarried
24551,Husband
18710,Husband
21577,Husband
43108,Unmarried
34542,Wife
12464,Own-child
1424,Husband
4260,Not-in-family
29887,Not-in-family
18889,Not-in-family
28036,Not-in-family
10748,Husband
12005,Husband
18587,Not-in-family
9581,Unmarried
22912,Own-child
9123,Husband
10214,Not-in-family
34929,Husband
45450,Unmarried
22663,Husband
33492,Husband
1272,Not-in-family
15208,Own-child
38232,Unmarried
28760,Not-in-family
38543,Husband
44418,Not-in-family
19699,Husband
35505,Husband
8768,Husband
35407,Husband
9692,Wife
2723,Own-child
32434,Unmarried
43124,Not-in-family
3466,Husband
1084,Husband
21270,Husband
43239,Husband
24751,Unmarried
11745,Not-in-family
3795,Husband
7609,Own-child
18295,Not-in-family
44855,Wife
31465,Unmarried
19663,Husband
20477,Not-in-family
31815,Husband
4723,Husband
39939,Husband
33197,Husband
7658,Not-in-family
20123,Own-child
25191,Husband
29796,Husband
29164,Not-in-family
44492,Unmarried
29926,Husband
48279,Not-in-family
26254,Husband
21945,Not-in-family
13514,Husband
1431,Not-in-family
17751,Own-child
13213,Not-in-family
19897,Wife
33447,Husband
37196,Unmarried
36533,Not-in-family
47306,Husband
27352,Wife
23066,Not-in-family
25885,Not-in-family
18050,Wife
1307,Own-child
12771,Not-in-family
2783,Not-in-family
18702,Husband
11037,Own-child
31702,Husband
8701,Other-relative
44321,Husband
36279,Husband
6114,Husband
30236,Not-in-family
26140,Not-in-family
26798,Own-child
22070,Unmarried
22057,Husband
6758,Husband
24435,Husband
46885,Husband
38797,Not-in-family
29691,Not-in-family
37614,Own-child
15818,Not-in-family
18490,Own-child
35226,Husband
21617,Other-relative
15435,Husband
37658,Husband
28634,Own-child
18678,Husband
20780,Husband
315,Not-in-family
41043,Not-in-family
18685,Unmarried
18399,Husband
39813,Husband
6644,Unmarried
42125,Husband
44789,Not-in-family
39256,Not-in-family
38066,Not-in-family
14512,Husband
37628,Own-child
9529,Husband
8539,Not-in-family
37077,Own-child
33166,Other-relative
14654,Own-child
36962,Own-child
4252,Not-in-family
1444,Husband
38468,Husband
32780,Not-in-family
45387,Unmarried
5476,Own-child
6436,Other-relative
5909,Unmarried
30668,Not-in-family
16965,Husband
12465,Unmarried
42361,Own-child
9887,Not-in-family
12571,Own-child
35210,Not-in-family
30150,Own-child
19339,Other-relative
5970,Not-in-family
11535,Unmarried
43861,Husband
17658,Not-in-family
25244,Not-in-family
36809,Not-in-family
21567,Unmarried
44199,Own-child
6328,Own-child
36958,Not-in-family
45005,Not-in-family
36834,Not-in-family
4075,Husband
32095,Not-in-family
29859,Husband
8381,Unmarried
46392,Husband
41309,Not-in-family
21850,Husband
9250,Own-child
12117,Not-in-family
6403,Not-in-family
14179,Unmarried
38648,Unmarried
3418,Husband
41248,Not-in-family
849,Own-child
32054,Not-in-family
414,Husband
21955,Not-in-family
20211,Husband
22822,Own-child
13915,Own-child
6784,Not-in-family
48665,Not-in-family
29430,Not-in-family
46969,Not-in-family
16940,Not-in-family
3664,Husband
9075,Husband
20920,Not-in-family
20890,Husband
30227,Other-relative
5444,Husband
47517,Not-in-family
4463,Unmarried
5108,Husband
27817,Not-in-family
12847,Own-child
1043,Husband
12693,Husband
42803,Unmarried
21317,Not-in-family
42991,Not-in-family
28941,Not-in-family
26366,Husband
10701,Not-in-family
11175,Own-child
43310,Unmarried
7231,Own-child
20841,Not-in-family
32566,Not-in-family
47685,Own-child
46123,Husband
9341,Own-child
32791,Own-child
46462,Not-in-family
133,Husband
22046,Husband
3564,Husband
16020,Unmarried
5987,Unmarried
4042,Wife
33950,Husband
32287,Husband
47519,Husband
10550,Husband
36704,Husband
23701,Husband
487,Husband
12022,Husband
2874,Wife
10583,Husband
1087,Not-in-family
13998,Husband
46570,Other-relative
41685,Other-relative
45710,Husband
22968,Husband
7342,Husband
24615,Unmarried
22458,Wife
15909,Husband
29897,Own-child
34360,Not-in-family
13172,Not-in-family
12494,Husband
15738,Husband
39415,Husband
24604,Own-child
27001,Not-in-family
12987,Not-in-family
20417,Unmarried
14046,Unmarried
45279,Unmarried
47801,Husband
26961,Not-in-family
40143,Husband
31809,Husband
26708,Not-in-family
43992,Not-in-family
42157,Husband
36912,Own-child
685,Not-in-family
2369,Husband
21284,Own-child
24732,Husband
40800,Husband
28407,Unmarried
37246,Not-in-family
11521,Husband
2945,Own-child
29002,Husband
42729,Not-in-family
21416,Husband
41609,Unmarried
47067,Not-in-family
16600,Not-in-family
11067,Unmarried
44538,Husband
30620,Unmarried
36878,Own-child
43741,Husband
44836,Not-in-family
21525,Own-child
4866,Own-child
37409,Husband
26757,Husband
39385,Own-child
27890,Husband
46003,Husband
37581,Not-in-family
19142,Husband
440,Not-in-family
43977,Husband
45222,Not-in-family
48517,Husband
35999,Own-child
28115,Husband
3293,Husband
26059,Husband
44294,Own-child
18243,Unmarried
34859,Husband
33848,Own-child
31596,Husband
5739,Own-child
35072,Husband
14310,Unmarried
28447,Not-in-family
36646,Husband
27260,Not-in-family
36325,Not-in-family
3718,Own-child
31705,Husband
33788,Husband
40107,Own-child
17018,Husband
2205,Wife
46691,Unmarried
38016,Not-in-family
36046,Unmarried
21727,Not-in-family
26402,Not-in-family
19762,Unmarried
47757,Unmarried
44292,Husband
6741,Own-child
8631,Not-in-family
3296,Husband
4582,Not-in-family
10060,Husband
33994,Not-in-family
6967,Not-in-family
47764,Own-child
9818,Husband
39278,Not-in-family
40815,Husband
14334,Not-in-family
30009,Not-in-family
44053,Husband
37078,Husband
8424,Unmarried
22768,Not-in-family
3233,Not-in-family
21717,Not-in-family
32821,Wife
34369,Husband
5350,Own-child
31969,Other-relative
27131,Own-child
37949,Own-child
2135,Not-in-family
26303,Husband
11449,Unmarried
6262,Own-child
26136,Unmarried
23010,Husband
18341,Husband
47570,Husband
27151,Husband
6926,Own-child
36447,Not-in-family
42830,Not-in-family
37090,Husband
26177,Not-in-family
30085,Own-child
1287,Husband
11226,Not-in-family
29893,Own-child
13929,Husband
38036,Husband
34661,Husband
14858,Own-child
627,Husband
39990,Own-child
39216,Unmarried
45290,Husband
37977,Own-child
7627,Own-child
8862,Husband
47121,Not-in-family
32863,Unmarried
2838,Not-in-family
36024,Own-child
26434,Own-child
34784,Husband
35009,Husband
22564,Wife
1721,Husband
4154,Husband
43827,Own-child
13030,Unmarried
45648,Own-child
25912,Not-in-family
34780,Not-in-family
39758,Not-in-family
23169,Not-in-family
6530,Husband
37530,Not-in-family
29938,Not-in-family
42401,Not-in-family
24866,Husband
18937,Own-child
5552,Husband
27064,Own-child
11260,Husband
47738,Not-in-family
3154,Husband
43238,Husband
35733,Not-in-family
31818,Own-child
23946,Own-child
29729,Husband
5290,Husband
29830,Husband
12505,Wife
46602,Not-in-family
25495,Husband
47537,Not-in-family
9450,Not-in-family
20977,Own-child
12819,Not-in-family
16924,Husband
30639,Husband
46880,Husband
42966,Own-child
36389,Unmarried
27074,Husband
4014,Own-child
6509,Husband
35087,Unmarried
28102,Own-child
43954,Husband
42387,Own-child
30993,Not-in-family
13261,Own-child
14806,Not-in-family
31127,Own-child
41071,Husband
16172,Unmarried
18271,Husband
38812,Not-in-family
23794,Own-child
10937,Husband
20351,Own-child
28120,Husband
23007,Husband
8066,Husband
20491,Husband
14256,Not-in-family
2310,Not-in-family
28828,Unmarried
3382,Husband
1295,Husband
44092,Own-child
12948,Husband
35746,Husband
41834,Husband
1809,Unmarried
39280,Husband
14653,Own-child
25465,Husband
9774,Not-in-family
42670,Husband
17329,Husband
35410,Husband
28198,Own-child
47513,Husband
31316,Not-in-family
15206,Own-child
1075,Own-child
47832,Unmarried
24392,Not-in-family
30084,Not-in-family
8084,Husband
21840,Husband
33890,Husband
1882,Wife
9069,Not-in-family
21136,Not-in-family
12804,Husband
40264,Husband
16332,Not-in-family
13582,Husband
33143,Own-child
48119,Husband
10727,Husband
46953,Wife
5137,Wife
24903,Not-in-family
30705,Own-child
31012,Husband
17695,Own-child
25753,Unmarried
878,Husband
1171,Not-in-family
7200,Unmarried
41479,Husband
45476,Own-child
39846,Husband
45193,Husband
8303,Husband
18111,Husband
19559,Not-in-family
29788,Husband
5513,Not-in-family
29347,Husband
42763,Not-in-family
39137,Not-in-family
47275,Husband
22691,Husband
11074,Husband
5404,Husband
11222,Husband
40435,Husband
35846,Husband
18765,Own-child
27071,Husband
30614,Own-child
13572,Wife
40658,Own-child
21476,Not-in-family
16898,Own-child
35444,Husband
13989,Not-in-family
33087,Husband
35181,Not-in-family
27111,Not-in-family
40828,Husband
1200,Husband
42220,Husband
31097,Husband
37008,Unmarried
46882,Husband
30048,Not-in-family
8111,Own-child
6302,Husband
41318,Husband
17663,Not-in-family
7659,Husband
29091,Not-in-family
10775,Not-in-family
34227,Husband
10769,Husband
15634,Husband
4321,Husband
23566,Own-child
984,Not-in-family
2305,Wife
32017,Not-in-family
10861,Unmarried
17231,Husband
9721,Not-in-family
46247,Husband
29326,Own-child
23912,Husband
43076,Wife
8433,Own-child
25443,Not-in-family
44735,Husband
35061,Not-in-family
40015,Husband
46812,Wife
3968,Husband
11154,Own-child
8683,Not-in-family
13602,Unmarried
18613,Husband
8358,Unmarried
30355,Own-child
11080,Husband
27335,Husband
10973,Not-in-family
22755,Not-in-family
40033,Unmarried
17772,Husband
11422,Wife
40501,Not-in-family
11382,Husband
46490,Husband
2433,Husband
4024,Husband
3944,Husband
23578,Husband
35388,Unmarried
28915,Unmarried
35113,Wife
9811,Husband
37242,Not-in-family
43886,Unmarried
940,Unmarried
29381,Not-in-family
30646,Husband
14942,Husband
47784,Own-child
20292,Wife
7836,Not-in-family
36859,Husband
34054,Husband
44646,Husband
19773,Husband
22261,Not-in-family
5718,Husband
3202,Own-child
47278,Husband
2553,Unmarried
11366,Unmarried
26832,Wife
14839,Husband
3339,Unmarried
38408,Husband
44831,Husband
24837,Not-in-family
39744,Not-in-family
27327,Not-in-family
12661,Not-in-family
42229,Husband
18873,Not-in-family
26812,Other-relative
38635,Unmarried
8984,Not-in-family
40746,Husband
7351,Not-in-family
35831,Husband
29123,Husband
41968,Husband
36618,Not-in-family
45097,Unmarried
14124,Other-relative
48587,Own-child
9011,Other-relative
38486,Own-child
27367,Own-child
36947,Husband
16174,Husband
30654,Husband
1448,Husband
46276,Husband
13865,Not-in-family
15755,Husband
22093,Husband
2889,Husband
43933,Husband
25037,Husband
21306,Not-in-family
16471,Not-in-family
20728,Husband
2630,Not-in-family
9768,Unmarried
22102,Husband
35118,Own-child
42376,Wife
35245,Own-child
12647,Husband
39470,Husband
28860,Not-in-family
13969,Own-child
32353,Unmarried
7695,Not-in-family
41201,Wife
33477,Not-in-family
44303,Other-relative
14180,Not-in-family
20812,Own-child
14378,Not-in-family
14160,Not-in-family
6614,Husband
35030,Husband
22950,Own-child
25594,Unmarried
21494,Not-in-family
33941,Husband
33016,Not-in-family
39735,Not-in-family
17510,Own-child
18823,Not-in-family
41096,Unmarried
14863,Husband
26955,Not-in-family
2043,Husband
31373,Husband
13241,Husband
21629,Unmarried
44310,Not-in-family
22909,Husband
27088,Not-in-family
18317,Other-relative
15731,Husband
28897,Not-in-family
22765,Husband
14176,Husband
17456,Husband
4605,Own-child
45234,Husband
37718,Husband
12706,Not-in-family
38676,Husband
21065,Husband
23085,Not-in-family
30787,Husband
26783,Own-child
26908,Own-child
4403,Husband
38172,Not-in-family
41373,Not-in-family
41034,Unmarried
12124,Own-child
48242,Wife
45567,Not-in-family
27812,Own-child
16711,Not-in-family
27995,Not-in-family
44075,Husband
37204,Not-in-family
21900,Husband
14771,Not-in-family
13294,Not-in-family
21983,Husband
36206,Other-relative
26023,Husband
13838,Own-child
46204,Not-in-family
44255,Unmarried
6764,Husband
33974,Husband
6326,Unmarried
17235,Not-in-family
18117,Not-in-family
25839,Not-in-family
13678,Not-in-family
21596,Own-child
2349,Not-in-family
25250,Husband
24046,Unmarried
20332,Husband
17676,Not-in-family
13510,Husband
2616,Not-in-family
9492,Unmarried
23686,Husband
11281,Own-child
33796,Not-in-family
22423,Own-child
32382,Unmarried
17081,Own-child
38434,Not-in-family
22067,Not-in-family
43706,Unmarried
16442,Not-in-family
47054,Husband
23496,Own-child
42568,Husband
18603,Unmarried
16682,Husband
46837,Other-relative
47941,Husband
31305,Not-in-family
44856,Not-in-family
42225,Not-in-family
27021,Husband
10690,Not-in-family
28561,Husband
21965,Own-child
39440,Unmarried
16864,Not-in-family
11128,Husband
9519,Not-in-family
9302,Husband
44044,Not-in-family
9665,Own-child
41050,Wife
17011,Own-child
29904,Own-child
38123,Unmarried
25720,Husband
19182,Husband
31145,Husband
3639,Husband
16365,Wife
39230,Not-in-family
3792,Husband
4678,Not-in-family
522,Not-in-family
47858,Husband
44091,Husband
33351,Other-relative
15947,Husband
3378,Husband
44833,Husband
19399,Not-in-family
39694,Not-in-family
40752,Not-in-family
8420,Own-child
46420,Husband
33067,Own-child
48250,Wife
19594,Own-child
23137,Own-child
23046,Husband
6829,Own-child
23414,Not-in-family
48172,Husband
12453,Husband
41847,Not-in-family
42106,Not-in-family
7211,Husband
8102,Husband
28616,Husband
28810,Not-in-family
4676,Own-child
18145,Not-in-family
28071,Own-child
9133,Own-child
32904,Husband
29201,Other-relative
4640,Own-child
45767,Own-child
4799,Not-in-family
47047,Unmarried
38893,Not-in-family
45027,Husband
9905,Husband
8083,Husband
44290,Other-relative
31655,Husband
46476,Not-in-family
36739,Other-relative
44453,Husband
6080,Husband
5572,Not-in-family
15431,Husband
35415,Husband
25364,Husband
41368,Own-child
38423,Unmarried
47837,Not-in-family
36181,Own-child
6331,Wife
32489,Husband
44082,Own-child
46677,Not-in-family
9273,Husband
15429,Wife
6895,Own-child
12911,Own-child
41758,Not-in-family
4117,Own-child
2293,Husband
5191,Own-child
37730,Husband
38000,Unmarried
27291,Not-in-family
45481,Husband
45861,Husband
43691,Husband
29463,Not-in-family
5979,Not-in-family
36391,Husband
19540,Not-in-family
1648,Husband
40794,Husband
43929,Wife
3999,Husband
17105,Own-child
40117,Not-in-family
14759,Unmarried
13684,Husband
45120,Not-in-family
14996,Husband
26603,Husband
7156,Unmarried
38039,Own-child
25004,Not-in-family
21714,Other-relative
47180,Unmarried
25314,Not-in-family
6744,Husband
14276,Husband
42205,Not-in-family
6167,Not-in-family
27871,Husband
15654,Husband
17431,Husband
32159,Not-in-family
27178,Not-in-family
26970,Own-child
34680,Other-relative
34978,Unmarried
34713,Not-in-family
35161,Not-in-family
48330,Husband
29774,Husband
28729,Husband
5305,Not-in-family
24327,Wife
27490,Not-in-family
28081,Husband
21341,Husband
12726,Own-child
42043,Husband
31355,Husband
31265,Own-child
15851,Not-in-family
48803,Not-in-family
2262,Not-in-family
22487,Not-in-family
1230,Husband
30663,Husband
24442,Husband
10898,Not-in-family
31953,Wife
38155,Not-in-family
38492,Own-child
38075,Husband
14663,Own-child
30050,Own-child
22805,Unmarried
8427,Own-child
46828,Husband
15113,Not-in-family
42025,Husband
13468,Other-relative
16366,Unmarried
8482,Unmarried
18861,Not-in-family
41596,Husband
23678,Husband
3762,Not-in-family
38378,Husband
32721,Husband
15221,Wife
20549,Husband
43674,Own-child
3739,Husband
34610,Not-in-family
6225,Wife
41621,Not-in-family
20588,Own-child
45935,Not-in-family
28566,Husband
42464,Husband
47329,Husband
27967,Not-in-family
10384,Not-in-family
45430,Not-in-family
44963,Unmarried
19731,Not-in-family
47,Unmarried
41415,Unmarried
30343,Own-child
8910,Husband
3294,Unmarried
6944,Wife
41435,Not-in-family
15919,Not-in-family
25728,Own-child
25075,Unmarried
48409,Own-child
43637,Husband
7198,Husband
25233,Own-child
19473,Husband
47259,Unmarried
6820,Own-child
29813,Husband
2564,Own-child
45647,Not-in-family
42245,Husband
366,Husband
727,Not-in-family
24324,Not-in-family
19870,Wife
31939,Husband
33200,Other-relative
40844,Wife
39208,Husband
7435,Own-child
20824,Own-child
10120,Not-in-family
11855,Own-child
47546,Not-in-family
41418,Husband
2599,Husband
1091,Not-in-family
33092,Own-child
17733,Husband
10990,Not-in-family
36490,Not-in-family
47022,Husband
31093,Husband
968,Husband
22214,Husband
24040,Own-child
39068,Husband
31464,Husband
11774,Wife
21522,Unmarried
14544,Own-child
34141,Not-in-family
25978,Own-child
43594,Unmarried
33742,Unmarried
32327,Not-in-family
809,Own-child
27377,Husband
45680,Husband
34463,Own-child
19730,Husband
47299,Husband
30688,Unmarried
47456,Husband
41126,Husband
10226,Own-child
25305,Not-in-family
9892,Not-in-family
34033,Husband
26430,Not-in-family
19665,Other-relative
190,Not-in-family
2073,Husband
24167,Own-child
40814,Husband
40189,Not-in-family
47919,Not-in-family
26634,Not-in-family
24622,Own-child
26094,Not-in-family
27467,Husband
7237,Not-in-family
48799,Own-child
35437,Husband
15300,Unmarried
12165,Not-in-family
28964,Unmarried
1122,Husband
29245,Husband
29187,Unmarried
10047,Husband
33927,Own-child
16529,Not-in-family
47606,Own-child
5585,Unmarried
38544,Own-child
41611,Own-child
8917,Husband
10565,Husband
1964,Unmarried
32094,Husband
20339,Husband
40555,Unmarried
30608,Not-in-family
17023,Own-child
14469,Own-child
26469,Own-child
21038,Husband
7480,Husband
2908,Own-child
39925,Husband
35730,Husband
12380,Own-child
42360,Husband
20481,Husband
43565,Husband
46950,Husband
17855,Not-in-family
12597,Husband
18363,Own-child
45552,Wife
3525,Husband
17947,Not-in-family
8808,Husband
33904,Not-in-family
2243,Husband
16035,Not-in-family
36744,Unmarried
17487,Husband
48652,Other-relative
30643,Husband
19232,Own-child
41077,Husband
14816,Unmarried
37322,Own-child
36722,Husband
48332,Husband
2588,Husband
8630,Own-child
18769,Other-relative
30145,Husband
13862,Husband
12630,Husband
5690,Husband
22686,Not-in-family
17453,Husband
6913,Husband
5509,Husband
26738,Own-child
25055,Husband
25229,Husband
24343,Husband
18704,Husband
12783,Not-in-family
18027,Not-in-family
25387,Own-child
45273,Husband
11397,Not-in-family
20463,Not-in-family
43306,Not-in-family
36421,Husband
37652,Not-in-family
19302,Husband
10251,Unmarried
1558,Not-in-family
38302,Own-child
22365,Not-in-family
40164,Husband
25778,Not-in-family
36483,Husband
3180,Husband
14517,Husband
38836,Husband
31942,Own-child
18285,Husband
31574,Own-child
12178,Other-relative
3850,Husband
16213,Own-child
28600,Own-child
25334,Own-child
22868,Husband
31932,Not-in-family
27056,Own-child
36309,Husband
30366,Husband
43133,Husband
35107,Own-child
24995,Husband
18640,Not-in-family
42390,Husband
11744,Husband
37321,Own-child
32506,Husband
33068,Husband
33461,Husband
44253,Husband
12688,Husband
28562,Husband
18904,Own-child
39835,Wife
46652,Husband
24856,Unmarried
15628,Not-in-family
17926,Unmarried
21439,Not-in-family
12129,Other-relative
8367,Husband
16674,Not-in-family
39715,Own-child
41555,Not-in-family
32655,Not-in-family
21989,Own-child
27691,Unmarried
25799,Husband
20801,Husband
3008,Other-relative
34648,Husband
37815,Unmarried
22803,Unmarried
30826,Not-in-family
6379,Not-in-family
36565,Husband
16790,Husband
37217,Husband
16268,Husband
23904,Husband
14529,Husband
40615,Not-in-family
821,Not-in-family
35430,Not-in-family
37601,Husband
47736,Own-child
42509,Husband
2557,Not-in-family
32334,Not-in-family
19683,Husband
45374,Own-child
11845,Husband
20753,Husband
46312,Own-child
19154,Husband
21564,Husband
44412,Not-in-family
34102,Unmarried
34329,Own-child
3163,Wife
36475,Own-child
47894,Own-child
41367,Not-in-family
5005,Husband
35176,Husband
23841,Husband
13458,Husband
17627,Not-in-family
37536,Not-in-family
6257,Own-child
12854,Husband
6000,Husband
3398,Husband
27157,Unmarried
641,Husband
27855,Unmarried
40867,Husband
6629,Unmarried
16290,Own-child
375,Own-child
19666,Own-child
46832,Unmarried
17060,Husband
48646,Husband
31042,Husband
10509,Own-child
36216,Husband
9453,Husband
2710,Husband
17473,Not-in-family
34495,Not-in-family
29925,Husband
43532,Wife
13973,Not-in-family
15870,Husband
11450,Husband
16448,Unmarried
9732,Husband
4687,Unmarried
44157,Not-in-family
47317,Husband
32001,Husband
44886,Husband
3618,Own-child
41015,Not-in-family
41275,Unmarried
30816,Not-in-family
6807,Wife
47593,Husband
46687,Wife
34765,Not-in-family
1120,Husband
2545,Not-in-family
34747,Husband
15162,Not-in-family
26038,Husband
29912,Own-child
4092,Own-child
37842,Wife
12245,Not-in-family
29821,Not-in-family
27241,Not-in-family
698,Own-child
15026,Husband
39308,Husband
32677,Husband
39238,Husband
36689,Husband
29501,Husband
42653,Own-child
44879,Not-in-family
12168,Unmarried
20654,Not-in-family
31506,Unmarried
45391,Own-child
44236,Husband
19720,Unmarried
14322,Not-in-family
44951,Own-child
46221,Husband
27093,Own-child
44114,Not-in-family
46346,Own-child
45393,Husband
40214,Not-in-family
10210,Husband
15099,Husband
32306,Other-relative
46198,Own-child
19107,Not-in-family
25767,Unmarried
5331,Own-child
20969,Not-in-family
33146,Own-child
42171,Own-child
42123,Husband
1837,Husband
28417,Husband
11337,Unmarried
41534,Own-child
11140,Own-child
2903,Husband
19409,Own-child
45843,Not-in-family
1071,Husband
25019,Husband
8533,Not-in-family
40912,Husband
19694,Not-in-family
9212,Not-in-family
47424,Unmarried
2247,Not-in-family
44034,Husband
7869,Not-in-family
43211,Not-in-family
4235,Not-in-family
32763,Not-in-family
18426,Unmarried
2637,Wife
27761,Unmarried
25889,Not-in-family
22039,Own-child
16991,Wife
35119,Unmarried
25963,Husband
8052,Husband
26310,Wife
36223,Not-in-family
12578,Husband
19996,Husband
23606,Own-child
36762,Not-in-family
41449,Not-in-family
21011,Other-relative
42893,Not-in-family
18723,Own-child
35872,Husband
15223,Unmarried
4052,Not-in-family
42437,Other-relative
18461,Own-child
18242,Own-child
17104,Own-child
15111,Husband
6281,Husband
38884,Own-child
31003,Husband
676,Own-child
29949,Husband
15028,Husband
9483,Unmarried
30613,Own-child
37465,Not-in-family
12523,Husband
14279,Husband
21304,Unmarried
14667,Unmarried
33428,Husband
26027,Not-in-family
36824,Husband
23251,Unmarried
11384,Not-in-family
3991,Own-child
36587,Unmarried
23101,Husband
4950,Husband
35594,Husband
10855,Husband
34614,Husband
34483,Own-child
33636,Husband
8923,Own-child
39161,Husband
24623,Own-child
9645,Unmarried
35641,Other-relative
30855,Husband
4614,Husband
6352,Husband
45373,Unmarried
8961,Husband
8079,Husband
44337,Unmarried
23940,Not-in-family
5791,Husband
15978,Own-child
21599,Husband
8651,Husband
35301,Own-child
35350,Not-in-family
16148,Own-child
43833,Not-in-family
24267,Not-in-family
45826,Husband
48314,Not-in-family
40575,Not-in-family
1364,Not-in-family
24184,Husband
6674,Husband
21196,Own-child
31324,Not-in-family
48535,Own-child
43963,Husband
35067,Not-in-family
15401,Unmarried
20440,Husband
1049,Husband
27336,Husband
7181,Not-in-family
23076,Own-child
23660,Not-in-family
7199,Not-in-family
24191,Husband
9350,Unmarried
43241,Husband
23221,Own-child
6428,Own-child
46563,Unmarried
24509,Husband
44061,Husband
9493,Husband
28630,Own-child
5777,Husband
23392,Unmarried
3646,Wife
854,Own-child
9195,Not-in-family
28457,Unmarried
13059,Husband
21209,Husband
41294,Husband
12150,Own-child
28722,Not-in-family
12035,Husband
15257,Not-in-family
28243,Husband
43295,Not-in-family
9705,Husband
26359,Not-in-family
24997,Own-child
6524,Unmarried
35134,Not-in-family
12977,Husband
39378,Unmarried
11440,Not-in-family
12314,Wife
33294,Own-child
39048,Not-in-family
10174,Own-child
27181,Husband
28413,Not-in-family
6747,Own-child
45330,Own-child
45745,Husband
37331,Not-in-family
44011,Husband
15912,Not-in-family
2139,Husband
34854,Husband
3112,Own-child
19167,Unmarried
10402,Not-in-family
23725,Husband
11210,Unmarried
9398,Own-child
38304,Own-child
22816,Unmarried
44182,Husband
12559,Unmarried
7846,Husband
8184,Husband
19002,Husband
5750,Unmarried
36430,Not-in-family
46629,Husband
6381,Husband
19523,Husband
32461,Not-in-family
42513,Not-in-family
17204,Own-child
29520,Husband
25607,Unmarried
40651,Not-in-family
48000,Husband
37304,Husband
798,Not-in-family
27787,Husband
19082,Husband
29700,Husband
21228,Unmarried
13341,Not-in-family
30191,Not-in-family
2675,Husband
27981,Not-in-family
39188,Wife
2484,Husband
8918,Husband
5479,Husband
43638,Not-in-family
23811,Own-child
18850,Wife
29092,Husband
7215,Husband
47559,Not-in-family
15144,Not-in-family
45148,Husband
30311,Husband
21646,Not-in-family
13977,Husband
30749,Husband
37985,Not-in-family
27145,Not-in-family
2994,Husband
25580,Not-in-family
9284,Husband
19456,Husband
37538,Unmarried
3958,Husband
21896,Own-child
28063,Husband
689,Other-relative
27286,Wife
45194,Husband
30568,Own-child
33741,Not-in-family
22735,Wife
17986,Husband
39114,Own-child
12760,Own-child
8028,Own-child
5031,Husband
33315,Not-in-family
8076,Husband
6538,Not-in-family
18971,Not-in-family
4206,Not-in-family
30307,Own-child
22410,Not-in-family
14316,Own-child
48195,Own-child
47672,Own-child
36188,Unmarried
46975,Husband
23443,Not-in-family
7681,Husband
30372,Husband
25967,Husband
14063,Husband
37765,Not-in-family
15234,Not-in-family
29583,Husband
23824,Husband
41986,Not-in-family
25958,Unmarried
24115,Not-in-family
45681,Not-in-family
44167,Not-in-family
2835,Own-child
26951,Wife
13146,Husband
8266,Husband
26075,Not-in-family
14760,Husband
8993,Not-in-family
7916,Not-in-family
47883,Not-in-family
29647,Husband
10018,Own-child
17278,Not-in-family
18590,Husband
19195,Not-in-family
32120,Own-child
12846,Unmarried
4389,Husband
46132,Husband
14285,Husband
36745,Husband
32111,Husband
15497,Husband
227,Husband
42545,Unmarried
21477,Own-child
45353,Own-child
17489,Husband
31254,Husband
7981,Own-child
38576,Unmarried
45265,Not-in-family
12889,Husband
13376,Unmarried
27217,Husband
41195,Not-in-family
8999,Husband
25896,Not-in-family
27738,Not-in-family
9026,Husband
30005,Husband
7919,Husband
8998,Husband
25959,Not-in-family
25521,Own-child
217,Husband
48770,Wife
23604,Unmarried
44927,Not-in-family
28177,Unmarried
5369,Husband
6205,Husband
2199,Husband
31849,Own-child
31160,Husband
15001,Husband
48234,Not-in-family
32731,Husband
9583,Not-in-family
23768,Husband
38121,Husband
42071,Husband
17017,Husband
12335,Not-in-family
35566,Not-in-family
32616,Own-child
29254,Husband
20732,Not-in-family
12339,Own-child
42348,Husband
47810,Unmarried
18447,Own-child
44447,Other-relative
41553,Husband
30689,Husband
4036,Own-child
20153,Unmarried
10296,Husband
2712,Not-in-family
32171,Not-in-family
38070,Unmarried
15328,Unmarried
22244,Own-child
25961,Husband
18408,Husband
41020,Husband
46225,Husband
30460,Unmarried
45462,Husband
5676,Other-relative
41674,Not-in-family
28584,Husband
31959,Own-child
21462,Own-child
16099,Husband
21300,Husband
40617,Husband
16672,Husband
27833,Not-in-family
18061,Not-in-family
31562,Unmarried
4402,Own-child
32601,Husband
34651,Husband
16470,Husband
22918,Not-in-family
18699,Husband
33809,Own-child
35952,Husband
41671,Husband
13620,Not-in-family
12079,Own-child
19957,Husband
38814,Husband
28701,Husband
11952,Wife
6423,Wife
19099,Not-in-family
32389,Husband
44774,Own-child
9942,Husband
1080,Unmarried
28062,Husband
18303,Husband
23174,Husband
35082,Husband
39320,Husband
8458,Husband
21562,Husband
37191,Husband
26777,Unmarried
28840,Not-in-family
44845,Husband
47642,Own-child
12430,Not-in-family
6846,Wife
41817,Husband
44676,Husband
36304,Unmarried
39525,Husband
15914,Not-in-family
12134,Husband
31447,Husband
26457,Husband
32624,Own-child
39703,Not-in-family
30165,Husband
36267,Own-child
25866,Husband
13489,Unmarried
6553,Unmarried
25854,Husband
22383,Other-relative
28718,Husband
41878,Husband
43169,Husband
16409,Husband
29655,Husband
39806,Husband
26803,Husband
17654,Husband
32645,Husband
4986,Own-child
3537,Not-in-family
17829,Not-in-family
47714,Unmarried
33836,Not-in-family
18700,Own-child
32140,Other-relative
7806,Husband
35546,Husband
33156,Not-in-family
26341,Not-in-family
45201,Husband
40783,Husband
6953,Unmarried
32077,Husband
33420,Husband
2117,Not-in-family
33007,Husband
18431,Husband
14502,Not-in-family
24051,Own-child
29345,Not-in-family
34592,Wife
31642,Husband
16441,Not-in-family
12384,Not-in-family
48345,Husband
26034,Husband
186,Not-in-family
42051,Husband
43602,Not-in-family
16693,Husband
4625,Husband
22539,Husband
12031,Husband
2185,Other-relative
44421,Not-in-family
12698,Own-child
4141,Not-in-family
35039,Husband
36171,Husband
48021,Own-child
3608,Own-child
35266,Husband
20021,Own-child
8608,Not-in-family
10619,Husband
31589,Husband
30839,Husband
21630,Husband
37050,Wife
2895,Unmarried
33049,Not-in-family
47361,Wife
31923,Unmarried
25744,Not-in-family
16389,Husband
10536,Own-child
46668,Not-in-family
13081,Husband
14183,Own-child
28299,Not-in-family
44520,Husband
41428,Husband
11254,Husband
45033,Not-in-family
12349,Wife
22610,Husband
22336,Own-child
14878,Wife
23894,Unmarried
8937,Husband
30581,Unmarried
16938,Husband
2449,Own-child
3900,Husband
15227,Not-in-family
16147,Not-in-family
12106,Not-in-family
30254,Not-in-family
44904,Husband
18616,Own-child
25144,Not-in-family
21215,Husband
46865,Husband
35343,Not-in-family
41396,Own-child
18939,Husband
25617,Unmarried
29627,Not-in-family
1634,Husband
6041,Not-in-family
17353,Husband
21438,Own-child
44172,Not-in-family
35936,Not-in-family
38718,Own-child
12221,Own-child
3216,Husband
14249,Not-in-family
21852,Husband
21540,Unmarried
11725,Husband
39801,Own-child
241,Wife
14944,Husband
13680,Husband
26076,Husband
11862,Own-child
48464,Own-child
31989,Own-child
18393,Not-in-family
48439,Not-in-family
37864,Not-in-family
46879,Wife
32101,Unmarried
35749,Own-child
28412,Wife
7729,Unmarried
26370,Not-in-family
9736,Husband
48268,Not-in-family
21107,Not-in-family
37855,Wife
42138,Husband
19397,Unmarried
839,Not-in-family
45627,Husband
38295,Wife
45292,Not-in-family
45368,Husband
45434,Husband
8626,Not-in-family
31636,Wife
40959,Husband
14300,Husband
37070,Own-child
8857,Not-in-family
14963,Wife
39555,Own-child
14130,Own-child
26102,Other-relative
39675,Not-in-family
33118,Husband
39596,Husband
18607,Not-in-family
35424,Not-in-family
11574,Not-in-family
8542,Own-child
12990,Husband
42433,Unmarried
2078,Own-child
39585,Unmarried
7265,Husband
37915,Not-in-family
34589,Husband
30931,Husband
48726,Husband
48264,Not-in-family
11893,Not-in-family
5498,Not-in-family
37267,Husband
16612,Not-in-family
23524,Not-in-family
16664,Own-child
29966,Own-child
12181,Husband
8061,Not-in-family
38934,Husband
37240,Husband
37848,Husband
37605,Own-child
47335,Husband
5763,Own-child
8295,Own-child
8188,Husband
16919,Wife
19525,Husband
18091,Husband
1186,Own-child
16906,Husband
469,Wife
3771,Own-child
12365,Husband
25388,Own-child
22921,Own-child
41843,Unmarried
40391,Husband
22842,Unmarried
43126,Not-in-family
3062,Husband
14621,Not-in-family
35403,Husband
33918,Husband
27156,Husband
6555,Husband
41717,Unmarried
26357,Own-child
36974,Not-in-family
46915,Not-in-family
34770,Not-in-family
42188,Husband
25824,Husband
7257,Husband
39186,Unmarried
1198,Own-child
20245,Not-in-family
22872,Husband
44481,Own-child
237,Husband
43174,Not-in-family
17268,Husband
41638,Husband
2234,Husband
18535,Not-in-family
12039,Husband
628,Husband
3730,Not-in-family
11091,Husband
23939,Husband
10950,Unmarried
17016,Not-in-family
28356,Husband
4266,Husband
20286,Not-in-family
19468,Other-relative
37270,Husband
43945,Husband
10204,Not-in-family
9210,Wife
21344,Wife
46958,Husband
24888,Unmarried
40974,Husband
24965,Not-in-family
24100,Husband
26736,Not-in-family
20722,Husband
42443,Own-child
46900,Not-in-family
13123,Husband
19680,Husband
28949,Own-child
41991,Husband
24121,Own-child
18502,Husband
47562,Husband
47887,Husband
17328,Own-child
14670,Not-in-family
10103,Own-child
9038,Husband
34877,Husband
36944,Unmarried
32299,Husband
43410,Not-in-family
20026,Husband
793,Not-in-family
21409,Husband
35299,Husband
16468,Not-in-family
24406,Own-child
45618,Not-in-family
33713,Husband
42621,Not-in-family
6458,Unmarried
18832,Own-child
25477,Husband
18468,Husband
680,Own-child
9179,Husband
4250,Own-child
16230,Unmarried
47496,Own-child
44486,Husband
44580,Not-in-family
9530,Own-child
8899,Not-in-family
42999,Own-child
39878,Unmarried
5661,Own-child
26787,Husband
10738,Husband
43984,Husband
21801,Not-in-family
4670,Husband
5342,Husband
28710,Own-child
31274,Husband
25888,Husband
36213,Not-in-family
26186,Husband
19650,Not-in-family
25259,Husband
7883,Husband
12946,Not-in-family
26334,Not-in-family
29571,Husband
18910,Husband
16043,Own-child
46777,Own-child
29165,Wife
34654,Own-child
8893,Wife
27346,Husband
29785,Not-in-family
47882,Husband
3935,Own-child
2062,Own-child
1354,Not-in-family
13130,Wife
16446,Husband
24020,Own-child
19705,Husband
14869,Other-relative
35522,Own-child
37668,Husband
47305,Not-in-family
3796,Not-in-family
35000,Husband
44366,Husband
24441,Not-in-family
43110,Not-in-family
30840,Husband
35613,Husband
36476,Own-child
40353,Husband
32834,Not-in-family
14015,Husband
21944,Wife
16719,Husband
22904,Own-child
18132,Husband
25286,Husband
25546,Not-in-family
6465,Husband
6494,Unmarried
31876,Husband
39808,Husband
18762,Own-child
34914,Husband
15364,Husband
650,Own-child
34020,Husband
38088,Own-child
35376,Husband
31369,Husband
21915,Husband
16327,Husband
5936,Not-in-family
45818,Husband
38483,Husband
42115,Unmarried
26247,Husband
32968,Not-in-family
28173,Not-in-family
13683,Husband
44601,Own-child
46364,Own-child
15145,Husband
37085,Husband
21999,Own-child
3989,Own-child
18100,Husband
10882,Husband
39319,Own-child
32359,Other-relative
28402,Not-in-family
30591,Unmarried
29879,Not-in-family
21786,Own-child
38726,Not-in-family
16333,Wife
7895,Unmarried
10629,Unmarried
17282,Own-child
17785,Unmarried
30684,Husband
48837,Not-in-family
21551,Husband
46544,Unmarried
40009,Husband
45768,Not-in-family
39041,Unmarried
19852,Husband
4201,Husband
5960,Own-child
2332,Husband
31102,Unmarried
38478,Not-in-family
19924,Husband
25291,Husband
22382,Not-in-family
2818,Not-in-family
36219,Other-relative
14271,Not-in-family
39646,Husband
3891,Own-child
19714,Own-child
27504,Wife
1877,Husband
18531,Husband
17529,Not-in-family
10206,Own-child
40408,Husband
40682,Not-in-family
31137,Not-in-family
34702,Husband
5177,Not-in-family
17560,Not-in-family
11892,Own-child
25319,Unmarried
2030,Wife
3015,Not-in-family
45803,Husband
30235,Husband
32994,Not-in-family
15562,Not-in-family
2416,Husband
36298,Husband
44803,Own-child
43129,Own-child
42739,Not-in-family
29781,Not-in-family
22137,Husband
25954,Husband
41090,Not-in-family
7661,Own-child
7251,Own-child
42322,Husband
21331,Husband
8997,Unmarried
15485,Husband
30040,Not-in-family
35803,Husband
27061,Not-in-family
42857,Not-in-family
13566,Husband
7046,Husband
10196,Not-in-family
6835,Unmarried
23922,Husband
11044,Husband
26768,Own-child
40358,Not-in-family
39719,Own-child
1664,Husband
23499,Husband
43787,Not-in-family
1802,Not-in-family
41961,Not-in-family
40304,Own-child
20673,Unmarried
23879,Husband
38957,Husband
3022,Husband
20415,Not-in-family
44878,Husband
1499,Not-in-family
17258,Own-child
25409,Own-child
37388,Own-child
41994,Husband
48669,Not-in-family
17310,Not-in-family
38351,Husband
9029,Husband
16681,Husband
32483,Not-in-family
39412,Own-child
13690,Not-in-family
37619,Husband
6081,Not-in-family
39159,Own-child
14510,Unmarried
7354,Husband
14020,Not-in-family
14901,Husband
12341,Husband
35677,Husband
10207,Not-in-family
25673,Husband
9869,Not-in-family
6726,Not-in-family
29906,Other-relative
45073,Husband
22668,Husband
29929,Husband
48124,Unmarried
17009,Not-in-family
21932,Unmarried
31484,Not-in-family
46701,Not-in-family
10134,Unmarried
25084,Husband
34076,Husband
48285,Unmarried
2035,Unmarried
37970,Husband
31115,Unmarried
172,Husband
39091,Husband
5119,Unmarried
33960,Husband
42040,Unmarried
18290,Not-in-family
22847,Husband
26037,Husband
6887,Own-child
32485,Wife
5545,Own-child
33881,Husband
1635,Husband
27375,Not-in-family
12516,Husband
33056,Husband
18510,Own-child
28516,Husband
42215,Husband
3737,Other-relative
42865,Husband
30114,Other-relative
7282,Not-in-family
10906,Husband
45124,Not-in-family
27066,Unmarried
40874,Husband
21565,Husband
16628,Not-in-family
13366,Husband
18213,Own-child
40241,Husband
38209,Unmarried
8006,Own-child
32295,Husband
10447,Not-in-family
40535,Husband
40738,Husband
40197,Husband
44336,Husband
32370,Not-in-family
22585,Not-in-family
26123,Husband
44623,Husband
31972,Husband
17439,Not-in-family
2523,Unmarried
6839,Wife
46474,Husband
4287,Husband
37872,Husband
27740,Husband
28924,Husband
16881,Husband
28099,Wife
11129,Husband
47821,Own-child
35334,Own-child
15560,Husband
11330,Wife
18626,Not-in-family
39397,Husband
44104,Not-in-family
23967,Wife
37832,Not-in-family
29179,Own-child
17918,Not-in-family
27666,Not-in-family
45751,Other-relative
5717,Husband
32456,Not-in-family
10949,Own-child
30213,Unmarried
28319,Own-child
10318,Husband
12049,Husband
26224,Own-child
9479,Unmarried
13697,Own-child
6534,Own-child
32715,Husband
876,Unmarried
4148,Husband
41060,Husband
27815,Not-in-family
23247,Own-child
45605,Husband
18857,Own-child
30037,Husband
779,Not-in-family
16539,Husband
19948,Unmarried
29964,Not-in-family
23858,Husband
39807,Unmarried
16343,Not-in-family
18922,Unmarried
26455,Husband
9322,Own-child
8116,Not-in-family
4119,Husband
28419,Husband
4188,Husband
6584,Not-in-family
33323,Not-in-family
32802,Husband
28608,Not-in-family
2097,Not-in-family
16577,Husband
34266,Husband
34084,Unmarried
43292,Husband
19234,Unmarried
28515,Not-in-family
27550,Husband
33581,Wife
21598,Husband
8270,Husband
43574,Own-child
34364,Not-in-family
5764,Husband
20767,Husband
32656,Own-child
26831,Husband
6958,Unmarried
23311,Not-in-family
21391,Not-in-family
400,Own-child
33132,Not-in-family
32410,Not-in-family
17742,Own-child
16032,Husband
32290,Not-in-family
3714,Other-relative
11200,Husband
45209,Unmarried
43312,Husband
21352,Husband
13233,Husband
44815,Own-child
48197,Husband
17516,Husband
15276,Not-in-family
8784,Own-child
38451,Husband
31697,Husband
11214,Not-in-family
37017,Husband
35580,Own-child
4230,Husband
16514,Unmarried
44753,Husband
48690,Not-in-family
8926,Husband
25185,Not-in-family
38512,Husband
31292,Not-in-family
40943,Own-child
15504,Own-child
12278,Husband
29734,Own-child
14342,Husband
19313,Unmarried
7182,Not-in-family
48772,Unmarried
26437,Husband
39158,Own-child
26022,Husband
39565,Husband
43307,Husband
8317,Own-child
23339,Husband
18398,Husband
8787,Own-child
37767,Not-in-family
26126,Other-relative
43570,Husband
37579,Not-in-family
785,Not-in-family
34611,Own-child
25246,Husband
2160,Husband
1190,Not-in-family
19354,Not-in-family
19293,Other-relative
8398,Own-child
31430,Husband
11143,Unmarried
16022,Husband
32018,Own-child
24422,Not-in-family
23328,Own-child
6497,Husband
30528,Husband
8856,Husband
22455,Husband
37506,Husband
7770,Husband
37167,Unmarried
12713,Husband
24769,Not-in-family
16624,Own-child
11016,Not-in-family
41890,Other-relative
42052,Other-relative
43210,Husband
12069,Other-relative
30523,Own-child
41719,Not-in-family
27519,Husband
32091,Not-in-family
27610,Husband
18930,Husband
4833,Husband
19001,Husband
46624,Not-in-family
12147,Own-child
16512,Husband
45274,Husband
6708,Husband
45012,Unmarried
12704,Husband
137,Wife
44027,Husband
33348,Husband
12401,Own-child
18746,Not-in-family
21859,Husband
11396,Not-in-family
29530,Wife
34456,Unmarried
29810,Own-child
6409,Own-child
26547,Not-in-family
43509,Husband
21203,Husband
7051,Husband
31156,Own-child
30207,Husband
36792,Husband
10413,Husband
5631,Husband
9270,Husband
13077,Husband
16941,Not-in-family
30652,Not-in-family
34171,Other-relative
39509,Own-child
47529,Husband
2365,Not-in-family
25018,Husband
3528,Own-child
47629,Husband
19425,Wife
47020,Not-in-family
23112,Own-child
45284,Not-in-family
5998,Not-in-family
23921,Husband
8435,Own-child
29173,Husband
39754,Wife
28780,Not-in-family
23306,Own-child
12094,Not-in-family
36751,Not-in-family
40631,Not-in-family
11985,Wife
43530,Wife
23601,Not-in-family
17815,Husband
29221,Unmarried
33617,Own-child
1653,Husband
48080,Own-child
29103,Husband
33843,Own-child
45835,Husband
36945,Not-in-family
1547,Husband
31068,Own-child
2066,Husband
31092,Husband
30335,Own-child
14029,Own-child
43390,Other-relative
48731,Not-in-family
48194,Husband
7220,Own-child
8702,Own-child
20297,Not-in-family
17125,Not-in-family
47053,Not-in-family
11644,Not-in-family
8418,Not-in-family
13244,Not-in-family
28812,Husband
9414,Husband
21255,Husband
22257,Husband
45319,Unmarried
2938,Wife
7430,Not-in-family
39729,Husband
28185,Husband
5691,Not-in-family
7771,Husband
45915,Wife
9230,Unmarried
336,Other-relative
31652,Husband
26637,Wife
46413,Husband
27917,Unmarried
5194,Husband
40836,Not-in-family
22236,Husband
44660,Not-in-family
22759,Husband
6782,Not-in-family
40621,Not-in-family
25114,Husband
22267,Unmarried
28842,Not-in-family
30483,Unmarried
33963,Husband
10382,Husband
13219,Other-relative
9544,Not-in-family
31785,Own-child
31476,Own-child
17850,Unmarried
11798,Husband
43811,Husband
10093,Husband
21753,Not-in-family
12564,Husband
45519,Not-in-family
35229,Other-relative
15592,Husband
26205,Own-child
8043,Not-in-family
12547,Husband
38912,Husband
35839,Not-in-family
13938,Own-child
5680,Husband
1138,Husband
26206,Husband
22127,Husband
25550,Own-child
3334,Own-child
21664,Husband
27114,Unmarried
25343,Unmarried
2498,Husband
37126,Husband
24296,Unmarried
9159,Not-in-family
44850,Unmarried
36191,Wife
44282,Own-child
12434,Own-child
32319,Not-in-family
37928,Not-in-family
28451,Husband
18425,Not-in-family
28874,Not-in-family
2437,Not-in-family
795,Other-relative
14871,Husband
12840,Unmarried
1588,Own-child
8755,Not-in-family
40965,Husband
43277,Husband
17533,Husband
36605,Husband
5944,Not-in-family
20500,Not-in-family
23895,Husband
9228,Husband
35254,Not-in-family
16996,Not-in-family
22964,Husband
40927,Husband
13375,Not-in-family
24009,Own-child
5614,Not-in-family
20619,Husband
47367,Not-in-family
10101,Not-in-family
46246,Husband
21005,Husband
24801,Husband
15446,Not-in-family
7470,Not-in-family
46055,Husband
7904,Husband
7236,Own-child
17344,Husband
29476,Husband
32401,Other-relative
2443,Other-relative
36918,Not-in-family
13006,Not-in-family
30448,Husband
9096,Husband
16236,Not-in-family
28739,Husband
35700,Not-in-family
39581,Not-in-family
39462,Own-child
9359,Husband
10636,Not-in-family
24502,Not-in-family
42812,Not-in-family
30340,Husband
36511,Own-child
14388,Other-relative
36987,Unmarried
36784,Not-in-family
12932,Husband
43193,Not-in-family
18759,Own-child
3186,Husband
13023,Husband
27275,Own-child
1582,Husband
28657,Own-child
2026,Husband
9156,Wife
6551,Own-child
31667,Not-in-family
34569,Husband
8404,Not-in-family
42240,Not-in-family
6203,Unmarried
31938,Husband
28054,Not-in-family
18084,Husband
9807,Not-in-family
48543,Not-in-family
7468,Wife
5186,Husband
8412,Husband
48106,Not-in-family
42126,Husband
36903,Husband
43922,Not-in-family
48658,Husband
23817,Not-in-family
14225,Husband
6852,Own-child
30895,Not-in-family
29857,Husband
44436,Husband
5514,Not-in-family
23873,Husband
34863,Husband
17775,Not-in-family
13263,Husband
36807,Not-in-family
10801,Husband
4219,Not-in-family
26087,Husband
42448,Other-relative
12300,Husband
7649,Husband
3412,Husband
38973,Not-in-family
36158,Husband
23199,Other-relative
2964,Own-child
14016,Husband
29987,Not-in-family
28723,Husband
15135,Husband
28106,Own-child
41972,Not-in-family
24164,Husband
44102,Husband
27675,Unmarried
33584,Not-in-family
38361,Husband
35131,Not-in-family
4746,Not-in-family
33643,Husband
6709,Not-in-family
34628,Not-in-family
21001,Not-in-family
33236,Own-child
8251,Unmarried
5917,Husband
35383,Husband
41852,Own-child
19008,Husband
14576,Not-in-family
23788,Husband
844,Husband
22153,Husband
1875,Husband
25126,Husband
26317,Husband
48466,Husband
4915,Own-child
45893,Not-in-family
16272,Husband
37252,Husband
16735,Own-child
34445,Husband
29986,Husband
14242,Not-in-family
44888,Other-relative
44678,Husband
23404,Husband
22967,Not-in-family
43804,Husband
4846,Husband
48066,Husband
281,Husband
23069,Not-in-family
13597,Husband
15717,Unmarried
13699,Own-child
36236,Not-in-family
24012,Not-in-family
45905,Own-child
27118,Husband
31986,Husband
1125,Own-child
41319,Husband
7044,Husband
11292,Husband
47137,Other-relative
8733,Own-child
18611,Not-in-family
36104,Not-in-family
41787,Unmarried
26763,Husband
9033,Husband
41761,Husband
7779,Own-child
13037,Husband
17188,Unmarried
17054,Not-in-family
47959,Husband
39391,Unmarried
40966,Not-in-family
4031,Husband
23426,Husband
11229,Not-in-family
31930,Own-child
39438,Husband
27119,Unmarried
1292,Husband
8141,Not-in-family
10872,Not-in-family
17542,Not-in-family
24852,Unmarried
33981,Husband
31663,Own-child
26099,Own-child
20320,Other-relative
40440,Husband
2363,Own-child
35458,Husband
9164,Husband
31366,Unmarried
27419,Own-child
41065,Husband
35683,Own-child
4474,Husband
9215,Husband
25170,Not-in-family
2020,Wife
37858,Husband
17402,Not-in-family
18988,Own-child
22736,Unmarried
40445,Not-in-family
15550,Husband
8907,Own-child
32672,Husband
17494,Wife
46237,Not-in-family
47665,Unmarried
38316,Not-in-family
39503,Husband
15603,Own-child
9677,Own-child
37066,Husband
17731,Own-child
10722,Unmarried
3993,Own-child
40167,Husband
21083,Husband
1324,Husband
42843,Husband
38053,Not-in-family
21973,Husband
7184,Husband
42076,Husband
25352,Not-in-family
15668,Husband
11040,Husband
12216,Husband
11930,Husband
22446,Unmarried
19247,Husband
16200,Other-relative
14408,Own-child
39296,Husband
34636,Not-in-family
36398,Husband
24034,Husband
21073,Not-in-family
27089,Not-in-family
38527,Own-child
11223,Husband
38775,Not-in-family
16828,Own-child
12617,Husband
18200,Not-in-family
23831,Unmarried
43648,Husband
19645,Husband
25323,Wife
42767,Husband
21920,Husband
1736,Other-relative
4759,Unmarried
9804,Own-child
29870,Not-in-family
36763,Husband
30725,Not-in-family
17622,Husband
37537,Own-child
8958,Husband
46227,Own-child
37455,Husband
36771,Husband
23868,Husband
20239,Not-in-family
15261,Not-in-family
32638,Husband
10501,Own-child
7541,Husband
1548,Husband
2047,Not-in-family
9957,Not-in-family
33593,Husband
31020,Husband
33179,Husband
13490,Not-in-family
22700,Husband
48789,Husband
31747,Not-in-family
15742,Not-in-family
13187,Husband
32375,Husband
21735,Husband
33375,Husband
30280,Husband
14066,Other-relative
14189,Unmarried
27852,Unmarried
38702,Own-child
16229,Not-in-family
19854,Not-in-family
15986,Not-in-family
14955,Unmarried
36705,Own-child
4683,Not-in-family
14805,Own-child
38312,Husband
42971,Not-in-family
8108,Own-child
42961,Unmarried
14902,Unmarried
12217,Not-in-family
34079,Own-child
5765,Wife
41870,Unmarried
39717,Unmarried
22858,Not-in-family
9332,Not-in-family
39995,Unmarried
47611,Own-child
28984,Own-child
4205,Own-child
33126,Not-in-family
4697,Other-relative
26448,Own-child
1817,Unmarried
5244,Husband
40557,Husband
8570,Husband
45100,Husband
6155,Not-in-family
15379,Unmarried
42172,Own-child
28000,Unmarried
35033,Husband
33926,Own-child
3629,Husband
30649,Husband
22684,Husband
19522,Wife
22591,Not-in-family
17758,Husband
5243,Unmarried
43309,Not-in-family
19088,Husband
30617,Husband
28591,Husband
13740,Own-child
31494,Not-in-family
15103,Husband
14023,Not-in-family
6201,Not-in-family
30504,Husband
7208,Husband
22442,Not-in-family
46636,Not-in-family
10728,Not-in-family
26830,Husband
8925,Husband
24994,Husband
5768,Unmarried
8653,Husband
31474,Husband
6897,Husband
34058,Husband
500,Not-in-family
34222,Husband
11332,Own-child
20733,Wife
26328,Not-in-family
6491,Husband
36022,Husband
18884,Not-in-family
33038,Not-in-family
2150,Not-in-family
42953,Husband
26823,Wife
23167,Husband
15801,Husband
1336,Not-in-family
22957,Own-child
15638,Not-in-family
13278,Wife
26208,Husband
46688,Own-child
34568,Own-child
35806,Not-in-family
25035,Husband
37064,Not-in-family
47291,Own-child
42278,Own-child
29289,Not-in-family
26204,Other-relative
8385,Unmarried
4029,Husband
42307,Unmarried
32002,Husband
11794,Own-child
30039,Own-child
4891,Not-in-family
24670,Wife
39795,Husband
29471,Husband
20717,Not-in-family
6332,Husband
36136,Husband
5664,Unmarried
29273,Wife
34590,Own-child
36282,Unmarried
1083,Husband
21009,Husband
42020,Husband
45916,Own-child
41946,Husband
35696,Own-child
31161,Husband
4837,Not-in-family
19477,Unmarried
3429,Own-child
7805,Husband
25348,Husband
1384,Husband
651,Other-relative
2201,Husband
24172,Not-in-family
13863,Husband
40480,Husband
40291,Husband
15468,Not-in-family
9654,Unmarried
21324,Not-in-family
42176,Not-in-family
19368,Husband
5982,Own-child
40532,Husband
23899,Wife
18636,Not-in-family
4466,Wife
37268,Own-child
41377,Husband
32732,Not-in-family
30286,Husband
15443,Husband
18829,Own-child
43786,Husband
46535,Husband
44192,Own-child
4005,Husband
7632,Not-in-family
22916,Husband
6043,Own-child
43698,Unmarried
26016,Own-child
625,Own-child
37275,Husband
3557,Not-in-family
16064,Not-in-family
44600,Husband
16241,Not-in-family
2980,Not-in-family
10386,Not-in-family
37883,Husband
5288,Not-in-family
23741,Husband
39961,Husband
12756,Husband
32138,Other-relative
23514,Unmarried
46964,Not-in-family
15090,Husband
5233,Husband
26449,Not-in-family
15826,Unmarried
31695,Not-in-family
20489,Husband
26174,Not-in-family
37421,Husband
43611,Husband
13135,Own-child
48365,Unmarried
5592,Other-relative
2485,Husband
31914,Not-in-family
18062,Husband
19497,Husband
6483,Husband
43880,Other-relative
44345,Wife
12561,Unmarried
21373,Not-in-family
20485,Not-in-family
19194,Husband
24799,Wife
44308,Own-child
10638,Own-child
19654,Husband
37362,Own-child
45082,Not-in-family
21277,Own-child
40288,Husband
24114,Husband
6622,Husband
43167,Husband
8331,Own-child
46747,Husband
15147,Unmarried
10158,Not-in-family
5974,Husband
3827,Husband
33821,Husband
18082,Not-in-family
27389,Husband
22162,Husband
19927,Unmarried
41779,Husband
18754,Not-in-family
19372,Unmarried
14021,Unmarried
31150,Unmarried
24775,Not-in-family
40222,Not-in-family
28229,Husband
9203,Not-in-family
36471,Unmarried
24160,Husband
38365,Own-child
47326,Not-in-family
35541,Not-in-family
47037,Husband
31131,Own-child
1793,Not-in-family
25605,Husband
35595,Not-in-family
30259,Husband
9524,Husband
27782,Unmarried
19642,Not-in-family
18680,Husband
22555,Husband
14262,Unmarried
17001,Husband
20516,Unmarried
25830,Husband
16957,Unmarried
44004,Not-in-family
15927,Not-in-family
43884,Husband
37491,Own-child
6508,Husband
46745,Husband
30829,Own-child
12838,Own-child
21678,Own-child
5474,Wife
14011,Unmarried
46095,Not-in-family
17921,Husband
21741,Not-in-family
48430,Own-child
36743,Other-relative
22187,Husband
30401,Wife
4353,Wife
48488,Own-child
19943,Husband
3527,Husband
18663,Husband
20819,Not-in-family
38813,Unmarried
32828,Husband
14207,Husband
40873,Not-in-family
25403,Husband
4713,Unmarried
31,Own-child
8182,Husband
24298,Not-in-family
27635,Husband
46887,Unmarried
18144,Husband
13014,Own-child
48123,Not-in-family
29765,Husband
23446,Husband
6221,Not-in-family
8388,Not-in-family
18443,Husband
39770,Unmarried
31866,Own-child
43588,Not-in-family
45130,Husband
34123,Unmarried
32205,Own-child
9991,Not-in-family
6794,Wife
36339,Not-in-family
4491,Husband
27908,Husband
12323,Husband
22193,Husband
6559,Husband
28042,Not-in-family
19891,Husband
42772,Unmarried
15323,Not-in-family
10476,Husband
13505,Not-in-family
14068,Wife
19430,Not-in-family
10228,Wife
31271,Husband
26304,Not-in-family
40335,Husband
21836,Husband
15624,Unmarried
32881,Not-in-family
8731,Not-in-family
14197,Husband
29494,Unmarried
46029,Not-in-family
9331,Husband
36081,Not-in-family
28089,Own-child
39723,Unmarried
16873,Not-in-family
4407,Husband
25921,Husband
10811,Not-in-family
2137,Other-relative
33269,Husband
16245,Husband
35964,Unmarried
8046,Not-in-family
5074,Husband
34095,Wife
41550,Own-child
28938,Other-relative
44578,Not-in-family
41693,Husband
13522,Own-child
38837,Husband
4829,Unmarried
32170,Not-in-family
2398,Own-child
20815,Husband
8198,Other-relative
26052,Own-child
36688,Not-in-family
1831,Not-in-family
31864,Own-child
24455,Not-in-family
16890,Own-child
15850,Own-child
32879,Husband
23981,Husband
31630,Husband
46300,Husband
26528,Husband
36281,Not-in-family
39356,Not-in-family
46231,Husband
41467,Not-in-family
33739,Unmarried
7332,Husband
28721,Husband
14992,Husband
24420,Not-in-family
25859,Wife
18697,Husband
37774,Husband
2304,Husband
34390,Husband
5949,Own-child
1870,Husband
39077,Husband
12488,Husband
5327,Husband
1313,Unmarried
14531,Husband
24696,Husband
2218,Unmarried
9618,Unmarried
2541,Husband
26862,Husband
910,Not-in-family
42385,Unmarried
44128,Wife
653,Not-in-family
16492,Husband
25855,Husband
13297,Husband
31122,Wife
16834,Not-in-family
7506,Husband
37262,Husband
7033,Husband
3882,Husband
41095,Own-child
23493,Not-in-family
5723,Other-relative
6609,Husband
36981,Husband
32512,Own-child
37821,Husband
20988,Husband
41892,Husband
22352,Not-in-family
12229,Not-in-family
5355,Husband
6945,Husband
1077,Own-child
14059,Not-in-family
36800,Husband
34579,Other-relative
47594,Husband
24319,Husband
3906,Husband
37254,Not-in-family
6811,Not-in-family
21792,Husband
29845,Husband
43914,Husband
44033,Not-in-family
7819,Not-in-family
8008,Own-child
27339,Husband
38107,Own-child
25622,Husband
36239,Not-in-family
20971,Own-child
40210,Unmarried
31034,Not-in-family
15467,Not-in-family
19682,Not-in-family
32250,Husband
13256,Other-relative
32444,Husband
24412,Not-in-family
35575,Husband
34870,Husband
5551,Not-in-family
27535,Husband
316,Husband
21350,Other-relative
4023,Other-relative
21139,Own-child
3908,Husband
19929,Not-in-family
21263,Husband
5900,Husband
17109,Unmarried
7575,Husband
20255,Husband
46215,Other-relative
36231,Unmarried
47958,Husband
6311,Husband
16284,Husband
10451,Own-child
43097,Other-relative
36725,Not-in-family
26481,Husband
38032,Husband
29541,Wife
40726,Not-in-family
5279,Not-in-family
1050,Husband
15184,Not-in-family
9278,Not-in-family
43760,Husband
4019,Not-in-family
39178,Husband
7063,Unmarried
26540,Own-child
42922,Own-child
43153,Wife
23550,Husband
27165,Not-in-family
28298,Husband
41111,Husband
30587,Husband
30090,Husband
30353,Husband
34017,Not-in-family
43304,Unmarried
47060,Not-in-family
25435,Husband
29747,Not-in-family
12316,Husband
43959,Unmarried
14676,Husband
32717,Not-in-family
5173,Husband
358,Wife
32757,Not-in-family
35776,Husband
7605,Husband
7603,Not-in-family
12624,Not-in-family
22189,Husband
35604,Unmarried
1919,Not-in-family
41757,Not-in-family
22157,Not-in-family
1117,Husband
37261,Not-in-family
22218,Unmarried
16046,Not-in-family
48003,Husband
24085,Own-child
34675,Husband
48379,Husband
19639,Not-in-family
30284,Husband
27049,Husband
498,Not-in-family
47544,Unmarried
20401,Unmarried
41124,Not-in-family
33677,Own-child
17512,Not-in-family
14210,Husband
47251,Husband
13320,Unmarried
25311,Unmarried
20174,Own-child
8107,Unmarried
24286,Husband
48403,Unmarried
29686,Own-child
43476,Husband
33943,Not-in-family
25514,Husband
32977,Husband
41821,Husband
35830,Unmarried
5040,Not-in-family
21978,Husband
2404,Husband
3526,Own-child
23767,Not-in-family
19931,Husband
17784,Husband
19102,Own-child
10364,Unmarried
16201,Husband
2355,Husband
33320,Not-in-family
14511,Husband
21823,Husband
11695,Unmarried
41741,Own-child
673,Husband
42190,Not-in-family
14776,Husband
11102,Husband
46142,Not-in-family
20005,Husband
7857,Not-in-family
28681,Not-in-family
44281,Unmarried
10459,Husband
15351,Unmarried
32874,Unmarried
26153,Own-child
39679,Own-child
11945,Not-in-family
215,Not-in-family
20369,Not-in-family
20602,Wife
19949,Husband
45126,Other-relative
25470,Husband
10092,Not-in-family
35172,Own-child
6472,Husband
14122,Not-in-family
2517,Husband
14763,Husband
27977,Other-relative
12372,Husband
4185,Husband
10358,Not-in-family
20446,Other-relative
39443,Own-child
32943,Wife
29229,Own-child
42004,Husband
19866,Husband
35728,Other-relative
40772,Husband
31794,Husband
12096,Wife
29327,Husband
21605,Wife
21571,Own-child
13144,Husband
48375,Not-in-family
24080,Not-in-family
10803,Own-child
36124,Husband
46205,Husband
11772,Not-in-family
18069,Not-in-family
39514,Husband
21095,Unmarried
38244,Other-relative
5364,Husband
48793,Husband
25630,Husband
47668,Own-child
46131,Unmarried
7391,Husband
562,Husband
37149,Not-in-family
38174,Not-in-family
16884,Not-in-family
45781,Not-in-family
41445,Unmarried
36563,Not-in-family
34883,Own-child
35612,Wife
1685,Husband
29866,Own-child
24711,Husband
28329,Husband
30802,Husband
4404,Husband
10492,Not-in-family
30890,Husband
39629,Not-in-family
18664,Not-in-family
43202,Own-child
12926,Own-child
16457,Husband
4952,Husband
46678,Husband
17334,Husband
18106,Husband
43412,Husband
15077,Husband
3083,Own-child
42345,Husband
5951,Not-in-family
24463,Unmarried
26289,Husband
13194,Husband
22397,Not-in-family
30722,Husband
18771,Husband
1514,Husband
26308,Other-relative
29160,Husband
36472,Other-relative
8321,Husband
16908,Husband
8560,Own-child
14001,Husband
45062,Not-in-family
9180,Husband
22274,Not-in-family
44652,Husband
2272,Own-child
36065,Wife
36724,Husband
25183,Own-child
36507,Not-in-family
36010,Own-child
37716,Own-child
831,Wife
45506,Not-in-family
18418,Wife
47419,Husband
5252,Own-child
47144,Husband
38264,Husband
26284,Wife
6861,Not-in-family
1399,Husband
12047,Wife
36229,Not-in-family
35040,Own-child
34299,Unmarried
3982,Unmarried
19063,Not-in-family
2985,Own-child
45770,Husband
48148,Husband
43601,Own-child
29984,Not-in-family
6976,Not-in-family
32859,Not-in-family
2700,Own-child
47331,Not-in-family
1380,Own-child
2731,Husband
41577,Own-child
19420,Not-in-family
20642,Wife
42629,Not-in-family
41189,Other-relative
6824,Husband
2679,Unmarried
34410,Unmarried
5048,Not-in-family
6457,Husband
42551,Husband
48839,Husband
25540,Wife
26004,Husband
46211,Not-in-family
35002,Husband
41363,Husband
11642,Own-child
23836,Not-in-family
35387,Husband
43607,Own-child
20706,Not-in-family
39637,Not-in-family
24564,Not-in-family
3812,Husband
18755,Husband
22536,Husband
30316,Own-child
21624,Husband
6066,Husband
17156,Husband
27024,Unmarried
626,Husband
34944,Not-in-family
13959,Not-in-family
43020,Own-child
26905,Husband
15078,Not-in-family
44523,Husband
41868,Husband
26080,Husband
600,Not-in-family
44142,Own-child
41491,Husband
29953,Own-child
26411,Own-child
8823,Husband
5941,Wife
10482,Husband
15715,Husband
1275,Husband
607,Not-in-family
9410,Not-in-family
4883,Not-in-family
28622,Husband
24614,Wife
39360,Husband
17443,Not-in-family
12149,Unmarried
33125,Other-relative
33874,Husband
10502,Not-in-family
2626,Husband
23456,Not-in-family
32433,Husband
15381,Husband
46377,Husband
40673,Not-in-family
7304,Wife
24515,Own-child
25154,Husband
40412,Not-in-family
24497,Husband
18509,Other-relative
13693,Own-child
17246,Unmarried
36713,Own-child
16451,Husband
39398,Not-in-family
31136,Wife
5862,Husband
8105,Husband
46659,Not-in-family
30818,Unmarried
9855,Wife
32194,Unmarried
46314,Husband
11872,Unmarried
32175,Not-in-family
15574,Husband
18515,Own-child
11846,Husband
20061,Not-in-family
1048,Not-in-family
583,Husband
19862,Husband
3067,Not-in-family
20816,Husband
38547,Husband
48520,Not-in-family
44479,Husband
30168,Not-in-family
27035,Wife
30345,Not-in-family
6796,Husband
29805,Husband
23354,Husband
7318,Unmarried
35152,Husband
18729,Husband
30162,Own-child
42639,Not-in-family
2832,Husband
41475,Husband
8283,Husband
24369,Own-child
35042,Not-in-family
33325,Own-child
26906,Husband
16089,Not-in-family
36818,Unmarried
42980,Husband
7337,Husband
46993,Husband
41208,Own-child
36445,Husband
31768,Own-child
42622,Husband
29606,Not-in-family
34385,Husband
33415,Not-in-family
29129,Husband
40628,Husband
27747,Husband
15845,Not-in-family
25146,Husband
45635,Unmarried
2538,Husband
17783,Unmarried
46271,Not-in-family
5946,Husband
39768,Own-child
26573,Other-relative
30161,Unmarried
23212,Wife
10127,Husband
42748,Husband
43115,Own-child
44824,Own-child
27186,Other-relative
41715,Husband
43513,Husband
28522,Husband
18340,Other-relative
29600,Own-child
47848,Not-in-family
20368,Husband
2037,Husband
9727,Other-relative
23617,Own-child
29346,Husband
25856,Unmarried
44283,Not-in-family
24170,Husband
13020,Own-child
37,Wife
914,Own-child
41301,Husband
2308,Husband
36700,Wife
39710,Unmarried
1564,Other-relative
41893,Not-in-family
22901,Husband
20579,Husband
32441,Husband
41960,Husband
23153,Husband
24802,Own-child
7449,Unmarried
45525,Not-in-family
708,Husband
24744,Husband
6828,Not-in-family
9967,Not-in-family
8774,Husband
41297,Husband
22467,Not-in-family
4619,Other-relative
22989,Unmarried
41933,Not-in-family
23385,Own-child
43634,Not-in-family
44846,Unmarried
2052,Other-relative
32648,Husband
8741,Husband
8206,Not-in-family
38727,Husband
13134,Own-child
17770,Husband
17408,Not-in-family
48751,Husband
38538,Not-in-family
45013,Not-in-family
33752,Not-in-family
47857,Unmarried
31079,Unmarried
32980,Not-in-family
19029,Husband
8706,Unmarried
20262,Other-relative
17914,Husband
1905,Husband
43220,Husband
12753,Unmarried
24561,Husband
20014,Husband
31460,Own-child
24001,Own-child
23763,Not-in-family
4660,Not-in-family
39083,Not-in-family
27582,Husband
23164,Husband
21098,Not-in-family
24377,Not-in-family
13588,Own-child
38368,Not-in-family
40755,Husband
30339,Husband
37425,Unmarried
31320,Not-in-family
38450,Not-in-family
32935,Own-child
29317,Husband
33141,Husband
22441,Husband
19381,Husband
36261,Own-child
16793,Husband
37784,Husband
21212,Own-child
6044,Other-relative
37885,Other-relative
33773,Not-in-family
26179,Not-in-family
32936,Husband
2839,Husband
47018,Own-child
139,Husband
29482,Unmarried
36299,Not-in-family
34284,Other-relative
23541,Own-child
12089,Unmarried
38327,Husband
6141,Husband
6088,Own-child
17066,Husband
20364,Unmarried
23889,Husband
39724,Not-in-family
15062,Not-in-family
37646,Other-relative
25265,Own-child
10778,Own-child
30955,Not-in-family
14320,Husband
34169,Not-in-family
18039,Husband
11267,Not-in-family
31744,Not-in-family
15331,Not-in-family
26111,Own-child
8613,Husband
19791,Not-in-family
34237,Husband
15158,Not-in-family
26398,Husband
41518,Husband
33457,Not-in-family
6270,Husband
8720,Other-relative
30141,Not-in-family
19404,Husband
46219,Husband
37130,Not-in-family
9918,Not-in-family
14513,Wife
2442,Unmarried
43472,Not-in-family
45973,Not-in-family
24595,Not-in-family
31382,Unmarried
7460,Husband
46139,Unmarried
2188,Not-in-family
1679,Husband
6074,Unmarried
16248,Husband
41551,Not-in-family
23714,Unmarried
822,Own-child
15107,Own-child
16003,Own-child
3325,Unmarried
14648,Husband
23077,Not-in-family
21335,Own-child
24157,Not-in-family
25247,Not-in-family
14493,Unmarried
18813,Unmarried
40994,Husband
36458,Husband
4241,Not-in-family
39755,Not-in-family
37598,Unmarried
14625,Own-child
7748,Other-relative
38297,Other-relative
25258,Own-child
46045,Husband
10628,Husband
5080,Unmarried
46333,Husband
6162,Unmarried
38221,Not-in-family
22123,Husband
13053,Not-in-family
39621,Unmarried
22472,Own-child
1179,Not-in-family
42031,Husband
38290,Unmarried
42818,Own-child
40476,Husband
20433,Husband
33112,Own-child
42420,Not-in-family
23557,Unmarried
29321,Unmarried
26314,Not-in-family
41462,Husband
15617,Unmarried
3510,Not-in-family
34755,Husband
39302,Husband
18808,Not-in-family
45929,Husband
46395,Own-child
23760,Husband
13295,Husband
8060,Husband
19729,Husband
44987,Not-in-family
2753,Husband
8262,Husband
35455,Husband
14381,Husband
29214,Not-in-family
35918,Unmarried
16319,Not-in-family
6947,Not-in-family
15889,Husband
46715,Not-in-family
19415,Not-in-family
31559,Husband
34797,Not-in-family
16942,Husband
781,Not-in-family
31724,Unmarried
42204,Not-in-family
40813,Husband
29989,Husband
7383,Husband
4830,Other-relative
7461,Husband
29034,Other-relative
4027,Husband
3567,Husband
23122,Husband
25898,Husband
36419,Husband
22082,Husband
30717,Not-in-family
41299,Husband
12461,Not-in-family
23460,Husband
3511,Unmarried
20265,Not-in-family
26187,Not-in-family
26479,Husband
38127,Not-in-family
15693,Husband
40494,Husband
23347,Unmarried
20910,Husband
16797,Husband
39198,Not-in-family
21701,Wife
45117,Not-in-family
16939,Own-child
545,Not-in-family
34738,Own-child
42708,Other-relative
26468,Husband
23753,Husband
30928,Husband
30833,Wife
5953,Unmarried
35758,Husband
42343,Husband
30694,Husband
44219,Unmarried
3867,Husband
31047,Husband
14357,Not-in-family
38798,Not-in-family
35419,Husband
47128,Husband
25880,Husband
42397,Husband
46294,Not-in-family
42201,Not-in-family
24168,Husband
33661,Not-in-family
37523,Husband
26199,Husband
15326,Husband
10007,Wife
32953,Not-in-family
9103,Not-in-family
19619,Own-child
12510,Not-in-family
4645,Husband
12368,Own-child
45007,Own-child
17955,Husband
33483,Husband
13589,Own-child
13992,Husband
9697,Own-child
46347,Other-relative
22045,Not-in-family
1276,Husband
39622,Husband
16187,Unmarried
19292,Husband
47718,Husband
33144,Unmarried
27628,Unmarried
38007,Husband
7227,Not-in-family
28428,Husband
19898,Husband
33479,Husband
327,Wife
24942,Own-child
47071,Wife
38708,Own-child
28262,Other-relative
46935,Husband
28323,Not-in-family
39643,Unmarried
32766,Husband
31512,Not-in-family
9857,Husband
15956,Husband
5381,Not-in-family
3699,Not-in-family
2408,Not-in-family
10430,Own-child
12288,Husband
25309,Not-in-family
4302,Husband
531,Not-in-family
5784,Wife
34963,Husband
3044,Other-relative
2691,Husband
17736,Husband
10889,Own-child
16355,Own-child
30678,Own-child
22256,Not-in-family
43810,Husband
27067,Husband
46834,Unmarried
47548,Husband
1780,Husband
34497,Not-in-family
36492,Husband
29558,Not-in-family
30811,Not-in-family
41594,Husband
3348,Husband
48719,Husband
39695,Husband
38109,Not-in-family
32379,Own-child
37359,Own-child
18220,Unmarried
35547,Own-child
30455,Husband
7242,Own-child
13759,Other-relative
42928,Not-in-family
6120,Not-in-family
12792,Husband
21970,Not-in-family
7310,Wife
46156,Husband
42467,Husband
29663,Husband
23139,Not-in-family
12824,Not-in-family
41665,Not-in-family
12455,Wife
10698,Not-in-family
36629,Husband
12680,Husband
43420,Husband
40282,Wife
21574,Not-in-family
27759,Own-child
14013,Own-child
42408,Husband
15553,Husband
32534,Unmarried
38688,Husband
43661,Other-relative
45255,Husband
29366,Not-in-family
5937,Not-in-family
6988,Wife
40150,Unmarried
27865,Husband
33335,Husband
25422,Husband
31646,Husband
36919,Wife
32418,Not-in-family
40206,Not-in-family
24525,Not-in-family
39960,Unmarried
16083,Husband
42867,Husband
37302,Not-in-family
33258,Not-in-family
8459,Husband
43095,Husband
28092,Own-child
15837,Not-in-family
13524,Not-in-family
44041,Husband
38844,Unmarried
30716,Unmarried
17625,Husband
17479,Other-relative
27199,Not-in-family
666,Husband
1608,Husband
3876,Husband
7934,Husband
7870,Husband
25724,Not-in-family
39455,Husband
12876,Husband
23064,Not-in-family
41448,Not-in-family
40668,Husband
27916,Wife
3218,Husband
13716,Not-in-family
44068,Not-in-family
30868,Not-in-family
163,Not-in-family
304,Wife
21781,Unmarried
4480,Husband
31106,Not-in-family
17099,Own-child
23609,Not-in-family
4597,Husband
19396,Not-in-family
1829,Unmarried
33243,Husband
30742,Own-child
8927,Husband
48166,Not-in-family
23613,Husband
10443,Own-child
22532,Husband
7450,Wife
6453,Not-in-family
38334,Not-in-family
45509,Husband
43702,Unmarried
43418,Not-in-family
1929,Not-in-family
1302,Wife
35979,Own-child
1633,Not-in-family
16540,Own-child
48537,Not-in-family
39979,Not-in-family
12211,Own-child
13805,Not-in-family
7295,Own-child
29775,Husband
19935,Own-child
22704,Husband
26909,Husband
601,Own-child
34443,Husband
4175,Not-in-family
6991,Wife
26806,Husband
36135,Other-relative
25915,Husband
24226,Not-in-family
13391,Husband
8464,Unmarried
2777,Not-in-family
42021,Not-in-family
13825,Husband
11911,Unmarried
33402,Own-child
12898,Husband
524,Unmarried
33017,Own-child
47058,Own-child
14651,Not-in-family
41390,Not-in-family
22366,Husband
14802,Husband
46301,Husband
10623,Unmarried
6153,Not-in-family
42681,Unmarried
45035,Husband
18319,Husband
19391,Not-in-family
29749,Other-relative
18076,Husband
29760,Husband
18158,Not-in-family
13051,Own-child
42523,Unmarried
36400,Husband
33625,Not-in-family
23369,Not-in-family
1727,Not-in-family
27821,Husband
4327,Husband
12141,Husband
31524,Husband
25461,Husband
24363,Own-child
18450,Husband
13932,Own-child
42975,Not-in-family
36461,Own-child
23454,Not-in-family
18651,Wife
3093,Husband
14390,Husband
43815,Husband
25658,Not-in-family
29721,Own-child
46239,Not-in-family
3656,Husband
47026,Other-relative
12727,Not-in-family
10694,Not-in-family
30703,Husband
17277,Husband
45700,Not-in-family
1644,Wife
25248,Not-in-family
8799,Not-in-family
15035,Husband
3607,Not-in-family
44475,Unmarried
10371,Husband
11982,Not-in-family
13334,Unmarried
16885,Not-in-family
8328,Not-in-family
37224,Not-in-family
28470,Husband
9513,Not-in-family
35405,Own-child
24102,Not-in-family
10518,Not-in-family
43635,Husband
33043,Own-child
42964,Husband
7720,Not-in-family
6226,Not-in-family
208,Wife
19603,Not-in-family
42149,Own-child
12110,Husband
12393,Husband
9392,Husband
38572,Not-in-family
42974,Not-in-family
17065,Own-child
46816,Husband
31104,Husband
15804,Not-in-family
14359,Husband
13369,Not-in-family
28526,Unmarried
34598,Husband
32236,Husband
38500,Not-in-family
30181,Unmarried
45085,Not-in-family
24284,Husband
19702,Husband
17582,Not-in-family
3454,Unmarried
37347,Not-in-family
44213,Own-child
11777,Husband
22098,Husband
17834,Other-relative
48155,Husband
26112,Own-child
27463,Own-child
21077,Husband
30108,Own-child
17148,Unmarried
19371,Own-child
41300,Wife
31218,Husband
45132,Not-in-family
42745,Not-in-family
11619,Husband
24530,Husband
3464,Husband
36786,Husband
10682,Not-in-family
39248,Husband
28803,Husband
34602,Not-in-family
32470,Not-in-family
7593,Not-in-family
31166,Husband
12040,Husband
39340,Not-in-family
27764,Husband
47209,Not-in-family
21415,Husband
15829,Wife
15939,Husband
2612,Husband
45580,Own-child
3829,Husband
33041,Wife
47290,Unmarried
35509,Not-in-family
5038,Husband
26293,Unmarried
29572,Not-in-family
42400,Husband
22752,Not-in-family
649,Husband
37081,Not-in-family
43371,Not-in-family
34453,Wife
11036,Not-in-family
41739,Not-in-family
1805,Not-in-family
43163,Own-child
30032,Own-child
4108,Not-in-family
1785,Not-in-family
13424,Unmarried
19564,Unmarried
26395,Not-in-family
43166,Husband
44611,Husband
30203,Husband
45597,Husband
27845,Not-in-family
34289,Husband
44589,Wife
48187,Not-in-family
26675,Other-relative
3051,Unmarried
6192,Wife
7991,Unmarried
42295,Own-child
40320,Husband
14258,Unmarried
42912,Husband
12674,Unmarried
34203,Other-relative
31133,Own-child
41161,Husband
47416,Husband
11698,Own-child
28979,Husband
30214,Unmarried
16613,Unmarried
46321,Not-in-family
23546,Husband
48661,Husband
6304,Husband
14643,Not-in-family
29406,Unmarried
39389,Not-in-family
44738,Husband
36405,Own-child
33920,Wife
34164,Own-child
36402,Own-child
37147,Husband
39738,Own-child
886,Own-child
47526,Own-child
32099,Unmarried
9382,Husband
19282,Husband
29599,Unmarried
5929,Husband
23184,Husband
21787,Not-in-family
29955,Husband
44994,Unmarried
27202,Husband
12095,Not-in-family
3602,Husband
18647,Husband
2075,Own-child
17031,Husband
44730,Not-in-family
29739,Other-relative
48218,Unmarried
3288,Husband
41379,Husband
6414,Husband
48436,Own-child
27501,Unmarried
29578,Husband
5130,Not-in-family
46371,Wife
22288,Husband
28383,Husband
38241,Wife
32752,Not-in-family
150,Unmarried
11512,Own-child
43548,Husband
31277,Not-in-family
10499,Husband
13762,Husband
8737,Unmarried
12157,Wife
47737,Husband
30192,Husband
40563,Husband
744,Own-child
35467,Wife
28575,Wife
15664,Husband
7416,Husband
28769,Husband
18391,Unmarried
10176,Unmarried
39292,Not-in-family
37823,Unmarried
28778,Husband
23620,Not-in-family
19064,Not-in-family
38105,Wife
43609,Husband
31386,Wife
21450,Own-child
39032,Not-in-family
34108,Not-in-family
44150,Wife
43658,Wife
13112,Husband
13979,Not-in-family
38549,Not-in-family
24917,Unmarried
21887,Husband
570,Own-child
11692,Not-in-family
3545,Not-in-family
38769,Husband
16276,Husband
21659,Unmarried
26805,Other-relative
21905,Own-child
17212,Husband
13147,Husband
36853,Husband
11114,Husband
42958,Husband
12699,Wife
39097,Unmarried
5599,Not-in-family
17113,Not-in-family
27854,Not-in-family
43090,Not-in-family
42421,Unmarried
18370,Husband
17160,Husband
43276,Husband
913,Not-in-family
10177,Husband
48229,Not-in-family
8844,Own-child
27278,Own-child
6905,Husband
2810,Husband
44417,Own-child
15082,Husband
10458,Not-in-family
28337,Husband
25481,Husband
19187,Husband
23684,Own-child
39790,Not-in-family
21168,Husband
9653,Not-in-family
36436,Husband
6781,Own-child
31571,Not-in-family
37810,Not-in-family
589,Not-in-family
23422,Husband
33653,Own-child
3817,Husband
44379,Husband
34124,Husband
37129,Not-in-family
26610,Wife
44866,Not-in-family
36266,Not-in-family
26945,Not-in-family
42806,Own-child
4375,Not-in-family
18125,Husband
30281,Not-in-family
14377,Own-child
16076,Husband
43957,Husband
39219,Unmarried
41080,Wife
6175,Unmarried
18172,Unmarried
27318,Unmarried
26713,Own-child
32952,Own-child
21976,Husband
43177,Own-child
41862,Unmarried
27539,Wife
15655,Husband
29546,Unmarried
18396,Husband
9423,Own-child
29885,Own-child
16501,Unmarried
13238,Wife
38349,Wife
14419,Husband
1695,Husband
33172,Husband
14498,Husband
36508,Not-in-family
5452,Own-child
37061,Other-relative
29992,Own-child
45512,Unmarried
21620,Husband
17868,Husband
33876,Not-in-family
21845,Husband
42715,Husband
36062,Unmarried
3648,Not-in-family
19416,Wife
39153,Husband
36996,Other-relative
6388,Not-in-family
14516,Husband
11819,Wife
7578,Unmarried
9380,Unmarried
43156,Husband
3791,Own-child
44501,Unmarried
45364,Husband
4518,Husband
10041,Unmarried
35036,Husband
15461,Not-in-family
32914,Wife
10969,Husband
30352,Husband
5542,Wife
5387,Wife
4332,Husband
26723,Wife
29548,Husband
10380,Unmarried
11518,Husband
11362,Husband
46795,Husband
43952,Own-child
23645,Own-child
1304,Husband
32983,Other-relative
19482,Not-in-family
24619,Other-relative
28587,Own-child
7250,Not-in-family
12836,Unmarried
30671,Not-in-family
33279,Husband
22073,Unmarried
9430,Husband
26302,Husband
14471,Husband
2425,Husband
38402,Not-in-family
30984,Not-in-family
44043,Husband
22811,Own-child
1740,Husband
13867,Husband
15815,Husband
23471,Not-in-family
15663,Not-in-family
17150,Unmarried
30592,Unmarried
47998,Husband
19874,Other-relative
1099,Unmarried
25539,Not-in-family
9538,Husband
10812,Not-in-family
14447,Husband
2714,Own-child
29973,Not-in-family
38133,Husband
38981,Not-in-family
6362,Husband
43490,Own-child
39368,Not-in-family
6169,Not-in-family
9419,Unmarried
3295,Not-in-family
23257,Husband
36982,Husband
10833,Own-child
9107,Husband
4544,Not-in-family
38308,Husband
13240,Own-child
10416,Not-in-family
6236,Husband
28651,Husband
21693,Husband
35863,Not-in-family
17524,Not-in-family
7648,Husband
20385,Not-in-family
5482,Own-child
36955,Own-child
3801,Own-child
30872,Unmarried
34052,Own-child
12738,Not-in-family
46209,Wife
35694,Own-child
33664,Own-child
26530,Unmarried
42972,Husband
4677,Husband
11682,Wife
9988,Husband
37156,Unmarried
35731,Not-in-family
35162,Husband
27831,Husband
9292,Husband
18214,Husband
47788,Husband
31537,Own-child
18013,Husband
8048,Husband
37587,Husband
22398,Wife
22192,Own-child
1415,Husband
29822,Unmarried
14429,Unmarried
12730,Husband
33525,Husband
736,Not-in-family
9206,Other-relative
16269,Husband
720,Not-in-family
47061,Not-in-family
14037,Not-in-family
31995,Husband
38355,Husband
27615,Not-in-family
20148,Husband
30092,Unmarried
24495,Not-in-family
42538,Husband
37326,Not-in-family
21609,Not-in-family
20564,Own-child
8979,Not-in-family
3847,Wife
7224,Own-child
46886,Not-in-family
15447,Husband
47818,Not-in-family
25227,Not-in-family
285,Husband
24,Unmarried
4058,Husband
30996,Not-in-family
27480,Husband
29312,Not-in-family
26054,Unmarried
32472,Husband
32893,Husband
9543,Other-relative
37333,Husband
2979,Unmarried
25230,Not-in-family
36284,Husband
23468,Own-child
11710,Wife
16257,Not-in-family
45143,Husband
2176,Husband
1795,Husband
18929,Unmarried
30120,Unmarried
33602,Not-in-family
22128,Husband
42321,Husband
40700,Husband
8773,Husband
6026,Husband
46792,Unmarried
24659,Husband
39446,Not-in-family
337,Not-in-family
29060,Husband
24196,Husband
3815,Own-child
22434,Not-in-family
34078,Husband
11935,Not-in-family
42356,Wife
47403,Husband
30621,Wife
45513,Own-child
21237,Not-in-family
33182,Not-in-family
23159,Not-in-family
16804,Not-in-family
27428,Husband
13488,Unmarried
3203,Wife
8370,Husband
25111,Own-child
16962,Husband
1552,Not-in-family
22138,Not-in-family
42200,Own-child
42832,Husband
39814,Unmarried
33190,Husband
47321,Husband
1752,Unmarried
41356,Husband
26257,Husband
8333,Husband
22149,Husband
35587,Own-child
18589,Not-in-family
47747,Husband
33679,Husband
3852,Own-child
41831,Not-in-family
5225,Husband
45302,Not-in-family
33906,Husband
25816,Unmarried
40001,Not-in-family
35812,Own-child
2685,Unmarried
44433,Husband
12392,Own-child
26816,Husband
31046,Husband
38833,Wife
45463,Unmarried
9160,Husband
18469,Own-child
28176,Not-in-family
9234,Not-in-family
16234,Husband
36107,Husband
29639,Own-child
4526,Wife
48589,Husband
14192,Husband
12208,Husband
19015,Husband
20120,Unmarried
17227,Husband
7188,Own-child
33872,Husband
41808,Own-child
11124,Husband
10624,Husband
12979,Husband
40082,Unmarried
9638,Husband
43184,Own-child
41281,Husband
10453,Own-child
41557,Not-in-family
34476,Wife
4317,Unmarried
46592,Not-in-family
26325,Own-child
11809,Husband
24504,Husband
27361,Own-child
36278,Husband
18733,Husband
26904,Own-child
3087,Unmarried
40928,Wife
39310,Unmarried
2877,Husband
25530,Husband
34080,Husband
31008,Husband
26694,Wife
44063,Own-child
39257,Husband
44326,Husband
44521,Husband
42266,Not-in-family
14392,Not-in-family
8324,Unmarried
20036,Unmarried
44218,Husband
17889,Not-in-family
6721,Husband
31191,Not-in-family
37385,Unmarried
7646,Husband
27193,Husband
398,Husband
370,Unmarried
28847,Not-in-family
19614,Other-relative
20852,Husband
2609,Husband
38033,Husband
4067,Not-in-family
40439,Own-child
41734,Husband
14272,Husband
9457,Not-in-family
24154,Husband
29443,Not-in-family
29477,Husband
20695,Husband
12369,Not-in-family
41751,Husband
32878,Not-in-family
45304,Own-child
12811,Own-child
11572,Wife
23742,Not-in-family
26930,Husband
33229,Not-in-family
24635,Not-in-family
42876,Not-in-family
34,Husband
6675,Husband
14186,Husband
28554,Not-in-family
20183,Not-in-family
35032,Wife
3758,Husband
6256,Husband
6692,Own-child
48630,Husband
33391,Wife
43037,Husband
4587,Not-in-family
48011,Not-in-family
15299,Husband
12092,Husband
15490,Not-in-family
19447,Unmarried
10269,Husband
2944,Own-child
5692,Own-child
46175,Husband
5455,Husband
22030,Husband
11889,Not-in-family
10662,Own-child
43869,Own-child
46478,Husband
33256,Not-in-family
19212,Unmarried
11592,Own-child
38922,Husband
47696,Husband
41224,Husband
36622,Husband
1169,Not-in-family
22456,Wife
45911,Husband
44571,Own-child
16634,Husband
24042,Husband
44238,Unmarried
37063,Unmarried
15421,Husband
1150,Own-child
17177,Unmarried
43033,Husband
37572,Not-in-family
523,Husband
46936,Husband
23646,Husband
532,Husband
36719,Not-in-family
33851,Husband
46595,Own-child
45701,Not-in-family
17589,Other-relative
38709,Husband
4227,Not-in-family
23116,Not-in-family
12419,Own-child
5851,Own-child
22710,Own-child
20729,Unmarried
44458,Own-child
12,Own-child
35951,Husband
28091,Husband
15797,Own-child
28193,Husband
33682,Husband
42977,Husband
32398,Other-relative
26282,Own-child
32641,Husband
6368,Own-child
16509,Not-in-family
9846,Not-in-family
26201,Other-relative
27478,Husband
5996,Own-child
4629,Wife
15086,Not-in-family
1436,Not-in-family
39692,Husband
40451,Not-in-family
19921,Husband
15168,Not-in-family
12179,Husband
4963,Not-in-family
16504,Other-relative
16591,Husband
6335,Wife
32971,Unmarried
40131,Own-child
10237,Husband
40656,Unmarried
38010,Husband
43696,Not-in-family
47955,Husband
13543,Husband
43664,Unmarried
32850,Not-in-family
29631,Husband
25101,Unmarried
43999,Own-child
36682,Husband
10527,Not-in-family
12763,Not-in-family
17561,Other-relative
8430,Not-in-family
27126,Not-in-family
2998,Husband
33795,Not-in-family
22027,Own-child
30188,Husband
32285,Not-in-family
5997,Husband
45642,Not-in-family
14347,Not-in-family
442,Own-child
37683,Unmarried
14588,Husband
12196,Unmarried
10068,Unmarried
27308,Husband
39910,Unmarried
8778,Husband
45343,Not-in-family
23772,Not-in-family
4408,Husband
43378,Husband
16933,Husband
16876,Own-child
16072,Not-in-family
2237,Husband
33760,Not-in-family
18446,Unmarried
3828,Not-in-family
20759,Unmarried
2256,Husband
1454,Husband
24740,Husband
27755,Not-in-family
20895,Own-child
30574,Not-in-family
17716,Unmarried
38928,Husband
46199,Husband
20854,Husband
36757,Not-in-family
17123,Not-in-family
32143,Not-in-family
43397,Husband
6145,Husband
27197,Own-child
3934,Not-in-family
22331,Husband
15534,Unmarried
8176,Husband
45971,Husband
10834,Not-in-family
17269,Husband
39940,Husband
41677,Own-child
26962,Own-child
2867,Unmarried
6537,Husband
15614,Own-child
4646,Husband
19536,Husband
6575,Not-in-family
19890,Not-in-family
36044,Not-in-family
45178,Husband
45538,Wife
7823,Husband
2759,Husband
6325,Husband
47531,Husband
33622,Own-child
15399,Not-in-family
7358,Own-child
9731,Wife
23208,Not-in-family
18455,Unmarried
3189,Husband
37526,Husband
4836,Not-in-family
48447,Not-in-family
38130,Husband
17080,Not-in-family
9635,Unmarried
1196,Husband
13197,Not-in-family
27994,Husband
44830,Husband
37688,Not-in-family
34414,Not-in-family
29779,Husband
44410,Husband
43870,Husband
10365,Husband
17078,Not-in-family
23666,Own-child
46576,Unmarried
41234,Not-in-family
18674,Wife
10089,Unmarried
48647,Unmarried
34786,Husband
36896,Not-in-family
14994,Own-child
47601,Husband
2385,Husband
43798,Husband
4902,Husband
3998,Husband
37360,Not-in-family
32226,Not-in-family
39633,Husband
4134,Unmarried
42797,Husband
47770,Husband
11955,Husband
2968,Husband
26378,Husband
32278,Not-in-family
27818,Other-relative
46050,Own-child
14664,Unmarried
44602,Not-in-family
40113,Husband
19334,Husband
16139,Husband
11062,Not-in-family
34716,Husband
6060,Unmarried
25155,Husband
44234,Own-child
20261,Not-in-family
18043,Husband
4539,Husband
36372,Own-child
6254,Not-in-family
13634,Husband
21448,Husband
38193,Unmarried
47210,Husband
43459,Husband
28730,Not-in-family
4933,Unmarried
26839,Husband
13028,Not-in-family
35384,Own-child
13106,Unmarried
29461,Husband
23561,Unmarried
55,Husband
25867,Wife
10336,Own-child
37350,Wife
22388,Husband
20649,Husband
33801,Not-in-family
5039,Husband
29772,Husband
38150,Husband
45811,Wife
31579,Not-in-family
10562,Husband
15733,Not-in-family
13788,Husband
24728,Other-relative
6528,Husband
34565,Not-in-family
40080,Not-in-family
32634,Not-in-family
11860,Husband
3892,Husband
34223,Own-child
10231,Husband
45390,Unmarried
47072,Other-relative
2254,Husband
25606,Husband
19281,Husband
26840,Husband
32336,Unmarried
45867,Husband
5423,Unmarried
43887,Husband
34742,Husband
15525,Not-in-family
48214,Not-in-family
44599,Husband
40223,Not-in-family
37571,Husband
24558,Husband
31188,Husband
33873,Other-relative
15856,Husband
2755,Own-child
12191,Husband
8312,Own-child
28100,Husband
45713,Husband
32592,Unmarried
16286,Husband
31477,Wife
6347,Not-in-family
45555,Own-child
32853,Husband
17827,Not-in-family
30860,Husband
39984,Husband
32431,Not-in-family
11994,Unmarried
26579,Not-in-family
30702,Unmarried
41253,Wife
26393,Husband
18508,Husband
7025,Own-child
1791,Not-in-family
25692,Not-in-family
6894,Husband
3020,Husband
28813,Other-relative
22364,Husband
31082,Husband
48260,Own-child
8280,Not-in-family
46185,Husband
24077,Own-child
12046,Husband
972,Not-in-family
21137,Husband
8525,Husband
42484,Husband
30482,Husband
2642,Own-child
43553,Unmarried
30154,Husband
33314,Unmarried
3519,Unmarried
15245,Not-in-family
10753,Husband
35655,Husband
28242,Own-child
28135,Unmarried
33104,Own-child
46987,Husband
48022,Not-in-family
3538,Husband
36365,Not-in-family
11958,Own-child
12801,Own-child
5869,Husband
44980,Wife
44766,Husband
24820,Not-in-family
41149,Husband
26105,Husband
46282,Husband
11448,Not-in-family
32984,Not-in-family
24311,Unmarried
31001,Not-in-family
16868,Husband
22445,Unmarried
43981,Own-child
4938,Wife
42257,Own-child
786,Husband
7125,Other-relative
40446,Own-child
38699,Not-in-family
48258,Not-in-family
47695,Not-in-family
6900,Husband
41718,Own-child
25066,Not-in-family
4424,Unmarried
6638,Husband
26465,Husband
19965,Not-in-family
32913,Unmarried
741,Husband
9935,Own-child
41658,Husband
19541,Not-in-family
14815,Husband
42727,Not-in-family
36905,Not-in-family
2752,Husband
4955,Husband
6383,Husband
47389,Wife
20490,Not-in-family
48714,Husband
6607,Husband
17429,Husband
22699,Husband
1767,Husband
47860,Not-in-family
33509,Not-in-family
19164,Not-in-family
21116,Husband
11913,Husband
45344,Husband
24655,Own-child
19384,Not-in-family
23728,Not-in-family
22300,Not-in-family
9910,Not-in-family
40089,Husband
9751,Husband
17251,Not-in-family
12873,Other-relative
28940,Husband
13972,Not-in-family
8988,Husband
14283,Husband
675,Own-child
31197,Husband
40156,Own-child
27849,Own-child
25200,Own-child
4035,Unmarried
9089,Husband
34953,Not-in-family
15142,Husband
34014,Other-relative
26268,Not-in-family
3307,Not-in-family
32500,Unmarried
40153,Not-in-family
23486,Unmarried
1440,Husband
35312,Other-relative
42121,Wife
2108,Husband
43561,Not-in-family
13107,Other-relative
38810,Husband
7243,Not-in-family
46172,Wife
25021,Own-child
44485,Wife
12477,Husband
7092,Not-in-family
13729,Not-in-family
13839,Husband
42714,Husband
39065,Husband
44794,Husband
22462,Not-in-family
7248,Husband
248,Husband
40236,Own-child
27598,Own-child
13617,Not-in-family
8296,Husband
19401,Not-in-family
47373,Unmarried
39882,Not-in-family
18085,Husband
33868,Husband
20560,Unmarried
39045,Husband
5528,Own-child
45641,Husband
3007,Other-relative
17311,Own-child
33272,Not-in-family
28125,Wife
38805,Own-child
48602,Husband
3262,Husband
616,Husband
13856,Unmarried
6823,Husband
37988,Husband
1341,Not-in-family
3308,Husband
38659,Husband
25973,Wife
27368,Husband
41730,Wife
18453,Husband
47618,Unmarried
8400,Not-in-family
42641,Not-in-family
10315,Not-in-family
39714,Not-in-family
18661,Not-in-family
1153,Husband
33864,Not-in-family
39269,Not-in-family
25085,Husband
8004,Husband
7423,Husband
47849,Husband
12839,Husband
23194,Husband
19485,Not-in-family
21802,Own-child
14814,Husband
21769,Not-in-family
15124,Not-in-family
25861,Unmarried
18917,Husband
41447,Not-in-family
23444,Not-in-family
34381,Husband
2955,Husband
16027,Own-child
24019,Own-child
32867,Own-child
18429,Not-in-family
23537,Husband
34893,Not-in-family
43829,Husband
41354,Husband
23147,Not-in-family
26813,Not-in-family
21454,Not-in-family
9664,Not-in-family
25456,Husband
6166,Own-child
8886,Husband
13440,Own-child
22874,Husband
20171,Other-relative
10372,Not-in-family
40084,Husband
6870,Not-in-family
1108,Husband
7329,Not-in-family
11264,Husband
42678,Not-in-family
27060,Not-in-family
16289,Not-in-family
12529,Not-in-family
7585,Own-child
48699,Husband
40543,Husband
1966,Own-child
30828,Unmarried
15585,Unmarried
18928,Husband
6582,Husband
41749,Other-relative
40958,Husband
22008,Husband
13641,Husband
28369,Husband
26265,Not-in-family
33911,Own-child
28856,Own-child
11451,Other-relative
45069,Husband
5619,Husband
42651,Husband
39542,Husband
8518,Not-in-family
25818,Unmarried
22707,Own-child
39164,Not-in-family
22808,Husband
2214,Not-in-family
7495,Not-in-family
25671,Own-child
37135,Unmarried
19011,Husband
21542,Own-child
43552,Own-child
3888,Unmarried
9209,Unmarried
36830,Husband
47328,Own-child
24269,Unmarried
28963,Husband
47415,Husband
42341,Husband
24460,Own-child
40333,Not-in-family
36790,Husband
7669,Husband
42466,Husband
3122,Wife
46040,Husband
615,Own-child
19210,Wife
15803,Own-child
41052,Own-child
8656,Unmarried
15127,Husband
32725,Husband
19431,Own-child
37779,Husband
23938,Husband
10789,Not-in-family
44941,Unmarried
33831,Husband
42439,Not-in-family
38330,Not-in-family
45885,Husband
34882,Own-child
36847,Not-in-family
11287,Unmarried
22333,Husband
147,Unmarried
45675,Not-in-family
35420,Own-child
48059,Not-in-family
1221,Husband
22210,Husband
30812,Own-child
25467,Husband
6103,Husband
24111,Own-child
12993,Other-relative
10481,Unmarried
24146,Not-in-family
20366,Wife
23643,Unmarried
24424,Husband
36961,Other-relative
39623,Not-in-family
23826,Own-child
2627,Not-in-family
30862,Husband
15267,Own-child
15229,Husband
48577,Husband
12133,Husband
21414,Husband
38634,Unmarried
12287,Not-in-family
21679,Unmarried
8785,Husband
485,Own-child
20630,Husband
10472,Own-child
42202,Husband
33798,Husband
13612,Own-child
29935,Unmarried
30934,Not-in-family
24002,Unmarried
5990,Own-child
20983,Husband
12062,Husband
12072,Unmarried
31112,Not-in-family
27918,Husband
40469,Husband
20975,Husband
26124,Husband
954,Husband
7321,Other-relative
19158,Not-in-family
30739,Not-in-family
29684,Own-child
41171,Husband
26031,Not-in-family
4788,Husband
8935,Husband
30498,Own-child
9360,Unmarried
25831,Husband
34697,Husband
538,Not-in-family
6950,Husband
1509,Husband
9694,Own-child
33023,Husband
27753,Husband
45424,Not-in-family
41463,Unmarried
17603,Husband
8097,Wife
29638,Husband
14073,Not-in-family
39741,Own-child
506,Own-child
14978,Not-in-family
21157,Other-relative
3034,Husband
12250,Husband
32533,Husband
18994,Unmarried
33151,Not-in-family
30240,Own-child
43520,Own-child
23901,Wife
32204,Own-child
24756,Husband
44060,Husband
40498,Other-relative
5772,Not-in-family
20198,Not-in-family
6273,Own-child
12205,Husband
19452,Not-in-family
25543,Other-relative
4972,Husband
34750,Husband
17617,Unmarried
7582,Not-in-family
37981,Unmarried
26170,Husband
19460,Husband
11325,Husband
36359,Unmarried
24018,Husband
5358,Husband
40221,Own-child
25655,Unmarried
1963,Husband
43060,Wife
18738,Husband
47676,Own-child
22245,Husband
12821,Husband
24093,Not-in-family
23902,Husband
12469,Not-in-family
21951,Wife
25868,Not-in-family
34233,Unmarried
48278,Other-relative
38673,Unmarried
11761,Husband
8454,Wife
22020,Not-in-family
30131,Not-in-family
6392,Not-in-family
47645,Husband
35814,Husband
8476,Husband
19057,Not-in-family
36551,Unmarried
1788,Unmarried
21447,Husband
13308,Husband
37042,Own-child
25156,Husband
16100,Not-in-family
43244,Unmarried
21355,Own-child
9411,Own-child
27301,Own-child
35584,Wife
43267,Husband
10890,Not-in-family
33541,Husband
23509,Husband
4505,Not-in-family
14045,Husband
34625,Not-in-family
17744,Husband
46728,Unmarried
16176,Husband
26438,Not-in-family
44605,Husband
40831,Unmarried
24056,Own-child
13598,Husband
23838,Unmarried
13592,Own-child
40538,Not-in-family
37936,Husband
34620,Not-in-family
25920,Not-in-family
18402,Husband
4946,Not-in-family
12370,Not-in-family
13115,Other-relative
5712,Husband
14010,Unmarried
7052,Own-child
14885,Husband
27933,Not-in-family
15453,Wife
24450,Husband
38620,Husband
2396,Not-in-family
33205,Unmarried
14355,Husband
23197,Husband
19776,Not-in-family
27206,Not-in-family
15940,Unmarried
40773,Unmarried
37258,Wife
45180,Unmarried
45581,Not-in-family
35894,Not-in-family
2446,Husband
5106,Husband
4743,Husband
2670,Husband
20685,Husband
16952,Own-child
21000,Husband
5328,Own-child
37214,Not-in-family
12780,Husband
7298,Own-child
44383,Husband
16496,Husband
35058,Husband
21017,Husband
29560,Husband
37172,Not-in-family
23145,Not-in-family
42235,Not-in-family
39149,Husband
43481,Husband
20012,Own-child
36822,Wife
44354,Husband
1271,Husband
2444,Own-child
27255,Other-relative
20037,Own-child
12443,Husband
17293,Husband
35047,Not-in-family
6417,Not-in-family
28578,Husband
40376,Not-in-family
47567,Husband
19746,Husband
13808,Own-child
11891,Unmarried
3889,Husband
4342,Own-child
2235,Unmarried
42033,Husband
20937,Husband
26988,Husband
2568,Own-child
22255,Not-in-family
29275,Husband
36159,Not-in-family
27867,Husband
29306,Husband
26319,Unmarried
43151,Not-in-family
37055,Husband
20644,Not-in-family
42560,Not-in-family
19640,Husband
13600,Husband
33227,Husband
32179,Husband
25677,Husband
29264,Husband
29493,Own-child
32663,Own-child
26147,Husband
22662,Husband
3035,Husband
2466,Not-in-family
28172,Unmarried
21500,Not-in-family
3130,Unmarried
27987,Husband
46519,Own-child
6149,Husband
5046,Husband
23507,Own-child
34159,Own-child
38524,Own-child
36439,Wife
24158,Not-in-family
1523,Own-child
5831,Husband
29089,Husband
36033,Not-in-family
10810,Not-in-family
35697,Husband
4158,Unmarried
37048,Not-in-family
45050,Unmarried
14291,Unmarried
32407,Own-child
11305,Own-child
14472,Not-in-family
35791,Husband
20763,Not-in-family
48715,Husband
27298,Own-child
47954,Husband
33753,Not-in-family
23540,Husband
10148,Not-in-family
10194,Own-child
11321,Husband
22400,Unmarried
22548,Husband
41699,Husband
19813,Husband
22991,Husband
1491,Not-in-family
31603,Own-child
38056,Husband
45466,Unmarried
39326,Not-in-family
36569,Husband
30458,Husband
16453,Wife
6336,Unmarried
33740,Unmarried
17029,Own-child
20546,Husband
20676,Unmarried
2219,Not-in-family
24486,Unmarried
37411,Husband
33385,Husband
9793,Husband
16875,Not-in-family
4073,Unmarried
13694,Not-in-family
48494,Own-child
35664,Other-relative
41762,Husband
10285,Wife
40198,Own-child
47435,Wife
48606,Unmarried
1813,Own-child
9192,Husband
16337,Wife
16925,Husband
41976,Own-child
36624,Not-in-family
11399,Husband
16054,Not-in-family
24202,Not-in-family
34180,Other-relative
36376,Husband
11524,Unmarried
44342,Not-in-family
7239,Wife
5883,Not-in-family
33696,Own-child
848,Husband
11057,Husband
2677,Unmarried
751,Unmarried
34217,Husband
519,Husband
11585,Not-in-family
45288,Unmarried
6909,Not-in-family
643,Husband
15651,Husband
36774,Not-in-family
45896,Not-in-family
41320,Husband
41668,Not-in-family
46735,Husband
23856,Own-child
48670,Own-child
28736,Other-relative
29263,Husband
13645,Wife
10024,Own-child
41302,Unmarried
19251,Not-in-family
37266,Own-child
3590,Not-in-family
37025,Unmarried
4997,Husband
21584,Husband
22943,Husband
47152,Husband
25301,Husband
43160,Not-in-family
26233,Not-in-family
37682,Unmarried
30999,Not-in-family
15372,Husband
19873,Unmarried
30772,Own-child
20889,Unmarried
3431,Own-child
21710,Husband
45160,Not-in-family
48620,Own-child
9337,Not-in-family
3514,Unmarried
11368,Own-child
18900,Not-in-family
17292,Own-child
30962,Unmarried
2816,Husband
10335,Husband
40359,Unmarried
6588,Other-relative
47899,Wife
14656,Husband
28265,Other-relative
1086,Husband
44226,Husband
16953,Husband
31345,Own-child
23705,Husband
8250,Not-in-family
34002,Husband
41336,Not-in-family
33632,Unmarried
37662,Not-in-family
13479,Not-in-family
44191,Unmarried
36397,Own-child
33291,Husband
26113,Husband
44699,Not-in-family
39059,Unmarried
17392,Not-in-family
18343,Own-child
46061,Husband
17755,Husband
36156,Other-relative
30859,Unmarried
216,Not-in-family
5700,Husband
42736,Husband
22334,Husband
31879,Not-in-family
41602,Wife
44455,Unmarried
1136,Husband
20674,Husband
27252,Husband
30008,Unmarried
2250,Unmarried
26444,Not-in-family
32617,Husband
22401,Not-in-family
6713,Unmarried
15410,Husband
2590,Other-relative
20678,Own-child
4087,Husband
29744,Husband
42610,Wife
14568,Unmarried
27059,Husband
26790,Husband
48791,Husband
28808,Not-in-family
2144,Husband
17911,Not-in-family
998,Husband
20070,Unmarried
25045,Unmarried
15880,Husband
10530,Husband
28087,Husband
30987,Own-child
21032,Not-in-family
1258,Husband
27810,Husband
19056,Own-child
37054,Husband
7514,Not-in-family
37255,Not-in-family
33473,Husband
45490,Other-relative
9072,Husband
43254,Husband
20080,Husband
7749,Unmarried
783,Husband
38529,Husband
41923,Husband
21280,Husband
28743,Wife
36746,Wife
34442,Husband
17569,Husband
24257,Husband
19319,Not-in-family
29525,Husband
45369,Husband
17141,Own-child
15466,Husband
26642,Husband
180,Husband
10104,Husband
35755,Own-child
19641,Not-in-family
18159,Husband
1816,Husband
42892,Not-in-family
21559,Not-in-family
45341,Unmarried
21379,Not-in-family
43468,Husband
33989,Husband
31587,Wife
35214,Husband
36317,Not-in-family
2107,Other-relative
35544,Husband
29373,Unmarried
8113,Husband
21258,Not-in-family
23029,Husband
3316,Not-in-family
15701,Husband
986,Own-child
44278,Own-child
4922,Not-in-family
11324,Husband
657,Husband
15635,Not-in-family
42395,Husband
40021,Husband
9476,Husband
37107,Own-child
12741,Husband
41521,Husband
6682,Not-in-family
5017,Own-child
33129,Husband
22147,Husband
32577,Own-child
46642,Own-child
36647,Not-in-family
45258,Other-relative
38012,Own-child
13462,Husband
27954,Wife
34664,Husband
11151,Husband
11747,Husband
34911,Own-child
28564,Husband
3045,Not-in-family
36765,Unmarried
22346,Husband
19529,Husband
39050,Own-child
14451,Own-child
16598,Other-relative
25762,Husband
31013,Not-in-family
38650,Husband
29837,Own-child
32727,Husband
18751,Unmarried
30389,Husband
37826,Husband
45497,Husband
46023,Husband
35425,Not-in-family
14867,Husband
5686,Not-in-family
9533,Husband
24041,Unmarried
13750,Husband
18188,Husband
45664,Husband
11874,Husband
3481,Not-in-family
43046,Unmarried
21658,Husband
35141,Husband
22314,Own-child
13336,Husband
48254,Not-in-family
48337,Husband
8152,Husband
47560,Husband
42959,Unmarried
41520,Husband
44731,Own-child
13541,Other-relative
37919,Husband
9264,Own-child
31169,Not-in-family
39100,Own-child
148,Husband
25981,Unmarried
35775,Not-in-family
15417,Unmarried
42442,Wife
31830,Husband
20994,Husband
28295,Not-in-family
45445,Not-in-family
35954,Husband
19116,Husband
20022,Own-child
38978,Husband
23658,Unmarried
21612,Not-in-family
24335,Husband
39598,Husband
21420,Own-child
8405,Unmarried
7247,Unmarried
35019,Husband
39969,Unmarried
10920,Husband
19801,Unmarried
2173,Husband
36939,Other-relative
47972,Not-in-family
7214,Not-in-family
17535,Husband
27379,Not-in-family
12613,Own-child
9586,Husband
26664,Not-in-family
8826,Husband
35025,Husband
42012,Husband
20693,Not-in-family
43847,Husband
16730,Husband
46441,Husband
25686,Not-in-family
46264,Husband
22413,Husband
1917,Husband
35610,Not-in-family
7820,Not-in-family
193,Husband
12164,Husband
1306,Not-in-family
20661,Husband
17411,Husband
36500,Husband
40448,Not-in-family
43618,Husband
43629,Unmarried
20451,Own-child
27300,Husband
28952,Husband
11977,Not-in-family
12449,Husband
14145,Husband
38301,Unmarried
28518,Wife
44394,Own-child
21052,Not-in-family
12330,Husband
13928,Not-in-family
46186,Husband
4650,Own-child
28975,Unmarried
32735,Unmarried
46859,Not-in-family
47488,Husband
19298,Husband
19487,Husband
28580,Unmarried
30239,Husband
46099,Not-in-family
38862,Husband
39008,Own-child
18121,Husband
45109,Unmarried
30577,Not-in-family
20025,Husband
16554,Husband
38124,Husband
8605,Own-child
27425,Unmarried
6500,Husband
31608,Wife
26176,Not-in-family
32736,Husband
42679,Husband
46481,Husband
12234,Not-in-family
21603,Not-in-family
30790,Own-child
2528,Husband
20505,Husband
13902,Husband
3241,Not-in-family
22014,Own-child
36037,Own-child
3267,Husband
46278,Husband
26216,Own-child
20213,Husband
46269,Husband
17394,Not-in-family
20811,Own-child
27662,Not-in-family
38154,Husband
5410,Other-relative
13243,Husband
33303,Husband
529,Husband
46805,Own-child
42726,Not-in-family
31624,Not-in-family
29470,Husband
39645,Unmarried
18905,Husband
46838,Not-in-family
22158,Husband
22938,Own-child
32925,Husband
43054,Husband
10924,Own-child
24684,Unmarried
24889,Own-child
6916,Unmarried
38481,Not-in-family
4398,Own-child
35512,Husband
14997,Husband
29656,Wife
47489,Unmarried
29908,Husband
17446,Husband
5428,Husband
40824,Not-in-family
32824,Own-child
14757,Husband
17322,Husband
47522,Not-in-family
48418,Not-in-family
27190,Unmarried
17957,Husband
48382,Own-child
10038,Husband
47862,Unmarried
29976,Wife
32744,Not-in-family
19979,Husband
16944,Husband
20917,Husband
16995,Husband
47271,Unmarried
21286,Own-child
20683,Husband
10765,Wife
768,Not-in-family
24017,Other-relative
18359,Not-in-family
33039,Wife
20925,Own-child
27443,Own-child
25899,Unmarried
1239,Own-child
29861,Unmarried
6724,Husband
29968,Own-child
33780,Not-in-family
46073,Other-relative
27262,Husband
26630,Not-in-family
48525,Not-in-family
29285,Husband
33515,Husband
20871,Not-in-family
43524,Husband
31117,Husband
9459,Not-in-family
26891,Not-in-family
37011,Not-in-family
26858,Husband
36732,Not-in-family
36849,Not-in-family
45175,Not-in-family
36916,Not-in-family
30076,Not-in-family
18804,Not-in-family
25288,Husband
18761,Not-in-family
8729,Husband
13001,Unmarried
1690,Not-in-family
19717,Husband
47829,Not-in-family
38654,Husband
25420,Own-child
21913,Unmarried
22567,Not-in-family
4513,Own-child
17724,Unmarried
3321,Husband
20597,Not-in-family
20553,Other-relative
11259,Unmarried
27047,Husband
22270,Other-relative
40558,Not-in-family
38517,Husband
7062,Own-child
22432,Husband
25998,Not-in-family
5940,Not-in-family
5224,Husband
17180,Own-child
15157,Not-in-family
39123,Own-child
48360,Wife
19769,Unmarried
40215,Husband
24557,Unmarried
40176,Husband
24540,Not-in-family
26572,Husband
5821,Husband
13614,Other-relative
1807,Husband
6704,Not-in-family
22095,Own-child
15295,Own-child
7259,Husband
6156,Own-child
6350,Unmarried
46922,Husband
20470,Unmarried
42333,Husband
951,Husband
48159,Unmarried
12139,Husband
48046,Not-in-family
35340,Not-in-family
34539,Not-in-family
26923,Husband
31377,Other-relative
21628,Unmarried
31977,Husband
28546,Unmarried
7172,Own-child
44419,Other-relative
38789,Husband
22404,Husband
4534,Own-child
4053,Husband
36258,Own-child
22839,Husband
35862,Own-child
8658,Not-in-family
33863,Unmarried
20863,Not-in-family
14696,Husband
18670,Own-child
41636,Own-child
28877,Husband
12002,Own-child
36326,Other-relative
38938,Not-in-family
35857,Own-child
7897,Husband
21800,Other-relative
177,Not-in-family
9095,Husband
14922,Husband
35821,Husband
45351,Not-in-family
32822,Not-in-family
1536,Husband
39352,Not-in-family
11436,Not-in-family
21308,Own-child
38006,Husband
20596,Husband
25395,Husband
38325,Husband
45223,Not-in-family
8833,Husband
5525,Not-in-family
44370,Not-in-family
8691,Husband
42837,Other-relative
35391,Own-child
41573,Husband
1980,Not-in-family
48613,Husband
31081,Unmarried
31991,Not-in-family
9884,Not-in-family
6545,Not-in-family
6259,Not-in-family
19084,Wife
2081,Husband
13170,Not-in-family
29113,Husband
30923,Husband
29536,Husband
39099,Not-in-family
48257,Husband
45169,Husband
17048,Wife
3301,Other-relative
1165,Not-in-family
46031,Not-in-family
24179,Own-child
12348,Husband
4561,Husband
7976,Husband
18378,Not-in-family
818,Husband
1059,Husband
41794,Not-in-family
42241,Own-child
10957,Husband
18961,Husband
42878,Unmarried
15357,Not-in-family
13426,Wife
33964,Husband
37641,Husband
3904,Husband
27913,Own-child
27626,Husband
42160,Not-in-family
4696,Husband
8213,Husband
11570,Own-child
45913,Husband
16917,Own-child
22271,Husband
36153,Husband
7619,Unmarried
39987,Husband
5267,Husband
35129,Own-child
39946,Husband
43465,Husband
45637,Husband
15662,Not-in-family
32243,Not-in-family
42175,Unmarried
14662,Husband
26342,Unmarried
37464,Unmarried
37568,Husband
1986,Husband
7419,Own-child
29486,Not-in-family
15575,Husband
28170,Unmarried
32451,Unmarried
7864,Husband
8122,Own-child
21301,Wife
20704,Husband
11839,Husband
23945,Own-child
40036,Husband
31217,Husband
18088,Wife
26390,Own-child
20844,Husband
43333,Husband
43728,Not-in-family
12827,Husband
9678,Husband
2641,Not-in-family
32901,Husband
17628,Husband
23626,Unmarried
2812,Wife
21634,Husband
38698,Husband
35005,Own-child
5004,Husband
12779,Husband
12882,Husband
8033,Unmarried
6339,Wife
28277,Own-child
18519,Husband
24487,Own-child
14820,Husband
14910,Husband
14064,Husband
9676,Husband
13323,Own-child
38530,Not-in-family
4047,Unmarried
23095,Not-in-family
31515,Husband
36324,Not-in-family
19442,Husband
44072,Husband
7447,Husband
13349,Husband
44781,Not-in-family
38071,Husband
32134,Other-relative
14115,Wife
48103,Unmarried
37835,Not-in-family
24058,Not-in-family
19881,Own-child
27832,Husband
26442,Husband
14260,Own-child
19905,Not-in-family
171,Husband
17667,Own-child
18518,Other-relative
17384,Wife
24521,Husband
4542,Husband
27648,Husband
24632,Own-child
6072,Not-in-family
15368,Not-in-family
39260,Own-child
33589,Not-in-family
7635,Not-in-family
10857,Husband
24378,Husband
46200,Unmarried
29890,Husband
32846,Not-in-family
22522,Unmarried
40365,Husband
17404,Husband
28919,Husband
35906,Unmarried
46105,Wife
15195,Not-in-family
12038,Not-in-family
10916,Own-child
14304,Not-in-family
7384,Own-child
16905,Husband
17884,Husband
7213,Husband
25711,Husband
32667,Husband
27004,Not-in-family
22079,Husband
19938,Husband
41607,Not-in-family
47064,Unmarried
47797,Husband
46998,Own-child
8288,Unmarried
21338,Husband
45484,Husband
42270,Husband
32969,Own-child
9287,Not-in-family
18868,Husband
7830,Husband
10471,Own-child
44820,Not-in-family
7377,Not-in-family
44873,Own-child
40599,Husband
32689,Husband
11650,Own-child
43919,Other-relative
29348,Husband
44655,Wife
15000,Husband
27003,Husband
48224,Other-relative
8793,Husband
9981,Not-in-family
39635,Husband
23449,Not-in-family
8734,Husband
12586,Not-in-family
1449,Husband
42695,Own-child
8590,Not-in-family
38149,Husband
3305,Not-in-family
48794,Husband
28328,Own-child
34544,Unmarried
25698,Husband
14783,Not-in-family
43407,Husband
6252,Own-child
18323,Wife
45212,Unmarried
21704,Husband
34367,Not-in-family
16931,Husband
6518,Husband
34948,Husband
34010,Husband
15569,Own-child
13337,Other-relative
35186,Husband
23698,Not-in-family
43370,Not-in-family
27125,Not-in-family
43729,Husband
19834,Own-child
32680,Unmarried
45686,Wife
45735,Wife
32191,Husband
39559,Husband
21446,Not-in-family
21817,Husband
20790,Not-in-family
20581,Husband
21910,Unmarried
47729,Own-child
27611,Husband
44274,Husband
24625,Husband
39747,Unmarried
4364,Unmarried
13947,Husband
47669,Husband
20744,Not-in-family
47453,Not-in-family
38113,Husband
15601,Husband
29674,Other-relative
37358,Not-in-family
6928,Husband
15051,Husband
3390,Unmarried
31831,Husband
32473,Unmarried
7079,Husband
20378,Husband
15087,Husband
48083,Husband
35125,Not-in-family
33360,Husband
29970,Own-child
47478,Husband
5729,Unmarried
18866,Husband
48449,Own-child
1741,Wife
6384,Husband
48236,Wife
25399,Husband
35719,Unmarried
6474,Unmarried
9826,Husband
45057,Husband
32115,Wife
267,Husband
7081,Not-in-family
24777,Not-in-family
4095,Husband
2127,Not-in-family
46835,Husband
16432,Not-in-family
42829,Not-in-family
47378,Husband
14487,Husband
25093,Husband
47804,Not-in-family
23813,Unmarried
19032,Husband
35619,Own-child
14954,Not-in-family
2620,Husband
33808,Not-in-family
12312,Not-in-family
35660,Husband
2351,Not-in-family
39556,Own-child
29847,Husband
44130,Not-in-family
5102,Husband
29678,Not-in-family
36253,Husband
27942,Husband
23049,Not-in-family
34098,Unmarried
9572,Unmarried
12805,Husband
32142,Unmarried
1619,Husband
42222,Husband
31164,Husband
20130,Unmarried
1726,Husband
4094,Husband
23530,Own-child
43252,Unmarried
40303,Not-in-family
3215,Husband
10998,Husband
19270,Husband
13152,Unmarried
38563,Unmarried
35038,Not-in-family
46201,Own-child
632,Husband
31954,Unmarried
35209,Husband
16,Own-child
2065,Unmarried
40283,Husband
26618,Husband
2778,Not-in-family
8055,Wife
8654,Not-in-family
28763,Unmarried
33505,Own-child
20380,Own-child
5407,Unmarried
48410,Not-in-family
43201,Other-relative
3539,Husband
23183,Husband
24385,Husband
36634,Not-in-family
1163,Husband
669,Not-in-family
33194,Own-child
2822,Own-child
45009,Husband
33763,Husband
10241,Husband
26251,Own-child
4124,Not-in-family
21318,Own-child
48100,Wife
19018,Unmarried
38410,Husband
1389,Own-child
43022,Husband
32417,Not-in-family
46071,Not-in-family
3210,Husband
8246,Not-in-family
10792,Wife
25433,Not-in-family
43027,Husband
18118,Husband
7169,Husband
18795,Own-child
18902,Husband
37226,Not-in-family
41981,Not-in-family
35916,Own-child
26015,Not-in-family
10928,Not-in-family
39220,Husband
36208,Husband
30552,Husband
16918,Husband
36426,Not-in-family
13227,Not-in-family
5251,Wife
28757,Unmarried
331,Not-in-family
38700,Husband
15489,Husband
40112,Husband
40429,Husband
46557,Husband
588,Husband
38653,Not-in-family
40680,Not-in-family
11966,Unmarried
4716,Unmarried
14065,Not-in-family
42834,Husband
37511,Wife
43707,Husband
2597,Not-in-family
44259,Not-in-family
930,Not-in-family
31622,Husband
27288,Own-child
6090,Unmarried
4882,Husband
31446,Not-in-family
14716,Husband
31452,Wife
23589,Unmarried
460,Own-child
22892,Own-child
34433,Own-child
16205,Husband
28304,Husband
36066,Husband
32657,Own-child
25406,Other-relative
37426,Own-child
44376,Not-in-family
24506,Own-child
13388,Husband
41589,Husband
6200,Husband
19832,Not-in-family
11923,Not-in-family
1479,Not-in-family
25939,Not-in-family
999,Husband
14205,Husband
687,Wife
44148,Own-child
46450,Own-child
17151,Husband
39776,Unmarried
16057,Own-child
13328,Not-in-family
14570,Husband
46400,Husband
33648,Husband
12356,Not-in-family
40088,Not-in-family
36568,Own-child
17781,Unmarried
7890,Wife
38119,Unmarried
2423,Not-in-family
26118,Not-in-family
46854,Husband
8485,Own-child
26627,Husband
21297,Unmarried
13578,Own-child
28501,Not-in-family
39106,Not-in-family
29001,Own-child
23234,Not-in-family
2087,Own-child
28019,Not-in-family
25691,Husband
12415,Not-in-family
12917,Wife
46078,Husband
25412,Not-in-family
15393,Own-child
23308,Husband
15722,Husband
36848,Husband
28430,Not-in-family
24198,Not-in-family
37219,Husband
34278,Own-child
12864,Own-child
6636,Husband
47351,Wife
29944,Husband
5370,Husband
44214,Husband
19913,Unmarried
17521,Husband
1840,Not-in-family
11564,Own-child
20861,Not-in-family
7849,Not-in-family
47653,Own-child
1928,Own-child
48114,Unmarried
24986,Not-in-family
21943,Own-child
9122,Unmarried
37552,Own-child
37726,Husband
35258,Wife
3643,Husband
23051,Husband
23205,Husband
42036,Not-in-family
11405,Other-relative
15115,Husband
35217,Not-in-family
35958,Not-in-family
18688,Husband
5116,Husband
43381,Not-in-family
41713,Not-in-family
30971,Husband
13821,Other-relative
4020,Unmarried
19419,Not-in-family
40409,Not-in-family
9113,Husband
18192,Unmarried
3061,Not-in-family
28545,Husband
25392,Unmarried
13224,Unmarried
18306,Unmarried
33028,Husband
41528,Not-in-family
29884,Husband
15139,Own-child
38785,Not-in-family
4794,Husband
46860,Husband
24143,Not-in-family
4144,Unmarried
34421,Own-child
42280,Unmarried
47953,Husband
4345,Husband
26327,Husband
16228,Husband
46137,Husband
23498,Husband
19587,Husband
24707,Unmarried
12902,Not-in-family
7071,Husband
31884,Husband
888,Husband
5392,Not-in-family
26565,Husband
34810,Husband
24221,Not-in-family
37161,Husband
41046,Own-child
43002,Not-in-family
1748,Not-in-family
37402,Husband
1645,Wife
25538,Husband
45909,Other-relative
41102,Husband
31086,Husband
10984,Own-child
5702,Husband
20389,Not-in-family
28333,Unmarried
37664,Other-relative
47017,Husband
14875,Husband
13271,Not-in-family
38473,Own-child
21964,Not-in-family
43968,Not-in-family
22384,Husband
23271,Own-child
18048,Own-child
2915,Wife
42719,Not-in-family
14299,Husband
17583,Unmarried
33948,Not-in-family
21475,Unmarried
42379,Husband
47102,Not-in-family
37549,Husband
22484,Not-in-family
46762,Husband
38941,Not-in-family
2251,Unmarried
18979,Not-in-family
40467,Other-relative
28934,Husband
27751,Husband
32381,Husband
32924,Own-child
5182,Own-child
26799,Wife
26779,Own-child
43228,Unmarried
37937,Other-relative
9602,Husband
20128,Husband
39900,Husband
25674,Not-in-family
39464,Husband
12332,Own-child
33327,Not-in-family
34545,Husband
24332,Not-in-family
25931,Unmarried
29703,Not-in-family
35418,Not-in-family
46504,Not-in-family
45326,Own-child
15873,Husband
2377,Husband
37448,Unmarried
14573,Husband
27390,Husband
21511,Husband
7608,Own-child
21782,Husband
27988,Husband
35815,Own-child
18650,Not-in-family
33113,Husband
16094,Husband
33221,Wife
9609,Not-in-family
4707,Husband
48318,Husband
29193,Husband
9208,Own-child
34778,Not-in-family
28061,Husband
48784,Not-in-family
4803,Not-in-family
34923,Not-in-family
29389,Not-in-family
6599,Husband
13960,Husband
22196,Wife
15844,Not-in-family
40576,Husband
14781,Wife
3420,Not-in-family
26285,Unmarried
38289,Husband
3290,Unmarried
25211,Unmarried
9949,Not-in-family
27616,Own-child
873,Husband
16824,Not-in-family
43360,Husband
7302,Own-child
25361,Husband
17498,Husband
43640,Wife
4914,Husband
47984,Husband
5359,Not-in-family
14349,Other-relative
21320,Husband
26638,Husband
1437,Wife
17405,Own-child
34051,Husband
2925,Wife
14640,Not-in-family
40771,Not-in-family
22915,Not-in-family
20601,Wife
28511,Husband
13318,Own-child
40766,Not-in-family
44799,Not-in-family
46178,Husband
12483,Own-child
37711,Husband
34672,Unmarried
42457,Husband
25761,Not-in-family
35132,Husband
8439,Unmarried
44393,Husband
46226,Husband
37418,Not-in-family
43559,Own-child
17264,Husband
1732,Not-in-family
42624,Husband
40875,Unmarried
39276,Not-in-family
26949,Husband
7157,Own-child
20949,Husband
7637,Not-in-family
47799,Wife
5846,Other-relative
8558,Husband
30087,Own-child
20121,Unmarried
3082,Unmarried
8813,Husband
16808,Not-in-family
1864,Husband
3395,Not-in-family
31593,Husband
36909,Unmarried
32065,Husband
4270,Not-in-family
34619,Unmarried
19550,Husband
46344,Husband
46793,Not-in-family
17932,Other-relative
22035,Husband
37503,Husband
33453,Husband
13122,Own-child
29433,Own-child
44663,Husband
16449,Husband
48552,Other-relative
7667,Not-in-family
7867,Husband
35527,Husband
12697,Not-in-family
33014,Not-in-family
48710,Husband
11032,Unmarried
10175,Not-in-family
26583,Unmarried
35914,Not-in-family
5457,Husband
32629,Not-in-family
34717,Own-child
37897,Not-in-family
23597,Unmarried
19944,Not-in-family
3818,Husband
47931,Wife
46378,Husband
30803,Husband
8157,Husband
41886,Not-in-family
31055,Unmarried
37803,Husband
450,Own-child
14182,Wife
46591,Other-relative
41722,Not-in-family
36390,Husband
8992,Own-child
37564,Wife
23757,Not-in-family
11058,Not-in-family
28086,Unmarried
1176,Own-child
9408,Husband
5842,Not-in-family
45920,Own-child
47491,Husband
27227,Husband
22919,Husband
17637,Not-in-family
6892,Not-in-family
39141,Husband
10048,Unmarried
18779,Not-in-family
36760,Husband
16507,Husband
27012,Own-child
16261,Husband
28876,Husband
30368,Not-in-family
4121,Husband
11165,Not-in-family
13577,Husband
23929,Not-in-family
20410,Not-in-family
19517,Own-child
2522,Husband
40504,Not-in-family
10081,Husband
37978,Husband
5671,Husband
11479,Husband
7455,Husband
35041,Husband
25710,Unmarried
4099,Husband
8906,Husband
2285,Not-in-family
3259,Unmarried
3940,Not-in-family
35920,Husband
32591,Husband
36536,Husband
14778,Not-in-family
15095,Husband
25794,Wife
7107,Not-in-family
30607,Husband
8783,Husband
324,Husband
31437,Husband
40299,Husband
15590,Husband
43560,Husband
40847,Husband
2409,Own-child
45819,Own-child
33513,Wife
25577,Husband
8509,Own-child
6890,Husband
33702,Husband
5896,Own-child
9125,Own-child
33922,Husband
33100,Own-child
34613,Husband
18156,Not-in-family
36674,Own-child
30659,Not-in-family
9856,Unmarried
3626,Wife
26173,Husband
42346,Husband
2101,Husband
25837,Husband
34685,Husband
41179,Husband
18077,Unmarried
43700,Unmarried
44993,Husband
33260,Husband
22119,Own-child
26175,Unmarried
44516,Not-in-family
38723,Husband
48305,Own-child
11824,Husband
15505,Husband
43531,Husband
23979,Husband
22601,Husband
44103,Not-in-family
3890,Own-child
27966,Own-child
38887,Husband
46083,Not-in-family
22285,Husband
39869,Husband
13625,Husband
9389,Unmarried
5897,Own-child
33022,Husband
25349,Not-in-family
30394,Husband
30856,Husband
27673,Own-child
11746,Not-in-family
30556,Husband
29610,Unmarried
33392,Not-in-family
45098,Not-in-family
43879,Not-in-family
13941,Husband
45557,Not-in-family
38979,Not-in-family
45474,Husband
33285,Unmarried
35684,Own-child
17375,Husband
20147,Husband
24533,Husband
11163,Own-child
14387,Wife
8039,Husband
29315,Own-child
17745,Husband
269,Wife
42194,Husband
20967,Own-child
11785,Wife
34984,Husband
9614,Not-in-family
9838,Unmarried
45827,Husband
7178,Not-in-family
13966,Wife
19061,Own-child
5235,Not-in-family
1468,Not-in-family
45240,Husband
30674,Husband
20316,Not-in-family
33241,Not-in-family
11669,Not-in-family
16570,Own-child
34887,Husband
2054,Not-in-family
19879,Not-in-family
11569,Husband
42862,Husband
38059,Husband
5560,Husband
7620,Not-in-family
21601,Own-child
48676,Husband
26529,Own-child
45370,Husband
3281,Not-in-family
36498,Husband
41295,Husband
31505,Husband
3385,Husband
29260,Husband
5705,Husband
2134,Husband
38651,Husband
42864,Wife
39943,Husband
45772,Husband
26090,Own-child
624,Unmarried
35981,Husband
18984,Husband
38194,Own-child
29016,Other-relative
14086,Own-child
38890,Husband
29943,Not-in-family
33149,Unmarried
19259,Not-in-family
30342,Husband
45670,Husband
9940,Not-in-family
40187,Husband
26612,Unmarried
3755,Other-relative
36839,Husband
16438,Not-in-family
23475,Husband
31076,Husband
12843,Wife
19741,Not-in-family
9391,Husband
46981,Husband
13405,Not-in-family
16300,Husband
29862,Unmarried
41286,Husband
43297,Husband
17388,Not-in-family
28474,Unmarried
32922,Not-in-family
2577,Unmarried
17984,Wife
22407,Not-in-family
44697,Husband
23485,Husband
23501,Husband
1744,Husband
22933,Husband
28982,Husband
16818,Wife
26453,Unmarried
1841,Husband
43396,Unmarried
34705,Husband
9027,Husband
22763,Own-child
35476,Not-in-family
5731,Own-child
46283,Husband
21568,Unmarried
13956,Unmarried
4936,Not-in-family
722,Not-in-family
10424,Not-in-family
7693,Own-child
24334,Wife
7366,Unmarried
205,Own-child
34826,Not-in-family
525,Wife
9809,Husband
1589,Not-in-family
29666,Own-child
40510,Husband
1073,Wife
39849,Own-child
4166,Own-child
21208,Not-in-family
34000,Husband
10584,Husband
8352,Own-child
29049,Husband
32085,Husband
34471,Husband
32842,Husband
24794,Own-child
38183,Husband
30525,Wife
19005,Not-in-family
21947,Husband
41333,Own-child
41497,Husband
43062,Husband
42853,Unmarried
15977,Not-in-family
21419,Husband
41863,Not-in-family
26043,Own-child
1006,Not-in-family
7317,Husband
10189,Husband
37408,Not-in-family
44074,Husband
2598,Husband
30885,Husband
16796,Husband
40323,Unmarried
36885,Husband
15527,Own-child
31126,Husband
17846,Husband
14131,Husband
40678,Not-in-family
43012,Husband
3923,Husband
38249,Not-in-family
37770,Husband
20786,Husband
33082,Husband
17807,Not-in-family
2748,Husband
13604,Husband
5747,Husband
44726,Not-in-family
14458,Own-child
31451,Wife
15100,Not-in-family
41177,Wife
21995,Not-in-family
30838,Not-in-family
15990,Not-in-family
36952,Unmarried
40023,Own-child
41911,Husband
21363,Not-in-family
38808,Not-in-family
46094,Husband
44892,Wife
35314,Unmarried
5368,Husband
5078,Husband
36453,Not-in-family
29833,Not-in-family
13734,Not-in-family
15521,Husband
6849,Husband
35856,Husband
9158,Husband
7113,Not-in-family
16222,Own-child
19075,Husband
2990,Own-child
15930,Not-in-family
16586,Not-in-family
18657,Husband
27515,Not-in-family
13698,Husband
12554,Husband
16090,Unmarried
15153,Own-child
37148,Own-child
19288,Not-in-family
7937,Own-child
45671,Not-in-family
30976,Unmarried
21968,Not-in-family
45017,Husband
43415,Not-in-family
18731,Not-in-family
17376,Own-child
46884,Wife
5745,Husband
9298,Not-in-family
31672,Other-relative
6239,Other-relative
15618,Husband
7751,Husband
1378,Husband
14526,Husband
26903,Husband
13433,Not-in-family
46862,Husband
10009,Husband
41955,Husband
23990,Wife
29681,Husband
16943,Not-in-family
37484,Not-in-family
48225,Husband
11545,Husband
34962,Husband
35976,Unmarried
3865,Wife
48788,Not-in-family
44893,Not-in-family
32029,Husband
12090,Husband
45976,Husband
14767,Unmarried
25260,Not-in-family
11956,Husband
32637,Husband
6098,Unmarried
23081,Unmarried
1887,Husband
32332,Husband
20275,Not-in-family
3159,Husband
8392,Wife
36801,Own-child
47325,Husband
46449,Husband
12337,Wife
13169,Husband
17885,Wife
29053,Husband
14438,Not-in-family
45046,Husband
23361,Husband
33914,Not-in-family
9275,Not-in-family
32190,Own-child
43113,Husband
18251,Husband
6439,Not-in-family
8609,Not-in-family
22253,Own-child
25088,Husband
21166,Not-in-family
40242,Husband
30033,Husband
18571,Husband
29043,Unmarried
31322,Husband
14423,Not-in-family
24921,Unmarried
17963,Not-in-family
24399,Not-in-family
14485,Unmarried
3603,Husband
33496,Husband
19382,Husband
36036,Husband
5099,Husband
10895,Not-in-family
45628,Own-child
32578,Wife
26467,Husband
4150,Not-in-family
1061,Husband
43489,Husband
38387,Own-child
42362,Unmarried
2098,Husband
29511,Own-child
9151,Not-in-family
20212,Husband
41904,Husband
10702,Not-in-family
36825,Husband
40182,Own-child
3138,Unmarried
44279,Husband
24829,Own-child
12266,Wife
19287,Not-in-family
25570,Husband
38639,Husband
33384,Not-in-family
29291,Own-child
36283,Own-child
35394,Husband
7555,Husband
40452,Husband
45297,Husband
37444,Husband
11066,Husband
18921,Unmarried
32437,Not-in-family
18250,Not-in-family
12557,Husband
29042,Not-in-family
41350,Not-in-family
34942,Not-in-family
18387,Husband
4584,Husband
3741,Husband
17620,Husband
44055,Not-in-family
13868,Husband
18796,Husband
5621,Own-child
2165,Own-child
277,Not-in-family
15710,Not-in-family
5248,Husband
19671,Own-child
45473,Not-in-family
42178,Wife
41683,Not-in-family
47485,Husband
21246,Not-in-family
16558,Husband
17735,Not-in-family
4503,Not-in-family
37098,Not-in-family
10183,Own-child
6082,Wife
45900,Not-in-family
25764,Husband
38834,Not-in-family
19754,Husband
13029,Not-in-family
42582,Own-child
7912,Own-child
14973,Husband
42722,Unmarried
43730,Not-in-family
23094,Not-in-family
29871,Not-in-family
46288,Not-in-family
20088,Husband
23272,Own-child
13537,Husband
35665,Husband
43424,Unmarried
34987,Not-in-family
47598,Husband
8879,Husband
30441,Husband
31789,Wife
9734,Not-in-family
32360,Husband
29388,Not-in-family
42502,Own-child
32037,Husband
1642,Husband
32724,Own-child
43419,Husband
40692,Own-child
1263,Not-in-family
6047,Unmarried
20960,Husband
41212,Husband
44666,Unmarried
46317,Not-in-family
34635,Husband
15861,Own-child
16973,Husband
25860,Not-in-family
4826,Unmarried
29293,Not-in-family
18597,Husband
14457,Own-child
29067,Own-child
4000,Husband
40019,Own-child
9951,Unmarried
20954,Own-child
48827,Not-in-family
5400,Husband
14923,Own-child
26443,Own-child
38129,Not-in-family
41091,Own-child
11617,Husband
16678,Not-in-family
26722,Husband
46538,Husband
16368,Not-in-family
42226,Not-in-family
25972,Wife
37265,Unmarried
15793,Own-child
28623,Not-in-family
6373,Husband
43430,Own-child
23071,Other-relative
18041,Husband
42369,Not-in-family
21014,Husband
39033,Other-relative
46627,Husband
31234,Own-child
13362,Unmarried
33212,Unmarried
44161,Own-child
38694,Wife
7908,Unmarried
28869,Not-in-family
44464,Own-child
30122,Own-child
24500,Own-child
37945,Not-in-family
41051,Not-in-family
44530,Husband
44722,Husband
40716,Husband
20394,Husband
21362,Husband
31971,Not-in-family
1784,Not-in-family
29815,Husband
38848,Husband
6306,Husband
39313,Not-in-family
26374,Other-relative
19278,Other-relative
14554,Not-in-family
14995,Unmarried
23293,Own-child
33395,Husband
27204,Unmarried
8329,Unmarried
18911,Husband
48062,Other-relative
4242,Own-child
23783,Husband
9473,Not-in-family
39736,Husband
10432,Own-child
8540,Husband
39811,Unmarried
34932,Husband
6247,Own-child
15002,Husband
29602,Own-child
26269,Husband
37323,Own-child
27559,Not-in-family
48168,Not-in-family
34690,Husband
3501,Unmarried
9520,Not-in-family
22097,Unmarried
17988,Not-in-family
28733,Not-in-family
46151,Husband
32734,Husband
17295,Own-child
12138,Unmarried
2788,Not-in-family
44416,Husband
4196,Husband
6112,Husband
13099,Husband
38086,Husband
4934,Husband
31900,Not-in-family
44188,Unmarried
32074,Wife
1621,Husband
32386,Wife
27874,Other-relative
33990,Husband
43672,Husband
48781,Husband
13011,Own-child
44688,Husband
31797,Husband
7753,Unmarried
22224,Not-in-family
20622,Husband
38731,Not-in-family
38569,Husband
46699,Husband
18891,Not-in-family
12308,Own-child
11795,Not-in-family
46798,Unmarried
30920,Other-relative
18767,Not-in-family
28296,Husband
34533,Husband
4135,Unmarried
13225,Husband
39369,Own-child
3328,Husband
39342,Husband
30755,Unmarried
19422,Unmarried
8740,Husband
46842,Own-child
35382,Own-child
2519,Husband
35667,Own-child
10171,Husband
11410,Husband
29355,Not-in-family
41511,Husband
30953,Unmarried
25969,Husband
41072,Own-child
14527,Husband
12789,Not-in-family
8578,Not-in-family
2666,Own-child
28541,Own-child
14710,Not-in-family
16581,Own-child
23834,Not-in-family
33276,Not-in-family
5060,Husband
17547,Husband
24918,Unmarried
13117,Other-relative
32154,Husband
37198,Husband
26853,Not-in-family
8959,Husband
5247,Own-child
20143,Own-child
5308,Own-child
33915,Husband
24638,Husband
29707,Husband
9333,Unmarried
16883,Unmarried
22402,Husband
3660,Husband
19274,Unmarried
11613,Other-relative
46393,Not-in-family
35326,Not-in-family
4679,Other-relative
48659,Not-in-family
33901,Wife
16445,Other-relative
44727,Husband
28611,Unmarried
43477,Husband
9539,Not-in-family
14294,Husband
2040,Unmarried
30099,Husband
30765,Own-child
21167,Unmarried
2698,Not-in-family
3128,Husband
36584,Husband
36914,Husband
4106,Not-in-family
10940,Unmarried
38176,Own-child
32273,Own-child
12123,Own-child
15450,Wife
21950,Husband
13881,Husband
2337,Own-child
26212,Not-in-family
38675,Not-in-family
19243,Unmarried
12770,Husband
45458,Husband
19818,Own-child
31925,Husband
7892,Not-in-family
43206,Not-in-family
5274,Husband
35357,Husband
10399,Unmarried
46871,Unmarried
33311,Wife
19593,Not-in-family
43039,Husband
16078,Husband
1451,Unmarried
23350,Not-in-family
22179,Unmarried
43364,Own-child
44369,Own-child
7879,Husband
1047,Husband
38665,Not-in-family
43523,Not-in-family
1335,Not-in-family
43463,Own-child
19453,Husband
10751,Unmarried
3885,Own-child
34775,Unmarried
15737,Husband
38936,Not-in-family
3492,Husband
21975,Husband
30567,Not-in-family
33613,Husband
34561,Husband
3120,Unmarried
21669,Not-in-family
48448,Not-in-family
1510,Unmarried
21680,Husband
16443,Own-child
26161,Husband
47366,Husband
29188,Unmarried
33882,Husband
39315,Own-child
21923,Other-relative
17819,Not-in-family
44915,Husband
37365,Husband
14214,Husband
33051,Own-child
40411,Own-child
5322,Not-in-family
45790,Husband
1062,Husband
35904,Unmarried
44491,Unmarried
31208,Husband
47179,Husband
21482,Not-in-family
35721,Husband
47330,Not-in-family
8929,Husband
13454,Not-in-family
7485,Wife
42634,Husband
28424,Own-child
38972,Not-in-family
12258,Husband
3310,Not-in-family
19674,Not-in-family
32133,Husband
43205,Husband
36310,Not-in-family
11820,Husband
16203,Husband
33337,Husband
40765,Not-in-family
43387,Not-in-family
46202,Own-child
16359,Husband
20231,Not-in-family
26879,Husband
3393,Husband
41969,Own-child
45590,Husband
35819,Not-in-family
28753,Own-child
8754,Own-child
19111,Own-child
1294,Husband
21250,Husband
37199,Other-relative
28032,Not-in-family
20483,Unmarried
9571,Unmarried
30283,Husband
12867,Husband
8603,Not-in-family
36444,Own-child
44402,Not-in-family
21692,Not-in-family
11567,Not-in-family
39740,Unmarried
40520,Husband
14159,Husband
1815,Own-child
26574,Unmarried
36360,Husband
10749,Husband
7490,Husband
41369,Not-in-family
21993,Husband
20313,Own-child
29882,Husband
20409,Husband
19356,Husband
10044,Other-relative
5615,Not-in-family
5858,Not-in-family
38014,Husband
32758,Wife
335,Other-relative
18666,Not-in-family
26419,Husband
43980,Not-in-family
7065,Own-child
7205,Husband
3604,Husband
9489,Not-in-family
127,Husband
6872,Husband
44764,Other-relative
5503,Unmarried
26780,Unmarried
39193,Not-in-family
39895,Not-in-family
32681,Unmarried
5822,Wife
24250,Husband
13441,Own-child
5167,Husband
11968,Unmarried
37432,Not-in-family
15825,Husband
1636,Not-in-family
17759,Own-child
11683,Husband
40519,Not-in-family
28488,Husband
13298,Husband
30229,Own-child
16299,Own-child
20280,Not-in-family
22100,Not-in-family
36041,Unmarried
46582,Own-child
20051,Not-in-family
14137,Own-child
15993,Husband
44662,Unmarried
46483,Unmarried
13889,Husband
43554,Not-in-family
41123,Husband
1584,Husband
35157,Husband
8131,Own-child
47148,Husband
25182,Not-in-family
14950,Husband
27951,Husband
26032,Husband
35946,Not-in-family
21726,Husband
5637,Own-child
12224,Husband
43215,Husband
40126,Husband
43511,Own-child
1264,Own-child
25357,Own-child
36754,Not-in-family
19698,Unmarried
22630,Not-in-family
31649,Own-child
13145,Own-child
23814,Husband
35438,Not-in-family
46664,Not-in-family
48222,Husband
47722,Own-child
22705,Unmarried
12454,Not-in-family
21115,Own-child
36406,Own-child
21,Unmarried
39860,Husband
35929,Not-in-family
29240,Other-relative
3323,Husband
27137,Not-in-family
7939,Husband
24113,Husband
47413,Wife
48453,Not-in-family
48068,Not-in-family
43567,Husband
25047,Unmarried
20537,Husband
8686,Husband
8938,Not-in-family
22645,Husband
28056,Unmarried
3650,Own-child
31867,Other-relative
32145,Husband
17004,Husband
4445,Husband
26275,Husband
16350,Husband
17466,Wife
660,Husband
12075,Husband
20735,Wife
27526,Not-in-family
22058,Own-child
21747,Not-in-family
4959,Not-in-family
5746,Own-child
44467,Husband
30952,Husband
17657,Not-in-family
29239,Husband
16461,Husband
1426,Husband
47245,Not-in-family
33817,Not-in-family
35838,Not-in-family
19471,Husband
25742,Husband
12410,Own-child
7965,Husband
14812,Husband
40367,Husband
31027,Own-child
17738,Not-in-family
36381,Unmarried
19685,Husband
37558,Not-in-family
17164,Not-in-family
25240,Unmarried
44484,Not-in-family
8199,Not-in-family
13852,Other-relative
34922,Unmarried
45691,Own-child
5293,Husband
8009,Husband
14700,Not-in-family
25095,Not-in-family
45156,Not-in-family
32707,Unmarried
24992,Husband
21305,Own-child
7994,Husband
15903,Unmarried
4143,Husband
25991,Husband
5184,Wife
36334,Own-child
11720,Husband
21728,Own-child
16182,Husband
43550,Not-in-family
8421,Not-in-family
2515,Other-relative
4841,Other-relative
38636,Husband
42773,Other-relative
45532,Wife
15667,Not-in-family
32280,Not-in-family
28528,Not-in-family
41842,Not-in-family
37517,Other-relative
1213,Husband
40385,Unmarried
12100,Husband
22296,Not-in-family
30360,Own-child
32527,Own-child
26404,Wife
2299,Unmarried
44187,Husband
24708,Husband
41339,Not-in-family
16903,Husband
19725,Husband
28332,Husband
30764,Wife
31330,Unmarried
19998,Husband
46603,Husband
19512,Unmarried
12762,Husband
40051,Own-child
42756,Husband
38697,Wife
26841,Wife
8606,Not-in-family
39745,Own-child
10600,Husband
35302,Not-in-family
25893,Husband
17211,Unmarried
16291,Husband
2540,Unmarried
2212,Husband
20110,Unmarried
48284,Own-child
31244,Husband
47604,Husband
26258,Not-in-family
45342,Other-relative
23720,Not-in-family
12441,Not-in-family
34323,Other-relative
39036,Not-in-family
43997,Own-child
19188,Not-in-family
45797,Not-in-family
12502,Not-in-family
42090,Own-child
43735,Husband
32057,Husband
38082,Not-in-family
36951,Husband
40373,Wife
39580,Own-child
22269,Wife
33267,Wife
10070,Wife
15138,Husband
29853,Unmarried
31186,Unmarried
48362,Not-in-family
20532,Husband
11213,Not-in-family
25450,Not-in-family
32869,Husband
10240,Own-child
17234,Unmarried
11204,Husband
10929,Husband
21871,Husband
18584,Unmarried
34243,Own-child
37794,Unmarried
33757,Husband
21822,Husband
43344,Not-in-family
24292,Own-child
42881,Husband
9700,Husband
11068,Other-relative
13275,Not-in-family
47391,Husband
30601,Not-in-family
2492,Own-child
16691,Not-in-family
3443,Other-relative
18523,Not-in-family
35740,Own-child
11504,Husband
12681,Husband
5735,Own-child
28552,Not-in-family
1951,Husband
6630,Own-child
29617,Husband
48109,Wife
24887,Husband
27084,Husband
48193,Own-child
28917,Not-in-family
42955,Not-in-family
274,Own-child
48722,Husband
17849,Other-relative
6012,Not-in-family
45163,Not-in-family
12906,Husband
23887,Own-child
13930,Husband
26154,Husband
14779,Other-relative
44030,Unmarried
29553,Husband
32022,Unmarried
8425,Husband
35572,Not-in-family
1397,Husband
19941,Not-in-family
31376,Husband
37463,Not-in-family
47078,Husband
2246,Not-in-family
22628,Not-in-family
21183,Husband
33250,Husband
45802,Not-in-family
16170,Unmarried
45339,Not-in-family
33771,Not-in-family
19200,Own-child
28690,Wife
24645,Own-child
6333,Unmarried
7016,Own-child
36409,Husband
20069,Own-child
14550,Husband
43453,Other-relative
10075,Husband
6499,Husband
27380,Not-in-family
8228,Husband
41360,Wife
28790,Husband
19489,Husband
19092,Other-relative
10592,Unmarried
29948,Not-in-family
41386,Unmarried
19405,Not-in-family
46304,Own-child
37629,Husband
11792,Not-in-family
17793,Husband
33282,Husband
6684,Unmarried
47406,Not-in-family
44566,Husband
20118,Not-in-family
30600,Husband
40645,Own-child
5475,Husband
16186,Own-child
29909,Husband
26464,Other-relative
48820,Other-relative
19735,Not-in-family
39660,Unmarried
40856,Unmarried
22369,Husband
16375,Husband
35156,Husband
34828,Husband
9126,Husband
44563,Not-in-family
4459,Not-in-family
6480,Own-child
30436,Not-in-family
31038,Other-relative
15739,Husband
39122,Other-relative
30561,Husband
48441,Not-in-family
27722,Husband
8615,Not-in-family
15883,Own-child
17774,Unmarried
40839,Own-child
10538,Other-relative
42086,Husband
41408,Husband
29039,Unmarried
45086,Own-child
29685,Husband
19515,Unmarried
20057,Husband
35786,Husband
9478,Not-in-family
20135,Not-in-family
25723,Own-child
18195,Unmarried
38919,Not-in-family
6018,Own-child
35499,Not-in-family
21930,Not-in-family
18102,Not-in-family
17619,Unmarried
48443,Husband
5515,Own-child
34757,Own-child
10505,Not-in-family
18635,Husband
27302,Own-child
10880,Own-child
21192,Not-in-family
16138,Other-relative
27423,Not-in-family
18831,Husband
2438,Own-child
34439,Own-child
34147,Not-in-family
6134,Husband
40490,Wife
17114,Unmarried
26814,Husband
28137,Husband
98,Unmarried
5152,Not-in-family
27823,Husband
17857,Not-in-family
36331,Own-child
5143,Other-relative
48832,Husband
26852,Not-in-family
7105,Unmarried
29082,Own-child
41446,Husband
30406,Unmarried
2919,Husband
45791,Husband
8563,Own-child
2283,Unmarried
41860,Husband
34013,Husband
28900,Wife
39800,Wife
15027,Not-in-family
13162,Husband
41702,Own-child
47675,Not-in-family
17980,Own-child
16792,Not-in-family
4367,Husband
6264,Husband
26191,Own-child
26716,Husband
40991,Husband
34038,Husband
29458,Husband
11836,Husband
43040,Husband
33531,Not-in-family
44999,Wife
5451,Not-in-family
17390,Other-relative
39144,Own-child
30357,Unmarried
27546,Not-in-family
9983,Other-relative
26795,Husband
42262,Husband
42029,Husband
183,Husband
44298,Not-in-family
34188,Husband
24255,Unmarried
6725,Not-in-family
30732,Other-relative
40401,Own-child
31052,Own-child
20234,Wife
21407,Not-in-family
3071,Husband
36417,Husband
17832,Not-in-family
13248,Not-in-family
47793,Not-in-family
31767,Own-child
11492,Husband
38395,Not-in-family
29114,Not-in-family
387,Wife
28350,Own-child
22680,Husband
13176,Husband
46623,Not-in-family
14835,Husband
47398,Not-in-family
17094,Own-child
25808,Husband
46681,Husband
451,Husband
39708,Husband
11831,Not-in-family
27113,Husband
7536,Husband
13735,Husband
7573,Husband
19053,Not-in-family
47457,Husband
11014,Not-in-family
40595,Unmarried
36178,Other-relative
11161,Own-child
43182,Husband
39970,Not-in-family
4960,Own-child
6348,Other-relative
48542,Not-in-family
29828,Husband
36288,Husband
9831,Not-in-family
32097,Not-in-family
15304,Unmarried
25188,Husband
12344,Not-in-family
23182,Husband
2226,Unmarried
37022,Own-child
21660,Not-in-family
40488,Not-in-family
42686,Husband
28255,Husband
33386,Other-relative
17518,Husband
41122,Not-in-family
3155,Husband
29709,Husband
41316,Wife
32084,Unmarried
42623,Not-in-family
29309,Not-in-family
4344,Husband
41025,Husband
40587,Unmarried
35845,Husband
2153,Husband
43384,Not-in-family
47205,Husband
3992,Other-relative
6046,Wife
9956,Not-in-family
15588,Not-in-family
13339,Not-in-family
43699,Husband
16412,Husband
21637,Not-in-family
3936,Unmarried
44788,Husband
15201,Husband
22129,Husband
33266,Not-in-family
21334,Own-child
23128,Unmarried
38252,Husband
30260,Not-in-family
6886,Unmarried
26381,Husband
27984,Not-in-family
34909,Not-in-family
37482,Husband
30291,Own-child
18197,Not-in-family
7264,Not-in-family
28214,Husband
40321,Husband
21765,Own-child
24310,Wife
42056,Other-relative
21271,Husband
45218,Other-relative
33060,Not-in-family
44758,Husband
47756,Unmarried
36527,Husband
15683,Unmarried
43007,Not-in-family
29000,Not-in-family
48274,Husband
26916,Own-child
33406,Unmarried
3708,Husband
37009,Husband
16323,Not-in-family
16579,Own-child
8830,Husband
21561,Husband
35495,Unmarried
20873,Husband
20116,Wife
5675,Not-in-family
19360,Unmarried
37169,Not-in-family
14483,Not-in-family
48064,Not-in-family
45673,Husband
2795,Unmarried
38901,Husband
20771,Own-child
3284,Husband
48182,Own-child
3487,Not-in-family
17924,Husband
20236,Own-child
25737,Unmarried
18719,Unmarried
48595,Husband
44911,Husband
31284,Not-in-family
32615,Not-in-family
12929,Not-in-family
220,Husband
13627,Unmarried
1937,Unmarried
30244,Husband
30640,Not-in-family
8515,Own-child
31037,Not-in-family
10791,Unmarried
17937,Unmarried
13624,Own-child
5126,Other-relative
18055,Not-in-family
6493,Unmarried
39265,Husband
24543,Not-in-family
36954,Not-in-family
41323,Not-in-family
13432,Husband
37372,Own-child
32187,Own-child
31325,Own-child
27203,Not-in-family
1240,Not-in-family
15418,Husband
2502,Not-in-family
36007,Not-in-family
47219,Own-child
11180,Not-in-family
38583,Not-in-family
32047,Other-relative
47735,Other-relative
39868,Unmarried
25282,Husband
20400,Unmarried
16101,Not-in-family
22167,Not-in-family
32128,Other-relative
10967,Unmarried
21423,Not-in-family
44099,Not-in-family
3655,Husband
33651,Husband
3173,Wife
15212,Not-in-family
34321,Wife
19119,Own-child
46025,Husband
24066,Own-child
8062,Not-in-family
6804,Husband
7129,Not-in-family
30603,Husband
19853,Not-in-family
43392,Not-in-family
32816,Other-relative
41678,Husband
33675,Unmarried
48691,Husband
41337,Husband
1702,Husband
31706,Husband
41556,Not-in-family
12126,Own-child
39454,Not-in-family
40540,Husband
29124,Husband
11866,Unmarried
26558,Husband
23900,Husband
46235,Not-in-family
25391,Not-in-family
34758,Husband
25517,Not-in-family
23248,Husband
1485,Husband
9819,Not-in-family
41310,Husband
14668,Husband
20076,Husband
16397,Unmarried
7780,Not-in-family
37852,Own-child
15294,Husband
15557,Wife
18642,Husband
16704,Own-child
43272,Other-relative
20189,Own-child
22864,Not-in-family
25493,Not-in-family
8796,Husband
39240,Not-in-family
10876,Husband
42393,Unmarried
29754,Not-in-family
37733,Husband
22998,Not-in-family
28133,Not-in-family
17958,Unmarried
37399,Not-in-family
48638,Own-child
47710,Wife
23982,Not-in-family
8577,Husband
16225,Husband
13679,Husband
39718,Husband
44424,Not-in-family
35716,Not-in-family
993,Husband
816,Not-in-family
24477,Husband
20567,Not-in-family
2233,Husband
40650,Husband
3358,Husband
24494,Not-in-family
13098,Husband
1370,Own-child
4033,Not-in-family
40835,Not-in-family
41230,Wife
16702,Husband
44757,Husband
38818,Not-in-family
29018,Not-in-family
489,Husband
21809,Not-in-family
44541,Not-in-family
482,Not-in-family
40759,Not-in-family
32664,Not-in-family
35884,Husband
21816,Not-in-family
35876,Own-child
3497,Husband
32611,Own-child
18463,Husband
14175,Husband
26323,Husband
9710,Not-in-family
11771,Own-child
11622,Unmarried
25103,Not-in-family
14687,Husband
32024,Husband
10332,Husband
35114,Husband
45094,Husband
5397,Own-child
39802,Unmarried
36675,Not-in-family
45771,Not-in-family
20334,Not-in-family
28003,Other-relative
40649,Not-in-family
16982,Husband
912,Husband
28809,Own-child
2495,Husband
37691,Husband
9551,Unmarried
11594,Own-child
14964,Not-in-family
30899,Not-in-family
13389,Husband
26347,Husband
29302,Not-in-family
30189,Unmarried
32257,Husband
47868,Husband
1218,Not-in-family
29974,Not-in-family
7843,Husband
36113,Husband
35957,Husband
45906,Not-in-family
26960,Husband
33997,Not-in-family
23690,Own-child
48790,Husband
43269,Husband
18691,Husband
46653,Not-in-family
42883,Own-child
27408,Not-in-family
2392,Husband
22310,Unmarried
22493,Not-in-family
9709,Not-in-family
14098,Own-child
16047,Own-child
32165,Not-in-family
8315,Own-child
27592,Husband
2034,Own-child
41789,Own-child
39584,Not-in-family
45408,Not-in-family
30452,Own-child
22065,Own-child
12496,Unmarried
25621,Husband
16037,Husband
31690,Husband
11537,Wife
47698,Husband
32452,Husband
32181,Husband
11003,Not-in-family
8865,Wife
8635,Husband
23805,Not-in-family
24679,Husband
14155,Husband
528,Husband
17997,Husband
6125,Not-in-family
18511,Wife
35506,Husband
24665,Wife
3716,Husband
42813,Own-child
33905,Not-in-family
36329,Own-child
21759,Not-in-family
22117,Unmarried
15187,Husband
8183,Husband
13270,Husband
37964,Husband
33399,Husband
16053,Husband
36806,Not-in-family
37654,Husband
20354,Own-child
23890,Wife
7442,Not-in-family
47202,Not-in-family
41326,Not-in-family
32445,Not-in-family
38338,Not-in-family
299,Not-in-family
46577,Husband
42255,Husband
19402,Not-in-family
41322,Wife
42720,Not-in-family
42391,Husband
23419,Husband
17928,Wife
7004,Other-relative
40923,Not-in-family
11739,Husband
28572,Own-child
28692,Own-child
9361,Husband
40568,Not-in-family
44299,Not-in-family
9999,Unmarried
14720,Own-child
47094,Not-in-family
4913,Other-relative
45631,Husband
22449,Husband
29354,Unmarried
3075,Own-child
7644,Husband
47636,Husband
37800,Husband
31272,Husband
8375,Husband
44654,Not-in-family
43063,Husband
24582,Husband
32361,Not-in-family
46637,Husband
4509,Own-child
1799,Not-in-family
14054,Wife
929,Not-in-family
38707,Husband
1812,Husband
4764,Not-in-family
11765,Own-child
22139,Wife
47263,Not-in-family
19191,Not-in-family
31111,Own-child
44827,Not-in-family
4093,Husband
2112,Wife
22616,Own-child
24258,Wife
17079,Husband
9534,Husband
27649,Own-child
2242,Husband
2773,Not-in-family
11998,Own-child
30036,Husband
7458,Own-child
21921,Wife
45010,Not-in-family
44331,Husband
4468,Own-child
41983,Own-child
41672,Not-in-family
39469,Not-in-family
19575,Other-relative
5642,Husband
39049,Not-in-family
45419,Not-in-family
47577,Husband
37838,Not-in-family
20230,Own-child
32683,Own-child
983,Unmarried
45407,Not-in-family
45828,Husband
47811,Husband
14874,Wife
34970,Husband
3333,Husband
31248,Unmarried
44760,Not-in-family
46249,Unmarried
42532,Husband
40796,Not-in-family
38117,Own-child
3965,Wife
36895,Not-in-family
42595,Husband
5988,Not-in-family
11939,Not-in-family
9104,Not-in-family
13390,Husband
8164,Own-child
47493,Not-in-family
32281,Husband
27219,Not-in-family
37560,Husband
43454,Wife
1238,Own-child
26061,Unmarried
15146,Wife
476,Not-in-family
39512,Own-child
42647,Husband
45901,Other-relative
32509,Not-in-family
33466,Husband
34008,Unmarried
45553,Unmarried
34300,Husband
4379,Own-child
23978,Own-child
20279,Own-child
22743,Husband
4034,Not-in-family
33048,Not-in-family
1819,Husband
25833,Husband
16621,Unmarried
2177,Not-in-family
42799,Husband
17433,Own-child
37889,Husband
26542,Husband
31439,Own-child
14352,Not-in-family
38800,Other-relative
26021,Wife
31541,Not-in-family
8530,Not-in-family
42944,Husband
33497,Other-relative
1331,Not-in-family
29735,Not-in-family
35243,Husband
5298,Wife
8553,Own-child
28615,Husband
27907,Husband
47223,Husband
38516,Not-in-family
20406,Unmarried
25385,Unmarried
43395,Husband
48061,Own-child
14823,Not-in-family
37659,Not-in-family
20993,Not-in-family
38571,Own-child
34191,Own-child
10799,Husband
34902,Husband
18389,Own-child
6836,Own-child
264,Husband
32087,Not-in-family
12642,Wife
47844,Husband
4551,Not-in-family
18416,Own-child
36717,Not-in-family
9289,Not-in-family
37602,Husband
9545,Unmarried
25128,Unmarried
37225,Husband
19327,Not-in-family
31408,Unmarried
45318,Husband
40688,Own-child
42814,Husband
31786,Husband
17899,Not-in-family
37998,Husband
41250,Husband
27205,Not-in-family
47967,Other-relative
403,Not-in-family
41298,Not-in-family
27036,Own-child
23280,Husband
46001,Husband
46927,Not-in-family
47661,Not-in-family
7968,Husband
20552,Husband
5212,Not-in-family
16434,Husband
31575,Not-in-family
39674,Husband
2617,Not-in-family
27461,Husband
16485,Husband
36615,Own-child
14999,Husband
19991,Own-child
35634,Not-in-family
23622,Not-in-family
26639,Husband
42331,Husband
6867,Other-relative
43499,Not-in-family
8449,Not-in-family
25061,Husband
12758,Wife
13763,Husband
27264,Not-in-family
18012,Husband
1432,Not-in-family
14082,Husband
8474,Husband
27558,Own-child
22298,Own-child
36811,Husband
39294,Unmarried
47663,Other-relative
27758,Husband
13292,Not-in-family
47511,Husband
34790,Not-in-family
33464,Own-child
46562,Own-child
42101,Husband
29509,Own-child
14437,Husband
8308,Husband
35972,Own-child
34898,Husband
41191,Husband
48471,Husband
42342,Not-in-family
44625,Husband
46116,Husband
16949,Own-child
11871,Husband
39448,Not-in-family
4283,Husband
45690,Unmarried
9225,Husband
9606,Not-in-family
29513,Husband
39064,Not-in-family
31761,Husband
35062,Not-in-family
42329,Not-in-family
44680,Not-in-family
20160,Husband
17117,Husband
33942,Husband
33011,Husband
36815,Not-in-family
2220,Not-in-family
17202,Own-child
42293,Not-in-family
1101,Husband
15003,Husband
45338,Own-child
44089,Own-child
15933,Not-in-family
3830,Husband
21340,Husband
7497,Husband
15997,Unmarried
6563,Husband
37021,Unmarried
45501,Husband
27185,Not-in-family
30376,Unmarried
3141,Husband
25449,Husband
15992,Not-in-family
7426,Unmarried
46840,Not-in-family
33614,Own-child
42352,Husband
14230,Not-in-family
22280,Husband
13781,Not-in-family
22792,Husband
31434,Husband
28747,Husband
13706,Own-child
29399,Other-relative
32321,Husband
10474,Husband
25565,Unmarried
6802,Unmarried
3837,Not-in-family
33869,Own-child
36663,Husband
41845,Own-child
21033,Not-in-family
32613,Own-child
3663,Husband
41822,Husband
14888,Not-in-family
24192,Own-child
14677,Husband
38931,Husband
2064,Not-in-family
36923,Own-child
17771,Husband
27982,Not-in-family
19617,Husband
7432,Husband
46720,Husband
8473,Husband
5563,Not-in-family
29446,Husband
15325,Husband
41565,Unmarried
25668,Husband
2497,Husband
17406,Husband
42901,Husband
5329,Husband
10193,Husband
29299,Husband
46182,Not-in-family
1801,Unmarried
6922,Not-in-family
33413,Own-child
43518,Not-in-family
26431,Not-in-family
27026,Other-relative
17152,Own-child
30661,Husband
47402,Husband
22454,Husband
35800,Wife
11255,Husband
36528,Not-in-family
42034,Not-in-family
15577,Wife
47525,Unmarried
22185,Own-child
10168,Not-in-family
6577,Husband
21981,Husband
38372,Not-in-family
33058,Not-in-family
16822,Unmarried
19205,Not-in-family
18128,Not-in-family
42609,Unmarried
9400,Husband
26617,Unmarried
16052,Husband
12364,Husband
40855,Husband
8071,Own-child
47750,Not-in-family
9174,Own-child
635,Own-child
9781,Husband
23387,Unmarried
21588,Husband
30512,Not-in-family
30499,Not-in-family
37714,Not-in-family
8200,Unmarried
19609,Other-relative
47283,Unmarried
24007,Not-in-family
15565,Husband
13089,Husband
16013,Unmarried
20545,Husband
3074,Own-child
15047,Not-in-family
37296,Unmarried
44970,Husband
27349,Husband
8092,Unmarried
45981,Husband
9629,Husband
3038,Husband
31669,Husband
33554,Husband
30056,Own-child
17032,Husband
14565,Husband
19026,Not-in-family
9747,Own-child
43262,Husband
2085,Husband
14925,Husband
636,Not-in-family
41529,Wife
11297,Husband
1314,Husband
40761,Unmarried
14306,Wife
22372,Not-in-family
41270,Wife
45352,Not-in-family
26470,Husband
43401,Husband
24036,Husband
28853,Not-in-family
1475,Husband
21591,Not-in-family
552,Unmarried
32502,Husband
4048,Husband
32005,Husband
6817,Husband
4732,Unmarried
10017,Husband
26594,Unmarried
39628,Unmarried
24771,Not-in-family
46962,Own-child
28455,Husband
25652,Not-in-family
9334,Husband
19505,Not-in-family
6699,Husband
33712,Husband
31738,Not-in-family
21924,Not-in-family
31411,Husband
6868,Unmarried
2479,Unmarried
28652,Husband
5942,Not-in-family
7140,Husband
34328,Wife
34964,Own-child
34302,Own-child
32459,Husband
37877,Not-in-family
4145,Wife
17836,Not-in-family
23812,Own-child
48423,Not-in-family
34832,Own-child
29551,Unmarried
7842,Husband
28530,Unmarried
29144,Wife
6562,Husband
4684,Not-in-family
1013,Husband
34864,Husband
2656,Own-child
16118,Unmarried
7534,Husband
21182,Unmarried
47758,Husband
29305,Not-in-family
32557,Husband
384,Wife
1360,Not-in-family
13548,Husband
40063,Unmarried
2189,Not-in-family
15290,Husband
12761,Husband
11231,Own-child
34517,Husband
9100,Not-in-family
28794,Not-in-family
45769,Own-child
20139,Not-in-family
10877,Unmarried
39034,Other-relative
44239,Unmarried
35725,Husband
20328,Unmarried
14133,Own-child
12580,Husband
18824,Own-child
27365,Husband
29070,Unmarried
42063,Unmarried
38758,Not-in-family
13722,Husband
32845,Husband
14801,Own-child
15352,Not-in-family
22526,Husband
40271,Husband
8890,Unmarried
6727,Not-in-family
42406,Husband
44159,Husband
28097,Not-in-family
45254,Unmarried
7459,Unmarried
45495,Not-in-family
38882,Husband
11689,Husband
33514,Other-relative
34811,Own-child
4904,Own-child
20736,Husband
38212,Husband
44160,Not-in-family
2733,Unmarried
11073,Not-in-family
45054,Not-in-family
16310,Husband
34608,Not-in-family
29335,Husband
27447,Husband
15758,Not-in-family
46830,Husband
35637,Husband
15037,Unmarried
47612,Husband
12023,Wife
6777,Unmarried
13752,Husband
9286,Not-in-family
17046,Not-in-family
25774,Husband
33163,Unmarried
535,Husband
7838,Husband
14332,Husband
29288,Not-in-family
18080,Husband
32528,Wife
16710,Own-child
44593,Unmarried
22037,Not-in-family
21689,Other-relative
27837,Husband
15864,Husband
12026,Husband
5884,Unmarried
29426,Husband
42701,Not-in-family
9801,Husband
17468,Not-in-family
45741,Not-in-family
30903,Not-in-family
7650,Husband
21040,Husband
17243,Unmarried
27259,Not-in-family
9548,Unmarried
9455,Own-child
33079,Husband
35945,Not-in-family
21705,Not-in-family
7871,Husband
48498,Husband
27243,Own-child
44718,Unmarried
42404,Not-in-family
41600,Husband
14036,Wife
11353,Own-child
28461,Own-child
2916,Unmarried
19310,Husband
41926,Husband
23002,Husband
25193,Not-in-family
13517,Husband
34155,Wife
20711,Unmarried
33734,Husband
20274,Other-relative
22954,Not-in-family
23886,Husband
3593,Wife
39938,Not-in-family
17539,Not-in-family
15568,Husband
35147,Husband
47084,Wife
35892,Own-child
16430,Husband
14084,Not-in-family
9672,Not-in-family
1970,Not-in-family
1249,Own-child
5625,Husband
22619,Own-child
3271,Husband
12243,Not-in-family
22498,Husband
27110,Wife
20379,Husband
3972,Own-child
20386,Husband
19181,Not-in-family
30762,Husband
1779,Husband
8148,Not-in-family
13373,Own-child
3613,Own-child
42983,Not-in-family
46297,Husband
28275,Own-child
37684,Husband
46380,Not-in-family
35149,Other-relative
33414,Husband
28184,Husband
38388,Not-in-family
19629,Not-in-family
12276,Not-in-family
47357,Not-in-family
13184,Unmarried
21846,Own-child
25852,Husband
28985,Husband
4430,Wife
5742,Unmarried
27612,Husband
13573,Other-relative
42886,Not-in-family
28517,Own-child
21188,Husband
8723,Own-child
14598,Unmarried
29266,Husband
7333,Own-child
19794,Husband
23672,Husband
48675,Not-in-family
25592,Not-in-family
10691,Husband
5918,Husband
12800,Husband
30426,Husband
7070,Not-in-family
39406,Not-in-family
37748,Husband
43148,Not-in-family
28990,Husband
33909,Not-in-family
28354,Husband
37661,Own-child
32450,Husband
43722,Husband
39804,Not-in-family
33880,Husband
18516,Own-child
40987,Not-in-family
45750,Not-in-family
10274,Husband
32363,Husband
8556,Own-child
12206,Husband
11202,Not-in-family
28895,Husband
13773,Unmarried
38411,Husband
23250,Own-child
3913,Husband
11288,Own-child
27565,Own-child
15854,Own-child
31920,Not-in-family
44796,Husband
45596,Own-child
915,Husband
2109,Husband
17368,Husband
4173,Own-child
40308,Husband
1873,Not-in-family
26822,Husband
45378,Wife
45862,Husband
9097,Not-in-family
27651,Unmarried
14798,Not-in-family
24089,Husband
34363,Not-in-family
44505,Husband
6422,Not-in-family
26207,Husband
3417,Not-in-family
10084,Unmarried
1358,Not-in-family
3685,Husband
10090,Not-in-family
21459,Not-in-family
27109,Husband
18533,Unmarried
47863,Husband
33767,Husband
12883,Not-in-family
43802,Other-relative
12809,Own-child
2053,Unmarried
9575,Wife
45724,Not-in-family
29829,Unmarried
3442,Husband
34004,Not-in-family
47011,Not-in-family
35109,Not-in-family
11205,Unmarried
11458,Not-in-family
17881,Not-in-family
6452,Not-in-family
41535,Own-child
28055,Husband
10529,Husband
26237,Not-in-family
7565,Unmarried
34673,Not-in-family
4142,Not-in-family
10962,Not-in-family
13063,Husband
16858,Unmarried
41990,Not-in-family
16255,Unmarried
38158,Not-in-family
30534,Not-in-family
32884,Husband
13999,Husband
15982,Not-in-family
28090,Unmarried
38669,Not-in-family
32620,Husband
17565,Not-in-family
48750,Not-in-family
37766,Husband
9659,Unmarried
14201,Unmarried
41504,Not-in-family
40887,Husband
9051,Own-child
29768,Unmarried
44584,Own-child
41374,Wife
45142,Not-in-family
46038,Unmarried
41547,Husband
35620,Not-in-family
28147,Not-in-family
38101,Husband
10919,Husband
20506,Other-relative
14795,Husband
39483,Not-in-family
12984,Unmarried
20688,Husband
21730,Own-child
21509,Not-in-family
6971,Husband
40502,Own-child
29174,Not-in-family
42450,Husband
24242,Not-in-family
7363,Unmarried
28649,Husband
23087,Wife
3000,Husband
9102,Unmarried
13091,Own-child
35287,Own-child
17424,Husband
2124,Own-child
15582,Not-in-family
40880,Husband
30132,Own-child
42082,Husband
35483,Husband
16576,Husband
28512,Other-relative
7326,Not-in-family
23465,Unmarried
38626,Unmarried
35947,Own-child
47962,Unmarried
16074,Unmarried
13599,Husband
7165,Own-child
7217,Husband
31681,Husband
1925,Not-in-family
24479,Not-in-family
7624,Husband
32481,Unmarried
39477,Husband
14609,Husband
40707,Not-in-family
6808,Husband
24591,Not-in-family
13353,Husband
4999,Not-in-family
5301,Husband
33009,Own-child
12142,Husband
14302,Not-in-family
27588,Own-child
2934,Own-child
11433,Not-in-family
42449,Husband
25166,Husband
40879,Own-child
13914,Husband
36868,Unmarried
8065,Husband
38491,Husband
21403,Husband
45435,Unmarried
24730,Unmarried
9961,Unmarried
39249,Own-child
15786,Husband
36898,Not-in-family
33886,Not-in-family
1333,Husband
44635,Not-in-family
25124,Wife
8967,Husband
5522,Unmarried
32622,Not-in-family
1962,Husband
33887,Husband
2730,Other-relative
40607,Not-in-family
13967,Husband
14315,Husband
34591,Wife
4129,Not-in-family
16644,Not-in-family
29438,Own-child
12424,Not-in-family
18467,Unmarried
6633,Husband
22581,Husband
16270,Not-in-family
1135,Husband
27505,Husband
1894,Not-in-family
27794,Not-in-family
47510,Husband
18630,Own-child
33071,Own-child
24816,Own-child
26707,Husband
44016,Not-in-family
39305,Own-child
27445,Husband
35187,Husband
6664,Wife
20629,Own-child
1930,Not-in-family
21941,Husband
5109,Not-in-family
46522,Not-in-family
44848,Husband
4044,Own-child
36601,Husband
11160,Husband
8779,Husband
8956,Husband
2419,Husband
747,Own-child
21608,Not-in-family
5666,Husband
45982,Husband
39690,Other-relative
41045,Not-in-family
42583,Husband
20951,Not-in-family
37251,Husband
441,Not-in-family
546,Wife
23044,Husband
39399,Not-in-family
44125,Not-in-family
34231,Not-in-family
8219,Wife
9482,Husband
48037,Husband
22184,Not-in-family
17675,Husband
1662,Not-in-family
23080,Husband
14191,Husband
33754,Not-in-family
19066,Husband
13668,Not-in-family
8617,Not-in-family
22411,Not-in-family
18190,Husband
13813,Wife
8987,Husband
6880,Husband
20502,Other-relative
13312,Husband
9698,Not-in-family
11503,Husband
17908,Unmarried
39419,Wife
44614,Husband
46780,Own-child
18324,Own-child
13761,Not-in-family
3133,Own-child
5028,Husband
46766,Unmarried
11696,Husband
43604,Not-in-family
8894,Not-in-family
31198,Husband
7630,Unmarried
4291,Husband
32325,Own-child
35078,Husband
33895,Husband
22251,Husband
45677,Husband
23050,Own-child
15065,Not-in-family
14721,Husband
19580,Own-child
10390,Husband
42038,Husband
23359,Husband
9901,Wife
17685,Husband
851,Not-in-family
27686,Not-in-family
32889,Husband
47168,Husband
14154,Husband
43844,Not-in-family
25425,Husband
43270,Husband
3937,Not-in-family
46217,Unmarried
38918,Husband
12772,Own-child
5330,Husband
15156,Not-in-family
17434,Husband
36392,Own-child
21313,Husband
8964,Not-in-family
2767,Husband
47803,Not-in-family
32042,Unmarried
34626,Own-child
16246,Husband
8505,Husband
42721,Husband
9088,Not-in-family
32378,Not-in-family
5654,Not-in-family
5616,Own-child
21918,Own-child
36580,Husband
42244,Not-in-family
34857,Unmarried
8584,Husband
21870,Not-in-family
24052,Husband
25525,Unmarried
35474,Not-in-family
27396,Unmarried
24753,Unmarried
38432,Own-child
22204,Husband
30422,Unmarried
25010,Other-relative
41588,Husband
39981,Husband
21830,Husband
24127,Own-child
13531,Husband
12886,Unmarried
34566,Husband
34499,Unmarried
45848,Not-in-family
10514,Husband
34860,Husband
37052,Own-child
18444,Husband
43320,Not-in-family
23545,Husband
17413,Unmarried
39901,Not-in-family
37590,Not-in-family
7910,Own-child
22844,Husband
47023,Not-in-family
25243,Husband
10907,Husband
18178,Not-in-family
40276,Own-child
8647,Unmarried
33793,Own-child
28472,Husband
12528,Own-child
4726,Husband
33036,Not-in-family
21388,Own-child
13830,Not-in-family
35693,Husband
40829,Husband
353,Husband
40259,Wife
27500,Not-in-family
10446,Husband
27621,Own-child
26510,Own-child
29603,Unmarried
45047,Husband
23995,Husband
8845,Unmarried
24447,Husband
17927,Husband
43579,Not-in-family
16709,Not-in-family
46904,Not-in-family
44772,Husband
29654,Husband
30142,Husband
39536,Husband
48766,Husband
23960,Husband
6050,Husband
16015,Not-in-family
42265,Husband
40806,Wife
45961,Not-in-family
12775,Own-child
22563,Own-child
47229,Not-in-family
6668,Wife
34814,Husband
37253,Husband
29806,Husband
19939,Husband
33511,Unmarried
6286,Not-in-family
47316,Husband
41493,Husband
41437,Husband
17718,Own-child
1615,Husband
15202,Husband
18987,Husband
25721,Husband
18503,Not-in-family
1972,Not-in-family
23500,Husband
46827,Husband
20277,Husband
44912,Wife
3649,Own-child
18310,Own-child
4177,Husband
20267,Own-child
40265,Wife
43966,Wife
43878,Own-child
7798,Husband
6648,Not-in-family
34150,Own-child
1339,Husband
39931,Own-child
43863,Other-relative
27729,Own-child
23599,Unmarried
48292,Own-child
37428,Own-child
17144,Husband
45895,Husband
26135,Wife
24830,Husband
9244,Not-in-family
28923,Not-in-family
9615,Husband
5995,Own-child
29945,Husband
20542,Unmarried
42987,Not-in-family
6973,Husband
5208,Unmarried
8442,Not-in-family
22609,Not-in-family
43047,Not-in-family
13345,Wife
10768,Husband
12671,Own-child
32050,Husband
33982,Not-in-family
29543,Own-child
16110,Own-child
7110,Not-in-family
11468,Husband
40029,Husband
691,Own-child
21590,Husband
5219,Wife
28955,Not-in-family
48783,Own-child
24101,Husband
28793,Not-in-family
33746,Not-in-family
21230,Own-child
32020,Own-child
12714,Husband
18649,Not-in-family
4731,Other-relative
16992,Husband
9139,Not-in-family
36336,Husband
16758,Husband
32609,Not-in-family
44821,Husband
42491,Husband
29886,Husband
15071,Not-in-family
45630,Husband
25370,Husband
24153,Not-in-family
26652,Husband
33639,Husband
13119,Husband
11453,Husband
22646,Not-in-family
13158,Own-child
3690,Husband
33794,Husband
26217,Husband
14317,Unmarried
43577,Not-in-family
22303,Own-child
15233,Unmarried
13017,Unmarried
7571,Not-in-family
44725,Not-in-family
465,Wife
19690,Wife
12683,Not-in-family
13658,Unmarried
35971,Not-in-family
32838,Own-child
879,Not-in-family
27249,Own-child
37182,Own-child
42441,Other-relative
28155,Husband
42618,Unmarried
22114,Husband
46641,Own-child
42858,Not-in-family
26533,Husband
22713,Husband
9083,Husband
2554,Husband
8050,Husband
45472,Husband
48371,Not-in-family
40897,Not-in-family
4397,Not-in-family
15958,Not-in-family
33813,Unmarried
22992,Not-in-family
4912,Own-child
21155,Not-in-family
34418,Other-relative
1939,Not-in-family
29552,Husband
16475,Not-in-family
38948,Not-in-family
44242,Husband
48107,Husband
40460,Own-child
38888,Husband
3121,Own-child
28400,Husband
14627,Husband
22219,Husband
19537,Not-in-family
47451,Husband
46543,Wife
22341,Husband
6382,Husband
46384,Unmarried
24746,Husband
21856,Unmarried
17472,Wife
15263,Husband
32262,Wife
44473,Husband
33878,Unmarried
27998,Not-in-family
36479,Own-child
28854,Husband
29540,Husband
33946,Own-child
30255,Unmarried
11879,Husband
20739,Unmarried
24709,Husband
30760,Own-child
48445,Husband
17455,Husband
16575,Unmarried
25165,Not-in-family
32805,Own-child
27743,Not-in-family
27960,Not-in-family
17574,Not-in-family
587,Own-child
17968,Wife
27232,Not-in-family
19876,Husband
29840,Husband
14940,Husband
45063,Husband
2603,Not-in-family
17297,Not-in-family
14929,Husband
34129,Other-relative
31935,Own-child
40375,Not-in-family
17798,Own-child
29504,Husband
47626,Husband
8661,Unmarried
2524,Husband
26628,Unmarried
18478,Husband
17669,Not-in-family
4814,Own-child
10347,Husband
32235,Own-child
11482,Husband
1682,Husband
20129,Husband
32769,Wife
17513,Husband
45153,Own-child
36979,Husband
31335,Wife
34047,Husband
15371,Husband
37860,Unmarried
32658,Husband
46770,Husband
19504,Husband
9693,Not-in-family
44137,Husband
44926,Own-child
8232,Not-in-family
17284,Unmarried
32384,Husband
2854,Not-in-family
17089,Own-child
46992,Not-in-family
43336,Husband
11069,Husband
38602,Not-in-family
41048,Husband
42114,Own-child
25754,Other-relative
16098,Not-in-family
8881,Own-child
19049,Husband
15728,Own-child
10772,Wife
6127,Unmarried
4892,Own-child
39329,Other-relative
13397,Not-in-family
21365,Not-in-family
39485,Other-relative
28540,Unmarried
15551,Husband
26952,Husband
33789,Husband
23191,Not-in-family
17469,Unmarried
48644,Unmarried
3931,Unmarried
10818,Husband
42632,Own-child
30176,Not-in-family
40374,Husband
2650,Own-child
21031,Own-child
10400,Own-child
5261,Not-in-family
15943,Husband
19500,Husband
29253,Husband
38167,Husband
39131,Own-child
23410,Husband
8378,Own-child
36099,Husband
20730,Own-child
31493,Not-in-family
210,Husband
9644,Own-child
14166,Not-in-family
15824,Other-relative
1821,Not-in-family
25336,Husband
18787,Not-in-family
15322,Husband
40881,Not-in-family
28903,Husband
42824,Husband
19859,Husband
24672,Husband
34973,Unmarried
8516,Own-child
20219,Not-in-family
8941,Unmarried
16491,Own-child
37805,Husband
48149,Husband
45521,Not-in-family
7245,Own-child
47867,Not-in-family
18692,Unmarried
22091,Own-child
35313,Not-in-family
25340,Own-child
27279,Husband
5232,Not-in-family
41605,Not-in-family
6930,Own-child
47113,Husband
25560,Husband
14188,Husband
47395,Not-in-family
25277,Husband
9416,Husband
33304,Husband
24528,Husband
46725,Unmarried
4522,Not-in-family
18052,Husband
40364,Husband
46786,Husband
48534,Husband
1446,Husband
9508,Husband
25817,Husband
40932,Other-relative
41474,Husband
45558,Husband
13464,Not-in-family
15251,Husband
42042,Not-in-family
5187,Not-in-family
11258,Wife
3601,Not-in-family
15366,Husband
14243,Own-child
9864,Not-in-family
29875,Own-child
34645,Wife
13450,Unmarried
38258,Husband
37045,Own-child
18415,Not-in-family
9786,Husband
37900,Own-child
34252,Not-in-family
6770,Own-child
3869,Not-in-family
27188,Husband
47706,Husband
48402,Husband
2405,Husband
1209,Husband
18248,Husband
11227,Not-in-family
35234,Husband
2771,Not-in-family
11779,Husband
40473,Husband
6111,Husband
20137,Wife
17806,Not-in-family
36096,Own-child
329,Not-in-family
45778,Husband
15604,Husband
5318,Husband
17698,Not-in-family
32902,Not-in-family
46418,Not-in-family
9908,Husband
45852,Husband
7399,Not-in-family
18918,Husband
18860,Not-in-family
46733,Own-child
43736,Own-child
35022,Unmarried
36082,Husband
42373,Own-child
24585,Own-child
6539,Not-in-family
27200,Husband
1884,Unmarried
27624,Own-child
11620,Husband
14811,Husband
20253,Not-in-family
42438,Wife
33612,Husband
17981,Husband
8695,Own-child
28,Not-in-family
19779,Not-in-family
25884,Not-in-family
15549,Husband
27011,Unmarried
39357,Husband
46176,Husband
22592,Wife
43805,Husband
38820,Not-in-family
6324,Husband
48759,Husband
5824,Husband
6858,Husband
39777,Husband
36368,Husband
10978,Wife
47902,Husband
23198,Unmarried
16207,Husband
10326,Unmarried
45382,Husband
48180,Unmarried
39421,Own-child
396,Unmarried
22306,Husband
28141,Unmarried
31026,Husband
10262,Other-relative
18695,Husband
22448,Not-in-family
48511,Unmarried
46493,Husband
20322,Not-in-family
41523,Not-in-family
48127,Wife
39651,Wife
214,Husband
18553,Wife
47851,Wife
32021,Husband
33029,Husband
35448,Own-child
4851,Husband
45747,Wife
111,Husband
10508,Husband
47790,Husband
44956,Husband
31227,Husband
20610,Wife
32868,Own-child
34359,Husband
37285,Husband
11767,Unmarried
6801,Not-in-family
22110,Not-in-family
33114,Not-in-family
7633,Husband
5734,Husband
15260,Unmarried
37696,Own-child
41997,Husband
48005,Husband
6571,Own-child
21051,Husband
18540,Husband
9251,Unmarried
40705,Husband
30970,Husband
4026,Not-in-family
28405,Husband
44333,Husband
16622,Not-in-family
8574,Not-in-family
3880,Husband
32720,Not-in-family
2328,Husband
41680,Not-in-family
1583,Not-in-family
48363,Husband
19052,Husband
13791,Other-relative
26422,Not-in-family
7903,Own-child
40734,Husband
36374,Own-child
44854,Own-child
19410,Husband
35900,Husband
8819,Wife
40663,Other-relative
39252,Husband
25693,Unmarried
15697,Not-in-family
11333,Own-child
8668,Husband
44989,Not-in-family
44058,Husband
41879,Other-relative
14121,Not-in-family
21268,Unmarried
1996,Husband
16699,Husband
26294,Not-in-family
3692,Husband
37634,Not-in-family
34588,Unmarried
36920,Husband
44957,Not-in-family
8291,Own-child
21213,Husband
13775,Husband
35990,Husband
10421,Husband
47677,Unmarried
18780,Unmarried
6177,Husband
36378,Own-child
3073,Own-child
22182,Husband
34924,Not-in-family
17407,Unmarried
23075,Not-in-family
491,Not-in-family
37692,Not-in-family
6980,Husband
46732,Unmarried
12573,Wife
1379,Unmarried
3605,Own-child
24413,Not-in-family
41874,Husband
31584,Unmarried
47715,Husband
14917,Husband
28762,Husband
41097,Not-in-family
31712,Wife
40641,Not-in-family
3150,Husband
17122,Wife
24991,Not-in-family
184,Husband
1953,Husband
7410,Own-child
19598,Wife
16701,Husband
4362,Not-in-family
21558,Own-child
48228,Not-in-family
34082,Husband
28661,Husband
5776,Husband
7085,Husband
31162,Husband
33308,Not-in-family
41507,Husband
4711,Husband
1672,Husband
44737,Husband
17265,Husband
1204,Husband
43996,Wife
21935,Unmarried
22679,Husband
40066,Own-child
36393,Unmarried
41183,Not-in-family
35985,Husband
5611,Own-child
15902,Unmarried
30297,Wife
8431,Husband
47930,Unmarried
34508,Not-in-family
46272,Not-in-family
12995,Own-child
6344,Husband
10455,Husband
19835,Not-in-family
43719,Own-child
704,Unmarried
2823,Own-child
9720,Unmarried
14555,Own-child
1897,Not-in-family
2862,Unmarried
30410,Husband
29498,Unmarried
38779,Wife
38080,Own-child
18745,Unmarried
27229,Husband
41272,Husband
47856,Husband
22579,Unmarried
43248,Husband
17249,Not-in-family
32193,Not-in-family
14597,Husband
24470,Husband
38282,Own-child
48612,Unmarried
13810,Wife
4471,Husband
12220,Not-in-family
1723,Husband
27369,Husband
16218,Own-child
32768,Husband
20599,Husband
21694,Own-child
13041,Other-relative
9132,Not-in-family
27677,Other-relative
11547,Other-relative
7761,Own-child
5496,Not-in-family
4295,Husband
26131,Husband
34349,Own-child
11092,Husband
36079,Husband
22815,Unmarried
44953,Husband
17336,Husband
1288,Not-in-family
29150,Own-child
46639,Not-in-family
16860,Other-relative
26103,Husband
15800,Not-in-family
12059,Own-child
47773,Husband
26057,Husband
38573,Husband
38911,Husband
46734,Not-in-family
4674,Husband
37851,Not-in-family
882,Husband
32466,Husband
30100,Husband
9566,Not-in-family
41889,Unmarried
23452,Husband
28358,Not-in-family
21937,Not-in-family
32416,Husband
6730,Not-in-family
390,Wife
46435,Husband
42952,Own-child
11225,Not-in-family
3523,Husband
31384,Other-relative
40768,Not-in-family
32793,Unmarried
46284,Own-child
11240,Husband
32405,Husband
46564,Husband
11178,Unmarried
9527,Own-child
35590,Husband
4989,Unmarried
28381,Husband
44267,Unmarried
8569,Not-in-family
19562,Wife
12219,Unmarried
23265,Unmarried
23428,Not-in-family
247,Not-in-family
15702,Not-in-family
45822,Husband
15653,Own-child
3011,Not-in-family
6361,Not-in-family
22391,Husband
42088,Not-in-family
13562,Own-child
23650,Husband
37208,Own-child
5442,Wife
37030,Not-in-family
35528,Husband
22988,Not-in-family
8451,Not-in-family
44710,Husband
14631,Own-child
39350,Husband
18820,Not-in-family
13638,Not-in-family
45189,Husband
27216,Wife
41273,Husband
5792,Husband
38379,Wife
15404,Not-in-family
30804,Husband
20837,Husband
44100,Unmarried
43283,Husband
11694,Husband
4449,Not-in-family
11778,Own-child
12723,Husband
6143,Wife
28114,Own-child
41582,Own-child
10071,Husband
1395,Unmarried
17135,Wife
26141,Husband
11445,Husband
24049,Husband
46649,Husband
46961,Own-child
36665,Husband
46912,Own-child
42061,Not-in-family
3915,Husband
5153,Unmarried
36949,Wife
44773,Husband
21218,Wife
36937,Own-child
25757,Unmarried
8912,Husband
46277,Not-in-family
23881,Own-child
12275,Not-in-family
28795,Not-in-family
28568,Own-child
9290,Wife
1542,Not-in-family
7719,Not-in-family
46113,Unmarried
38040,Wife
36168,Husband
43757,Not-in-family
27891,Not-in-family
130,Not-in-family
33349,Not-in-family
27354,Not-in-family
10473,Husband
34954,Husband
16476,Husband
1040,Not-in-family
25664,Unmarried
21721,Not-in-family
11428,Husband
15067,Not-in-family
10383,Not-in-family
1625,Husband
30159,Unmarried
9756,Unmarried
45323,Husband
23025,Own-child
27418,Husband
37874,Husband
8522,Not-in-family
36499,Own-child
392,Not-in-family
38684,Wife
47043,Own-child
41656,Unmarried
46825,Husband
9784,Other-relative
4878,Wife
10249,Own-child
4949,Husband
41664,Unmarried
16541,Husband
3263,Not-in-family
32572,Husband
39534,Not-in-family
12511,Other-relative
20482,Not-in-family
33716,Not-in-family
32612,Own-child
21464,Husband
6232,Husband
30387,Not-in-family
16594,Husband
13076,Husband
39916,Husband
2318,Husband
9897,Husband
45882,Husband
6891,Unmarried
40511,Husband
9265,Husband
14476,Husband
12042,Unmarried
41748,Wife
11808,Wife
41188,Not-in-family
34596,Husband
1958,Not-in-family
44842,Other-relative
16787,Own-child
20738,Not-in-family
3360,Wife
5014,Not-in-family
33543,Unmarried
15828,Not-in-family
23304,Unmarried
45755,Husband
36989,Husband
2969,Not-in-family
6517,Not-in-family
22956,Husband
12322,Not-in-family
1148,Husband
8801,Not-in-family
16543,Husband
23547,Unmarried
28380,Own-child
38801,Unmarried
22266,Husband
943,Not-in-family
48599,Own-child
17290,Own-child
34273,Not-in-family
33072,Unmarried
7774,Unmarried
47628,Not-in-family
39434,Own-child
28486,Husband
20087,Own-child
47151,Husband
43510,Husband
42312,Husband
23632,Own-child
48798,Husband
10939,Not-in-family
47139,Own-child
27117,Husband
29923,Wife
31825,Husband
7882,Not-in-family
8252,Not-in-family
17037,Not-in-family
25179,Own-child
35816,Own-child
43773,Not-in-family
20278,Husband
43994,Wife
30921,Husband
853,Not-in-family
35910,Husband
17053,Husband
21372,Not-in-family
10225,Husband
28671,Husband
11556,Unmarried
3058,Own-child
23314,Not-in-family
15756,Not-in-family
40816,Husband
4543,Husband
32241,Not-in-family
34630,Unmarried
46411,Not-in-family
1455,Unmarried
5483,Not-in-family
18549,Own-child
14314,Husband
3914,Husband
13611,Husband
26335,Husband
41919,Not-in-family
33861,Not-in-family
20859,Wife
15285,Not-in-family
18969,Unmarried
5281,Not-in-family
19605,Not-in-family
19198,Husband
11116,Husband
11847,Not-in-family
40551,Own-child
8161,Not-in-family
14432,Own-child
32695,Husband
22242,Husband
37140,Other-relative
7949,Unmarried
30377,Not-in-family
24272,Husband
33381,Own-child
33783,Husband
31031,Unmarried
28508,Not-in-family
6296,Not-in-family
703,Husband
30365,Husband
2450,Not-in-family
6712,Husband
24013,Not-in-family
41406,Husband
27235,Husband
3246,Not-in-family
21642,Own-child
46207,Husband
21342,Husband
43795,Own-child
15303,Own-child
33921,Husband
22664,Not-in-family
12636,Husband
35096,Unmarried
7146,Own-child
46942,Husband
12320,Husband
6816,Not-in-family
12452,Husband
25423,Husband
27655,Not-in-family
38607,Husband
22505,Unmarried
29946,Not-in-family
25109,Unmarried
18403,Husband
3798,Other-relative
18339,Unmarried
26365,Husband
15316,Own-child
18187,Unmarried
26220,Own-child
25469,Other-relative
12575,Husband
17248,Husband
40216,Husband
38871,Not-in-family
14049,Other-relative
48331,Husband
36015,Not-in-family
19621,Husband
33095,Husband
16511,Husband
23140,Not-in-family
4903,Husband
22554,Not-in-family
23367,Own-child
41598,Husband
3672,Husband
41515,Not-in-family
36779,Own-child
9902,Not-in-family
9381,Own-child
17747,Husband
5378,Husband
35267,Husband
42804,Husband
46968,Unmarried
24863,Not-in-family
27754,Husband
14797,Husband
26172,Not-in-family
31572,Unmarried
44923,Not-in-family
35406,Own-child
10631,Own-child
40820,Not-in-family
41958,Husband
2583,Husband
12519,Not-in-family
10234,Own-child
31064,Not-in-family
33280,Husband
30521,Husband
19361,Husband
39571,Husband
9486,Husband
20420,Other-relative
6651,Not-in-family
33426,Not-in-family
5868,Own-child
24944,Not-in-family
43904,Husband
16411,Husband
25526,Husband
4387,Not-in-family
10373,Not-in-family
39026,Husband
42319,Husband
25707,Husband
13545,Unmarried
10069,Husband
6901,Husband
8970,Not-in-family
45423,Husband
28207,Husband
9521,Wife
45869,Own-child
8698,Husband
18390,Husband
14478,Husband
7355,Husband
7010,Own-child
28481,Husband
419,Unmarried
17437,Not-in-family
44693,Unmarried
5789,Unmarried
15875,Husband
41469,Husband
23487,Husband
48749,Not-in-family
34468,Husband
8153,Husband
26042,Not-in-family
7726,Husband
43149,Not-in-family
32703,Husband
35553,Husband
35573,Own-child
28297,Husband
27065,Not-in-family
13121,Husband
32978,Other-relative
14077,Husband
10806,Husband
13512,Not-in-family
10209,Not-in-family
13916,Husband
44924,Not-in-family
6689,Husband
16705,Not-in-family
48077,Not-in-family
20312,Not-in-family
27679,Not-in-family
39380,Own-child
16527,Husband
17599,Not-in-family
2115,Own-child
16769,Not-in-family
44067,Not-in-family
25773,Not-in-family
36328,Husband
416,Husband
38062,Husband
4919,Other-relative
36942,Unmarried
11857,Husband
2161,Not-in-family
39515,Not-in-family
19721,Husband
35488,Own-child
8650,Not-in-family
10526,Not-in-family
29484,Husband
46686,Not-in-family
10195,Not-in-family
12144,Not-in-family
18017,Own-child
28123,Husband
8591,Own-child
12825,Own-child
5426,Other-relative
46697,Not-in-family
14492,Own-child
30842,Unmarried
40034,Husband
15989,Own-child
4885,Husband
2966,Not-in-family
12914,Husband
18693,Husband
30292,Husband
14038,Not-in-family
10030,Husband
16741,Wife
15867,Other-relative
41932,Wife
20184,Wife
48509,Husband
9728,Not-in-family
27282,Husband
9254,Husband
38166,Unmarried
44604,Not-in-family
9896,Husband
40569,Unmarried
3414,Husband
3769,Not-in-family
26883,Husband
11949,Wife
30573,Husband
20572,Husband
23130,Husband
43421,Husband
28190,Not-in-family
8273,Not-in-family
29942,Husband
36485,Husband
3839,Not-in-family
15942,Unmarried
30341,Own-child
1863,Other-relative
36598,Unmarried
14035,Husband
11838,Not-in-family
30070,Unmarried
32369,Not-in-family
4104,Husband
36432,Own-child
31918,Not-in-family
19613,Unmarried
3640,Not-in-family
17683,Unmarried
27127,Other-relative
26571,Unmarried
38424,Husband
15344,Own-child
19014,Husband
18401,Wife
31337,Husband
45706,Not-in-family
5787,Not-in-family
176,Own-child
35668,Own-child
39634,Wife
12498,Wife
4114,Not-in-family
4322,Not-in-family
8054,Not-in-family
19712,Unmarried
38233,Own-child
45779,Not-in-family
27307,Unmarried
24842,Not-in-family
44411,Husband
13558,Husband
23657,Not-in-family
18920,Not-in-family
7602,Not-in-family
13583,Not-in-family
48176,Own-child
25581,Husband
22612,Husband
2221,Not-in-family
33891,Husband
1806,Husband
46731,Own-child
9760,Husband
3954,Husband
19364,Wife
23840,Other-relative
31107,Husband
30273,Husband
5833,Own-child
26541,Not-in-family
40477,Wife
6775,Husband
10884,Unmarried
42318,Unmarried
42483,Own-child
11616,Husband
16960,Husband
14147,Husband
5830,Not-in-family
17656,Husband
31869,Husband
42073,Husband
14135,Own-child
5609,Unmarried
15155,Unmarried
40905,Husband
5405,Husband
30094,Husband
34264,Own-child
1053,Husband
20215,Unmarried
34753,Unmarried
42418,Husband
26959,Not-in-family
15980,Own-child
48591,Not-in-family
38090,Not-in-family
10640,Husband
35944,Husband
4879,Not-in-family
15835,Not-in-family
11995,Own-child
19516,Husband
7909,Own-child
36127,Not-in-family
37490,Own-child
30937,Not-in-family
3250,Husband
4967,Wife
20001,Husband
13487,Not-in-family
36112,Not-in-family
41003,Not-in-family
24861,Own-child
1519,Own-child
32464,Husband
5174,Own-child
19067,Own-child
28896,Husband
5973,Not-in-family
39796,Unmarried
12409,Own-child
46947,Own-child
37127,Not-in-family
115,Husband
41825,Not-in-family
4559,Husband
39991,Husband
27564,Husband
18067,Own-child
48191,Unmarried
44681,Unmarried
5145,Unmarried
36586,Own-child
26525,Other-relative
22945,Husband
1381,Not-in-family
30492,Own-child
1442,Husband
22234,Not-in-family
22574,Not-in-family
28420,Unmarried
42954,Own-child
39765,Not-in-family
41844,Not-in-family
9023,Husband
41982,Husband
32245,Not-in-family
15761,Husband
13661,Not-in-family
29780,Wife
44841,Husband
46,Husband
33389,Husband
46098,Not-in-family
21321,Husband
42378,Not-in-family
19137,Unmarried
35310,Husband
10832,Not-in-family
35293,Husband
13786,Husband
31056,Not-in-family
15420,Husband
20052,Not-in-family
37894,Not-in-family
40909,Not-in-family
15948,Not-in-family
42744,Own-child
47281,Husband
4600,Husband
8582,Own-child
47247,Other-relative
11972,Wife
4164,Wife
5725,Wife
9386,Husband
31098,Not-in-family
987,Unmarried
32060,Husband
43186,Husband
28831,Husband
47125,Own-child
14264,Husband
37086,Not-in-family
15556,Husband
45320,Wife
395,Husband
36083,Not-in-family
46845,Unmarried
30992,Own-child
37109,Husband
29901,Husband
21175,Not-in-family
46155,Husband
36250,Not-in-family
19080,Husband
15874,Not-in-family
29820,Husband
37918,Unmarried
44048,Not-in-family
9413,Not-in-family
37917,Husband
13580,Husband
21165,Husband
6014,Own-child
30282,Not-in-family
5223,Not-in-family
24851,Not-in-family
2789,Not-in-family
12982,Husband
20741,Not-in-family
12354,Husband
39965,Husband
11194,Own-child
36838,Husband
6773,Unmarried
48401,Husband
25330,Not-in-family
7655,Wife
13767,Husband
46291,Husband
27741,Not-in-family
40103,Own-child
24144,Husband
24867,Not-in-family
26070,Not-in-family
7772,Husband
40942,Other-relative
26219,Not-in-family
9137,Husband
26818,Husband
19530,Husband
45796,Own-child
2511,Not-in-family
28978,Wife
19750,Own-child
27776,Not-in-family
18030,Husband
34980,Not-in-family
24375,Own-child
21214,Not-in-family
47097,Husband
47027,Not-in-family
37381,Husband
24313,Husband
34583,Husband
36217,Husband
47703,Husband
3206,Husband
45527,Other-relative
41673,Husband
3724,Husband
30951,Husband
35960,Not-in-family
41009,Husband
386,Not-in-family
36189,Unmarried
32102,Not-in-family
22824,Other-relative
1051,Husband
32923,Other-relative
22582,Own-child
39786,Husband
2082,Unmarried
39156,Own-child
2927,Own-child
26452,Husband
7143,Husband
17157,Wife
13133,Unmarried
46440,Not-in-family
8624,Not-in-family
19155,Husband
26937,Husband
47591,Own-child
9480,Husband
40896,Not-in-family
34399,Husband
22730,Not-in-family
7803,Husband
891,Not-in-family
21291,Husband
44712,Husband
41262,Not-in-family
2516,Wife
47490,Husband
8289,Husband
59,Husband
16528,Unmarried
26182,Not-in-family
20939,Own-child
2276,Own-child
13055,Unmarried
46173,Not-in-family
16374,Wife
31686,Unmarried
5310,Not-in-family
6975,Not-in-family
7811,Husband
10719,Husband
48819,Husband
9007,Husband
17949,Own-child
6974,Not-in-family
26856,Unmarried
47824,Husband
23290,Husband
48618,Unmarried
39179,Other-relative
4853,Own-child
31419,Not-in-family
25015,Unmarried
18203,Husband
27351,Unmarried
28385,Husband
42821,Wife
15633,Husband
16192,Not-in-family
14273,Wife
38714,Unmarried
19711,Unmarried
38278,Husband
45577,Own-child
14463,Unmarried
8409,Husband
10528,Husband
28702,Husband
43625,Not-in-family
15481,Wife
38603,Other-relative
21282,Husband
25583,Own-child
39842,Husband
25402,Not-in-family
34514,Husband
33458,Husband
33347,Husband
43093,Husband
960,Husband
35912,Husband
24652,Not-in-family
26477,Husband
14335,Not-in-family
39323,Husband
48683,Own-child
38227,Husband
39410,Not-in-family
22023,Not-in-family
22955,Husband
36452,Own-child
41226,Husband
38182,Husband
43521,Not-in-family
48754,Unmarried
28807,Husband
4769,Not-in-family
13849,Not-in-family
42388,Unmarried
11964,Husband
3711,Husband
22392,Husband
22354,Husband
22103,Not-in-family
6690,Husband
4790,Husband
38787,Own-child
35338,Unmarried
11048,Unmarried
46032,Own-child
884,Wife
12773,Unmarried
10105,Husband
25690,Not-in-family
28996,Wife
39582,Not-in-family
41810,Not-in-family
32989,Own-child
12989,Own-child
5272,Not-in-family
31155,Husband
5968,Husband
2768,Not-in-family
15439,Not-in-family
25355,Not-in-family
26802,Husband
16983,Not-in-family
9649,Husband
26980,Husband
29850,Husband
45962,Husband
24394,Husband
18999,Unmarried
44021,Not-in-family
25603,Other-relative
39253,Husband
35933,Not-in-family
21349,Unmarried
6277,Not-in-family
26964,Wife
39392,Unmarried
1460,Husband
24060,Husband
16676,Not-in-family
30686,Not-in-family
17530,Not-in-family
24249,Not-in-family
11875,Husband
21716,Not-in-family
48736,Husband
35073,Husband
45563,Own-child
21619,Own-child
26684,Unmarried
16031,Unmarried
4758,Unmarried
43962,Own-child
4465,Husband
2138,Not-in-family
35465,Husband
28025,Other-relative
28183,Husband
8093,Unmarried
41508,Own-child
29983,Husband
21966,Husband
11469,Husband
38864,Other-relative
20559,Husband
44784,Unmarried
42783,Husband
16106,Husband
32153,Not-in-family
5500,Husband
37439,Other-relative
11196,Husband
23669,Own-child
41380,Other-relative
37830,Own-child
30990,Not-in-family
34844,Not-in-family
24725,Own-child
10283,Husband
43612,Wife
11471,Not-in-family
20914,Husband
4638,Not-in-family
31891,Husband
23150,Own-child
23586,Husband
17351,Husband
26352,Husband
17954,Not-in-family
32333,Husband
44014,Not-in-family
23086,Wife
10208,Husband
47732,Own-child
47250,Own-child
22875,Not-in-family
38413,Husband
36553,Not-in-family
34336,Own-child
16440,Husband
37901,Own-child
37804,Own-child
34491,Husband
17338,Husband
40592,Husband
36459,Other-relative
19096,Own-child
34484,Not-in-family
37869,Not-in-family
13403,Own-child
17780,Unmarried
2357,Husband
20053,Not-in-family
28712,Not-in-family
1486,Unmarried
19125,Own-child
47995,Not-in-family
36998,Husband
5878,Not-in-family
39494,Husband
32460,Not-in-family
30708,Other-relative
8760,Not-in-family
7009,Wife
14092,Unmarried
35106,Husband
5534,Unmarried
198,Other-relative
33299,Own-child
16308,Not-in-family
39463,Husband
31828,Husband
7889,Unmarried
8220,Wife
15901,Own-child
36664,Not-in-family
23121,Own-child
9974,Own-child
36696,Own-child
11145,Own-child
42918,Husband
24978,Not-in-family
33685,Husband
44438,Husband
6108,Not-in-family
46703,Husband
11269,Husband
25977,Not-in-family
16198,Husband
15308,Not-in-family
21094,Own-child
31762,Not-in-family
22258,Own-child
24110,Other-relative
17872,Not-in-family
14479,Not-in-family
48550,Husband
30185,Husband
32691,Husband
14639,Not-in-family
11012,Unmarried
20056,Not-in-family
39668,Own-child
5790,Husband
3245,Husband
11411,Not-in-family
46597,Unmarried
37434,Not-in-family
36534,Husband
22779,Not-in-family
28065,Own-child
30430,Husband
28460,Own-child
4001,Own-child
37819,Husband
48689,Husband
952,Unmarried
14241,Not-in-family
8285,Not-in-family
1024,Unmarried
20689,Husband
42900,Husband
22507,Husband
23346,Own-child
32176,Husband
35645,Husband
39201,Husband
24854,Not-in-family
45329,Not-in-family
33587,Unmarried
19301,Unmarried
22465,Own-child
19105,Husband
4209,Own-child
1560,Own-child
12891,Husband
23310,Husband
6397,Husband
26920,Not-in-family
47379,Husband
38261,Husband
8015,Husband
13255,Not-in-family
13449,Husband
43621,Husband
38522,Husband
7929,Husband
15353,Wife
259,Not-in-family
7723,Not-in-family
42907,Wife
47172,Own-child
36950,Own-child
5070,Own-child
7515,Husband
21984,Unmarried
2741,Husband
48479,Husband
38401,Husband
36780,Husband
38630,Other-relative
37072,Unmarried
21825,Not-in-family
4756,Husband
28737,Unmarried
16167,Husband
21939,Own-child
7152,Own-child
22226,Husband
45938,Wife
36403,Husband
29727,Husband
28987,Husband
21807,Not-in-family
8930,Not-in-family
31328,Husband
29526,Husband
24220,Wife
25730,Husband
38197,Not-in-family
14515,Not-in-family
4452,Own-child
45183,Husband
7711,Own-child
33084,Own-child
14376,Husband
1155,Husband
3587,Unmarried
26122,Husband
6092,Wife
22054,Not-in-family
33888,Own-child
25169,Own-child
1776,Husband
48130,Husband
32988,Unmarried
37847,Not-in-family
40309,Wife
19493,Not-in-family
38868,Not-in-family
32714,Unmarried
6931,Husband
42784,Not-in-family
43308,Husband
11387,Husband
2560,Wife
25131,Not-in-family
26280,Husband
23919,Wife
6616,Not-in-family
19428,Unmarried
8612,Own-child
30152,Husband
6204,Husband
6556,Husband
3700,Husband
43965,Not-in-family
4981,Not-in-family
16415,Not-in-family
1883,Not-in-family
29911,Wife
5595,Husband
47333,Husband
35469,Husband
6028,Not-in-family
48685,Unmarried
19166,Husband
40724,Own-child
27416,Own-child
1756,Not-in-family
12956,Unmarried
141,Own-child
3363,Husband
24702,Not-in-family
26474,Unmarried
45411,Unmarried
35559,Husband
30945,Husband
8413,Husband
14248,Wife
42699,Husband
33540,Unmarried
5782,Not-in-family
15878,Husband
2786,Husband
13136,Unmarried
10423,Husband
701,Unmarried
8456,Own-child
39867,Not-in-family
29258,Not-in-family
48226,Husband
5959,Wife
41024,Husband
4590,Husband
42542,Husband
30093,Husband
18936,Not-in-family
13164,Husband
13220,Husband
10622,Own-child
43280,Wife
10260,Own-child
42074,Husband
35995,Husband
22586,Husband
7671,Not-in-family
39030,Unmarried
47939,Husband
7314,Not-in-family
12397,Husband
26392,Not-in-family
44095,Husband
3226,Husband
38759,Husband
27735,Husband
48178,Husband
39578,Husband
36897,Not-in-family
17432,Husband
21066,Husband
43842,Husband
7600,Own-child
10489,Husband
31678,Own-child
35514,Husband
7607,Husband
46160,Own-child
23377,Husband
13946,Wife
42985,Husband
28537,Husband
27378,Husband
17185,Husband
37116,Unmarried
28893,Husband
42584,Husband
28806,Husband
23363,Husband
36262,Own-child
43947,Own-child
35507,Not-in-family
43766,Husband
12338,Unmarried
24745,Not-in-family
21193,Husband
37573,Other-relative
42414,Husband
32501,Husband
17476,Husband
35451,Husband
7940,Not-in-family
28218,Own-child
21607,Not-in-family
12413,Not-in-family
15218,Husband
32773,Unmarried
12248,Husband
33806,Husband
37857,Unmarried
24984,Wife
4899,Not-in-family
20289,Other-relative
35246,Other-relative
47553,Own-child
21122,Unmarried
37332,Own-child
26117,Husband
43882,Unmarried
13393,Not-in-family
24692,Unmarried
13953,Not-in-family
2278,Other-relative
47336,Not-in-family
32776,Husband
27509,Not-in-family
32497,Not-in-family
47861,Not-in-family
22284,Husband
46683,Not-in-family
45886,Own-child
27697,Husband
4568,Own-child
6994,Husband
38908,Own-child
5628,Husband
24835,Husband
34919,Not-in-family
8950,Not-in-family
22086,Husband
11026,Husband
13404,Own-child
45380,Husband
38305,Not-in-family
3706,Other-relative
11623,Not-in-family
34170,Not-in-family
31754,Not-in-family
7917,Own-child
3821,Wife
39982,Husband
9325,Not-in-family
9589,Husband
4278,Unmarried
29506,Not-in-family
18092,Unmarried
1457,Not-in-family
23391,Husband
21140,Husband
34269,Husband
42468,Husband
26947,Unmarried
41988,Not-in-family
24764,Husband
27242,Husband
109,Husband
45678,Wife
14491,Husband
48637,Husband
21405,Husband
8484,Not-in-family
8502,Own-child
25729,Husband
13101,Unmarried
20374,Own-child
27269,Own-child
18947,Husband
7452,Husband
22770,Unmarried
10123,Not-in-family
2362,Husband
8448,Husband
43675,Unmarried
11318,Unmarried
8978,Husband
34546,Husband
27858,Not-in-family
44583,Not-in-family
22737,Husband
42219,Husband
22048,Own-child
3774,Husband
34247,Unmarried
30481,Husband
37059,Husband
46353,Own-child
4930,Own-child
45024,Wife
32985,Unmarried
32447,Own-child
17309,Other-relative
27822,Not-in-family
5495,Not-in-family
436,Not-in-family
3490,Husband
32864,Own-child
11265,Husband
10866,Husband
36265,Husband
31245,Husband
16690,Husband
29528,Own-child
29915,Not-in-family
8869,Husband
19843,Own-child
15411,Husband
39088,Not-in-family
12871,Unmarried
2505,Not-in-family
41151,Not-in-family
26336,Husband
8440,Own-child
19964,Husband
12399,Husband
19805,Husband
801,Own-child
4497,Husband
40544,Not-in-family
25269,Husband
33547,Husband
15876,Other-relative
39599,Not-in-family
8674,Husband
39110,Own-child
37969,Not-in-family
40061,Unmarried
18379,Husband
36240,Not-in-family
9491,Husband
26658,Not-in-family
48723,Husband
925,Husband
42787,Other-relative
20984,Husband
23607,Other-relative
20898,Not-in-family
34722,Wife
25795,Husband
26689,Husband
8384,Own-child
29099,Husband
1116,Husband
32679,Unmarried
6410,Own-child
15430,Not-in-family
26329,Not-in-family
16578,Unmarried
18698,Not-in-family
12791,Unmarried
34379,Unmarried
9749,Not-in-family
12532,Husband
19669,Other-relative
4253,Unmarried
22948,Husband
31894,Husband
15255,Not-in-family
40183,Husband
41066,Husband
35305,Wife
29979,Husband
42742,Husband
18293,Own-child
36077,Not-in-family
43434,Husband
44391,Not-in-family
45536,Own-child
7347,Not-in-family
8351,Husband
39673,Not-in-family
17660,Husband
15432,Husband
19215,Own-child
24350,Own-child
45152,Unmarried
40102,Own-child
36413,Unmarried
12548,Husband
30502,Husband
14224,Own-child
40410,Husband
27495,Husband
2793,Not-in-family
44377,Husband
19595,Wife
38839,Husband
22452,Husband
14784,Not-in-family
5678,Unmarried
36938,Husband
16428,Husband
26388,Husband
18547,Unmarried
18968,Own-child
4811,Not-in-family
34803,Not-in-family
30919,Husband
6898,Not-in-family
1892,Other-relative
37856,Husband
47498,Own-child
16998,Not-in-family
11953,Unmarried
17906,Not-in-family
30305,Not-in-family
17178,Not-in-family
42078,Not-in-family
37234,Own-child
41267,Husband
41466,Own-child
10914,Not-in-family
38336,Not-in-family
15014,Not-in-family
36595,Not-in-family
5478,Husband
21163,Husband
45894,Husband
40723,Not-in-family
44153,Husband
16871,Own-child
23476,Not-in-family
3367,Husband
14733,Husband
17140,Not-in-family
29252,Own-child
5779,Not-in-family
14462,Wife
35714,Own-child
39902,Husband
46366,Husband
13872,Other-relative
26737,Unmarried
12065,Husband
17508,Husband
39458,Husband
30485,Husband
25518,Not-in-family
15660,Not-in-family
45950,Husband
9471,Not-in-family
47792,Unmarried
10129,Husband
4274,Not-in-family
10169,Own-child
7601,Not-in-family
15458,Not-in-family
15794,Husband
28782,Own-child
30915,Own-child
25473,Own-child
28861,Other-relative
46578,Husband
47399,Husband
20152,Husband
17612,Husband
26971,Husband
34472,Not-in-family
2348,Husband
7503,Husband
29640,Husband
18254,Not-in-family
46532,Husband
15817,Husband
42684,Other-relative
16663,Husband
22403,Husband
46005,Husband
38106,Husband
45123,Husband
42939,Husband
13446,Not-in-family
16513,Not-in-family
19171,Own-child
41964,Husband
38910,Husband
4210,Husband
24657,Not-in-family
33816,Unmarried
39778,Not-in-family
91,Unmarried
35753,Unmarried
39162,Husband
3311,Husband
40232,Husband
17153,Husband
33216,Own-child
28868,Husband
37575,Husband
34712,Husband
32488,Own-child
34879,Not-in-family
32843,Not-in-family
36026,Not-in-family
40044,Husband
17951,Own-child
3823,Not-in-family
7285,Husband
38716,Husband
37941,Not-in-family
12881,Own-child
21513,Not-in-family
48455,Not-in-family
2614,Husband
31124,Not-in-family
17786,Husband
20207,Own-child
19260,Husband
39095,Husband
6703,Husband
547,Husband
30021,Husband
3165,Wife
12501,Not-in-family
43598,Own-child
45244,Husband
33167,Not-in-family
3041,Not-in-family
45651,Unmarried
29802,Husband
11686,Own-child
34554,Own-child
19872,Other-relative
6137,Husband
42815,Unmarried
44133,Husband
36004,Husband
21878,Not-in-family
46230,Husband
15925,Husband
8445,Own-child
9964,Other-relative
6248,Husband
17888,Own-child
38983,Not-in-family
10706,Unmarried
35034,Not-in-family
37632,Husband
36358,Husband
4864,Own-child
43288,Husband
42541,Unmarried
13560,Not-in-family
10720,Not-in-family
39774,Unmarried
31872,Husband
1268,Husband
15708,Husband
32756,Unmarried
863,Husband
17893,Husband
31361,Wife
35959,Own-child
17638,Husband
33018,Husband
21768,Not-in-family
8493,Not-in-family
43204,Unmarried
20934,Not-in-family
47034,Not-in-family
46875,Own-child
11150,Other-relative
45264,Husband
12136,Own-child
45858,Husband
46598,Unmarried
43285,Own-child
37373,Husband
12646,Husband
11899,Husband
10008,Other-relative
47000,Husband
20377,Husband
8180,Wife
15730,Not-in-family
39572,Not-in-family
21099,Own-child
21828,Husband
41341,Husband
19047,Not-in-family
13139,Own-child
11527,Other-relative
8506,Husband
47447,Husband
10306,Own-child
34968,Husband
41168,Other-relative
34162,Not-in-family
48280,Husband
36967,Wife
10850,Unmarried
5124,Own-child
9792,Not-in-family
43961,Husband
39883,Husband
17985,Husband
39442,Own-child
17701,Husband
29451,Unmarried
40274,Husband
45753,Husband
28237,Not-in-family
26731,Not-in-family
34776,Husband
35879,Unmarried
9950,Own-child
4898,Husband
41916,Husband
4554,Own-child
23329,Not-in-family
2149,Husband
13806,Husband
23663,Husband
11665,Own-child
22164,Husband
21127,Husband
21804,Husband
28342,Husband
38030,Husband
29048,Not-in-family
2758,Not-in-family
35681,Not-in-family
4088,Husband
33215,Husband
38891,Not-in-family
1839,Husband
18632,Husband
24039,Not-in-family
25220,Other-relative
33344,Husband
46604,Not-in-family
20156,Own-child
33188,Husband
12223,Own-child
15076,Not-in-family
4451,Not-in-family
36638,Not-in-family
2447,Not-in-family
17994,Husband
41752,Own-child
34408,Husband
1577,Not-in-family
2148,Not-in-family
29333,Own-child
8194,Own-child
43447,Own-child
20144,Unmarried
34365,Wife
12195,Own-child
22720,Husband
31470,Not-in-family
7067,Husband
6210,Not-in-family
9306,Husband
38175,Other-relative
8354,Not-in-family
2992,Unmarried
12187,Unmarried
30894,Own-child
37437,Not-in-family
20860,Husband
32972,Wife
30511,Not-in-family
12386,Other-relative
27386,Husband
11667,Unmarried
3596,Own-child
11072,Not-in-family
46513,Own-child
39155,Husband
20233,Not-in-family
25554,Husband
25167,Own-child
33407,Husband
26159,Husband
47826,Other-relative
5634,Husband
5573,Husband
5556,Own-child
16770,Other-relative
710,Husband
9922,Own-child
7596,Not-in-family
1344,Not-in-family
39844,Own-child
2145,Husband
22782,Husband
44007,Not-in-family
7802,Other-relative
2813,Not-in-family
32105,Not-in-family
36583,Wife
39612,Own-child
27366,Unmarried
46867,Husband
30424,Husband
3518,Husband
19856,Not-in-family
41613,Husband
13360,Not-in-family
6087,Own-child
42895,Husband
34426,Not-in-family
36613,Own-child
11552,Husband
20839,Other-relative
11101,Husband
41357,Husband
9800,Not-in-family
43358,Not-in-family
9767,Own-child
47337,Not-in-family
19271,Not-in-family
2763,Not-in-family
39930,Husband
9745,Own-child
40774,Not-in-family
22154,Unmarried
28348,Husband
8089,Not-in-family
5254,Husband
10263,Not-in-family
12747,Not-in-family
5335,Not-in-family
22908,Unmarried
4895,Not-in-family
45727,Husband
12120,Husband
2589,Husband
24229,Husband
48189,Not-in-family
45147,Own-child
46685,Unmarried
28273,Unmarried
31048,Not-in-family
1969,Husband
20653,Not-in-family
26876,Husband
20515,Not-in-family
27792,Not-in-family
19811,Husband
20246,Husband
43495,Husband
44637,Unmarried
32670,Not-in-family
16320,Husband
13900,Own-child
20973,Own-child
6715,Husband
9711,Unmarried
40789,Unmarried
34700,Husband
14762,Own-child
4370,Husband
35640,Other-relative
33998,Wife
23168,Not-in-family
46169,Unmarried
10012,Unmarried
13097,Unmarried
32067,Husband
30627,Husband
21833,Husband
13549,Husband
36516,Own-child
47942,Not-in-family
8898,Husband
41899,Unmarried
11507,Not-in-family
42514,Husband
46383,Husband
43321,Not-in-family
16318,Own-child
25284,Husband
901,Husband
40140,Husband
46709,Not-in-family
14723,Own-child
9425,Husband
9748,Not-in-family
36514,Not-in-family
43619,Not-in-family
34342,Husband
27176,Not-in-family
8166,Husband
23752,Husband
44948,Unmarried
24169,Not-in-family
9590,Not-in-family
28645,Husband
905,Not-in-family
17372,Not-in-family
18627,Husband
18675,Wife
38224,Husband
4208,Not-in-family
12016,Husband
35241,Wife
6529,Not-in-family
11663,Unmarried
48709,Husband
47505,Husband
27511,Not-in-family
18659,Not-in-family
12176,Own-child
44791,Own-child
35895,Not-in-family
30578,Husband
18851,Not-in-family
30370,Husband
42199,Unmarried
44404,Husband
13886,Husband
12877,Unmarried
36362,Not-in-family
47369,Not-in-family
8872,Wife
30779,Not-in-family
5382,Husband
620,Own-child
36222,Husband
37541,Husband
99,Own-child
35452,Own-child
4454,Other-relative
760,Not-in-family
743,Own-child
17650,Husband
37284,Own-child
33776,Own-child
33306,Unmarried
33408,Husband
30852,Husband
17131,Own-child
13771,Own-child
15302,Own-child
25992,Husband
22604,Own-child
32199,Husband
16930,Husband
41113,Not-in-family
43070,Not-in-family
18255,Wife
38429,Other-relative
32256,Not-in-family
24163,Not-in-family
409,Husband
31852,Unmarried
8082,Own-child
17197,Husband
31936,Husband
18176,Husband
10976,Husband
32427,Unmarried
36970,Husband
36441,Not-in-family
38511,Husband
37299,Not-in-family
16274,Husband
44782,Husband
40567,Husband
48506,Not-in-family
9184,Husband
36922,Unmarried
7336,Wife
8538,Wife
42794,Not-in-family
19250,Husband
7019,Husband
39799,Unmarried
40433,Unmarried
40306,Unmarried
12972,Own-child
42183,Not-in-family
40424,Unmarried
12837,Husband
24288,Not-in-family
37743,Not-in-family
39636,Own-child
28797,Unmarried
26095,Unmarried
21972,Not-in-family
3,Husband
25793,Not-in-family
16351,Own-child
23947,Own-child
9448,Unmarried
18623,Own-child
32593,Not-in-family
8293,Other-relative
47889,Own-child
24291,Husband
20970,Own-child
31492,Not-in-family
19365,Not-in-family
18311,Husband
46573,Wife
40691,Husband
10043,Husband
22606,Not-in-family
598,Not-in-family
1490,Husband
4880,Not-in-family
2826,Husband
17082,Not-in-family
25851,Husband
45170,Husband
35822,Not-in-family
47912,Own-child
38701,Not-in-family
39880,Husband
31395,Own-child
9044,Own-child
38228,Husband
17367,Husband
28858,Husband
37173,Unmarried
10037,Unmarried
1269,Not-in-family
16016,Not-in-family
2166,Husband
16814,Husband
46163,Husband
13907,Unmarried
42994,Husband
26270,Not-in-family
5178,Not-in-family
41407,Wife
40606,Husband
15171,Not-in-family
40618,Unmarried
48053,Husband
9154,Not-in-family
28499,Other-relative
18558,Husband
48697,Unmarried
7134,Husband
40059,Husband
42688,Husband
17765,Not-in-family
6241,Own-child
42937,Not-in-family
28796,Wife
20995,Not-in-family
2852,Wife
6997,Unmarried
1641,Husband
34837,Not-in-family
4306,Husband
2696,Own-child
22040,Not-in-family
46030,Unmarried
4654,Husband
14396,Husband
29474,Own-child
39949,Own-child
42196,Husband
19494,Wife
42668,Unmarried
46820,Husband
15345,Husband
12463,Husband
10029,Not-in-family
23155,Not-in-family
6190,Own-child
12832,Not-in-family
14628,Husband
6936,Not-in-family
19177,Wife
46008,Not-in-family
34767,Husband
45839,Unmarried
14915,Husband
22293,Husband
44356,Not-in-family
11906,Not-in-family
26766,Husband
40141,Husband
34268,Own-child
26240,Not-in-family
1719,Husband
44057,Husband
12155,Unmarried
44656,Own-child
39672,Husband
13996,Husband
34230,Own-child
19060,Not-in-family
25317,Not-in-family
36029,Not-in-family
48713,Husband
28673,Not-in-family
33824,Husband
16107,Husband
38678,Husband
47632,Husband
28059,Wife
19806,Not-in-family
28351,Unmarried
23190,Husband
21328,Husband
18747,Own-child
14198,Husband
16180,Husband
3406,Husband
15862,Other-relative
7886,Husband
25452,Not-in-family
40489,Wife
38903,Husband
16603,Own-child
13832,Husband
47673,Husband
47780,Husband
202,Husband
44076,Husband
46072,Husband
36482,Not-in-family
11415,Own-child
11827,Husband
33098,Husband
11029,Husband
35539,Unmarried
30112,Husband
802,Unmarried
40899,Husband
29996,Husband
48051,Unmarried
36069,Husband
5558,Husband
17713,Own-child
11456,Husband
28306,Husband
43768,Unmarried
26788,Not-in-family
40048,Husband
5626,Not-in-family
32907,Unmarried
46426,Own-child
47293,Other-relative
33991,Not-in-family
13453,Not-in-family
23680,Own-child
23769,Husband
25472,Unmarried
5578,Not-in-family
24323,Not-in-family
3930,Own-child
45184,Husband
44171,Not-in-family
7395,Not-in-family
827,Unmarried
47221,Husband
13199,Husband
30175,Own-child
37608,Unmarried
35670,Husband
29846,Unmarried
27555,Not-in-family
35422,Husband
39254,Husband
29836,Unmarried
19502,Wife
10641,Unmarried
33169,Own-child
3848,Unmarried
12684,Own-child
36935,Unmarried
41004,Husband
30532,Not-in-family
41712,Husband
33295,Own-child
13538,Own-child
13798,Not-in-family
32408,Not-in-family
32342,Husband
12028,Unmarried
14736,Not-in-family
10892,Other-relative
10851,Own-child
42462,Husband
40361,Other-relative
18108,Husband
10522,Not-in-family
39432,Own-child
7517,Not-in-family
5530,Wife
34309,Husband
46407,Husband
13283,Husband
3379,Unmarried
35519,Not-in-family
31312,Husband
32182,Husband
33206,Own-child
7834,Not-in-family
6635,Husband
47997,Husband
41086,Husband
29588,Own-child
13407,Husband
4710,Not-in-family
40188,Own-child
27704,Husband
16653,Not-in-family
9010,Own-child
25648,Husband
25789,Husband
39850,Husband
16259,Husband
17386,Own-child
1273,Not-in-family
28556,Husband
37749,Unmarried
15010,Own-child
35624,Not-in-family
32809,Husband
10359,Husband
2260,Own-child
39686,Not-in-family
21832,Not-in-family
9447,Wife
30551,Husband
6007,Unmarried
29225,Not-in-family
12605,Husband
1539,Not-in-family
11319,Own-child
20438,Own-child
24758,Own-child
35018,Unmarried
43140,Own-child
46375,Not-in-family
4083,Own-child
48510,Husband
43150,Own-child
19044,Own-child
44668,Unmarried
11993,Husband
17632,Not-in-family
24681,Husband
47841,Own-child
42730,Husband
25541,Own-child
8115,Unmarried
2991,Not-in-family
32230,Husband
17238,Husband
37313,Unmarried
20633,Not-in-family
8817,Own-child
20085,Husband
29076,Not-in-family
18329,Unmarried
30399,Husband
12782,Husband
15540,Not-in-family
6019,Husband
31120,Husband
39211,Not-in-family
34200,Unmarried
38485,Own-child
23469,Husband
10854,Unmarried
27835,Other-relative
8880,Husband
30371,Not-in-family
3960,Unmarried
9379,Husband
2032,Husband
40731,Husband
11562,Husband
5743,Husband
2937,Own-child
16464,Not-in-family
5633,Own-child
22121,Husband
37088,Unmarried
14456,Own-child
14636,Own-child
44245,Husband
3352,Wife
36607,Not-in-family
7082,Not-in-family
35436,Wife
30224,Not-in-family
42417,Not-in-family
5306,Husband
12343,Unmarried
6460,Unmarried
13156,Not-in-family
25865,Not-in-family
24314,Not-in-family
19275,Husband
32860,Other-relative
23923,Not-in-family
38657,Not-in-family
10927,Husband
22608,Husband
5189,Wife
28960,Unmarried
6089,Husband
40133,Not-in-family
47815,Husband
4489,Not-in-family
3813,Not-in-family
46194,Unmarried
794,Husband
27045,Unmarried
1350,Not-in-family
39547,Husband
22330,Not-in-family
31552,Own-child
28558,Not-in-family
42011,Husband
3285,Own-child
27652,Husband
15132,Not-in-family
5123,Wife
18943,Not-in-family
18777,Own-child
6513,Husband
19081,Own-child
11383,Own-child
26602,Unmarried
18492,Husband
47195,Own-child
40739,Unmarried
48585,Own-child
17416,Not-in-family
16275,Not-in-family
48624,Own-child
1157,Wife
25508,Husband
4601,Unmarried
28742,Not-in-family
26394,Unmarried
7142,Husband
47709,Husband
42946,Not-in-family
12766,Not-in-family
32387,Other-relative
43429,Not-in-family
14411,Own-child
18954,Husband
5923,Husband
1338,Own-child
40040,Not-in-family
16380,Not-in-family
9919,Not-in-family
14371,Husband
45256,Husband
31897,Unmarried
4693,Own-child
9320,Husband
24783,Not-in-family
22469,Not-in-family
20199,Husband
15125,Husband
6810,Not-in-family
13125,Husband
25466,Own-child
36002,Unmarried
30320,Husband
27910,Not-in-family
27744,Husband
10422,Husband
45465,Own-child
22709,Own-child
21159,Husband
15246,Wife
29549,Unmarried
20645,Husband
24943,Husband
6283,Own-child
20752,Husband
5389,Husband
29671,Not-in-family
43677,Own-child
38452,Own-child
40239,Own-child
5934,Unmarried
11243,Not-in-family
20172,Husband
13330,Not-in-family
34744,Husband
12167,Not-in-family
42250,Husband
16157,Husband
3361,Other-relative
40735,Not-in-family
30785,Own-child
17115,Husband
34097,Husband
41137,Own-child
38347,Unmarried
15363,Other-relative
38201,Not-in-family
36672,Wife
30904,Other-relative
25523,Not-in-family
490,Not-in-family
23038,Not-in-family
950,Wife
1015,Husband
31249,Husband
46261,Wife
25281,Not-in-family
41098,Husband
33139,Husband
1068,Husband
20059,Not-in-family
22223,Husband
32486,Own-child
31088,Not-in-family
25429,Husband
24731,Own-child
36438,Not-in-family
36167,Husband
13155,Own-child
46457,Own-child
11687,Husband
37450,Other-relative
16489,Husband
26524,Husband
28433,Husband
1092,Not-in-family
19196,Husband
21105,Own-child
42614,Wife
8684,Husband
34819,Not-in-family
2618,Husband
5520,Not-in-family
22197,Husband
18948,Husband
3282,Other-relative
2229,Husband
47001,Not-in-family
41956,Husband
1473,Husband
40436,Husband
30599,Own-child
1004,Own-child
11304,Own-child
18967,Not-in-family
45103,Not-in-family
19176,Not-in-family
2878,Husband
13797,Husband
493,Unmarried
38061,Not-in-family
24963,Own-child
36517,Other-relative
46717,Not-in-family
494,Own-child
14601,Not-in-family
12143,Husband
15347,Husband
12626,Own-child
37965,Wife
26361,Not-in-family
44386,Wife
37755,Not-in-family
10478,Husband
38999,Husband
35591,Husband
45248,Husband
30664,Husband
16977,Wife
47004,Husband
14404,Own-child
33057,Own-child
6540,Not-in-family
38114,Other-relative
43243,Own-child
15811,Own-child
35654,Husband
18014,Husband
7511,Not-in-family
1879,Not-in-family
18545,Husband
35485,Not-in-family
20893,Husband
32507,Husband
42216,Not-in-family
25612,Husband
36350,Unmarried
27212,Husband
6772,Not-in-family
41033,Own-child
29386,Unmarried
29146,Own-child
244,Not-in-family
11089,Husband
30734,Husband
13981,Not-in-family
42256,Not-in-family
27502,Own-child
10755,Own-child
16191,Not-in-family
30791,Own-child
31616,Other-relative
45226,Unmarried
35271,Not-in-family
34153,Husband
28560,Husband
45998,Own-child
8828,Own-child
27323,Husband
33240,Husband
22116,Not-in-family
42849,Wife
23143,Not-in-family
42932,Not-in-family
5041,Husband
7394,Husband
37989,Unmarried
11314,Husband
30901,Not-in-family
43403,Wife
32478,Own-child
11733,Unmarried
29147,Husband
112,Husband
35994,Own-child
7119,Not-in-family
12468,Husband
43498,Husband
44232,Own-child
22878,Husband
48505,Not-in-family
7068,Husband
40379,Not-in-family
20495,Own-child
48380,Not-in-family
31176,Own-child
23239,Not-in-family
35737,Unmarried
23323,Not-in-family
8727,Not-in-family
47252,Husband
26439,Not-in-family
1755,Own-child
13288,Unmarried
14962,Not-in-family
8622,Own-child
11495,Unmarried
15849,Unmarried
47463,Wife
28129,Husband
31399,Other-relative
18786,Not-in-family
16329,Own-child
8319,Not-in-family
39681,Other-relative
1159,Own-child
27481,Unmarried
48050,Husband
33101,Husband
12055,Not-in-family
43978,Unmarried
42116,Husband
47046,Wife
24892,Husband
39641,Unmarried
43705,Own-child
23028,Unmarried
44762,Husband
17012,Own-child
34604,Not-in-family
5262,Not-in-family
5932,Own-child
35897,Unmarried
44212,Own-child
16472,Own-child
17087,Own-child
25823,Husband
21106,Unmarried
7853,Own-child
42503,Wife
1938,Husband
3644,Husband
36535,Husband
13831,Husband
4724,Husband
24555,Other-relative
44546,Own-child
41157,Husband
11257,Unmarried
27527,Husband
2277,Husband
22649,Husband
7827,Not-in-family
35110,Husband
21154,Unmarried
44288,Husband
24365,Husband
18975,Husband
24840,Husband
2182,Unmarried
46444,Husband
19817,Husband
31070,Not-in-family
38788,Own-child
42884,Husband
41806,Husband
11189,Husband
1233,Husband
2721,Husband
42182,Unmarried
45409,Own-child
48573,Husband
48097,Unmarried
14792,Unmarried
23185,Not-in-family
30331,Not-in-family
25091,Not-in-family
33210,Own-child
12604,Husband
19734,Own-child
28377,Not-in-family
31006,Husband
4377,Husband
9330,Not-in-family
17519,Not-in-family
37999,Own-child
8696,Husband
44140,Unmarried
5512,Own-child
18457,Husband
13730,Husband
30419,Own-child
28504,Not-in-family
12325,Husband
8866,Unmarried
28357,Other-relative
2190,Husband
29722,Husband
47631,Husband
39197,Own-child
34704,Not-in-family
4581,Unmarried
42692,Not-in-family
12700,Own-child
23061,Husband
4329,Not-in-family
9157,Not-in-family
37948,Unmarried
12264,Own-child
46042,Wife
12656,Own-child
30939,Not-in-family
41701,Own-child
30,Not-in-family
7494,Husband
10258,Not-in-family
32660,Not-in-family
19103,Husband
35323,Unmarried
24716,Not-in-family
12705,Other-relative
34578,Not-in-family
37957,Not-in-family
12285,Not-in-family
35891,Husband
10564,Husband
7222,Wife
22026,Husband
37776,Wife
31216,Husband
4417,Husband
43781,Not-in-family
24325,Own-child
10172,Husband
25997,Wife
31251,Not-in-family
5507,Husband
30875,Unmarried
38581,Not-in-family
10997,Husband
3458,Husband
5801,Not-in-family
15434,Unmarried
30522,Husband
2002,Husband
31344,Not-in-family
38885,Husband
21504,Not-in-family
47982,Own-child
35404,Husband
11991,Own-child
33417,Husband
5673,Husband
28948,Husband
18001,Not-in-family
22553,Husband
3551,Not-in-family
48497,Unmarried
40076,Own-child
23649,Husband
8211,Husband
22852,Own-child
42823,Other-relative
39858,Husband
30190,Not-in-family
21539,Unmarried
4159,Husband
34684,Unmarried
47003,Not-in-family
10577,Not-in-family
22412,Husband
21651,Not-in-family
16997,Own-child
45451,Unmarried
32340,Not-in-family
25882,Husband
46389,Unmarried
43183,Wife
16156,Not-in-family
16712,Not-in-family
34695,Husband
39418,Unmarried
44064,Wife
27848,Not-in-family
14855,Husband
13456,Unmarried
2389,Husband
39748,Husband
3167,Husband
16732,Not-in-family
16188,Husband
23338,Own-child
42709,Not-in-family
12346,Not-in-family
41585,Own-child
37186,Own-child
6853,Not-in-family
40521,Wife
7501,Husband
16934,Own-child
46555,Not-in-family
14559,Husband
5537,Husband
33557,Unmarried
44639,Unmarried
7542,Not-in-family
20030,Not-in-family
27402,Husband
13920,Own-child
45933,Not-in-family
24520,Not-in-family
33615,Husband
15199,Wife
448,Husband
15922,Husband
47615,Husband
45604,Husband
36078,Husband
31822,Unmarried
32605,Own-child
47914,Not-in-family
48462,Not-in-family
15365,Wife
25934,Other-relative
298,Own-child
23567,Husband
262,Own-child
2130,Unmarried
39904,Not-in-family
24523,Husband
30815,Not-in-family
46305,Not-in-family
251,Wife
43749,Own-child
22466,Husband
45112,Not-in-family
37170,Not-in-family
43839,Husband
40930,Husband
44880,Own-child
417,Own-child
3319,Own-child
13356,Unmarried
20103,Own-child
4889,Husband
16104,Husband
38306,Husband
36683,Husband
423,Not-in-family
42888,Husband
38565,Not-in-family
7821,Own-child
25438,Husband
21715,Husband
13518,Other-relative
46022,Own-child
39671,Not-in-family
21432,Unmarried
13324,Unmarried
40347,Not-in-family
47214,Not-in-family
29014,Own-child
1393,Unmarried
33595,Not-in-family
46851,Husband
31199,Not-in-family
48492,Husband
25373,Not-in-family
11816,Unmarried
8337,Husband
35370,Husband
41629,Husband
26098,Husband
30217,Husband
41987,Not-in-family
937,Husband
15967,Husband
43830,Not-in-family
44761,Own-child
3265,Husband
46252,Wife
44396,Husband
36755,Other-relative
8402,Not-in-family
40465,Husband
28282,Not-in-family
7175,Husband
28832,Husband
43797,Husband
445,Not-in-family
26692,Own-child
44998,Husband
24810,Husband
30967,Own-child
20558,Husband
46208,Other-relative
31259,Not-in-family
37754,Not-in-family
5555,Husband
10377,Husband
6738,Husband
26044,Husband
31300,Not-in-family
13062,Other-relative
717,Own-child
29257,Not-in-family
38591,Not-in-family
4636,Husband
45924,Husband
4532,Own-child
2672,Not-in-family
23241,Own-child
29825,Husband
22584,Not-in-family
26649,Own-child
19968,Husband
16913,Husband
24611,Own-child
5844,Own-child
40822,Not-in-family
19349,Husband
20345,Not-in-family
23896,Husband
45442,Own-child
11702,Own-child
44256,Wife
43398,Own-child
2116,Not-in-family
819,Husband
25048,Wife
24957,Husband
8791,Husband
19607,Husband
4560,Not-in-family
22096,Husband
37825,Wife
13209,Husband
15637,Husband
31283,Unmarried
10003,Not-in-family
33924,Husband
21435,Husband
17448,Not-in-family
34945,Not-in-family
27149,Husband
37724,Husband
16882,Own-child
4426,Husband
6618,Husband
20731,Own-child
19440,Own-child
22313,Husband
10239,Not-in-family
16029,Not-in-family
40038,Husband
43616,Not-in-family
20830,Not-in-family
45381,Unmarried
36338,Unmarried
43562,Own-child
12786,Not-in-family
10844,Not-in-family
16232,Own-child
30111,Husband
30719,Not-in-family
15040,Own-child
12880,Not-in-family
22689,Husband
1235,Not-in-family
23291,Unmarried
14984,Not-in-family
46164,Husband
6780,Other-relative
41181,Husband
45081,Wife
12986,Husband
22552,Not-in-family
23558,Husband
1540,Own-child
35348,Not-in-family
27415,Own-child
34207,Not-in-family
21123,Husband
36070,Husband
10456,Not-in-family
48486,Unmarried
21190,Not-in-family
8471,Husband
12018,Husband
32125,Husband
39663,Not-in-family
47500,Husband
43860,Not-in-family
41232,Unmarried
12729,Not-in-family
35445,Other-relative
36052,Husband
32274,Husband
19363,Husband
35122,Not-in-family
11602,Not-in-family
26702,Husband
42426,Husband
46605,Husband
44287,Other-relative
35533,Husband
25328,Not-in-family
12722,Own-child
26584,Husband
10219,Husband
31407,Not-in-family
11244,Own-child
20698,Not-in-family
2038,Husband
10717,Not-in-family
2849,Own-child
4573,Unmarried
39309,Husband
39300,Not-in-family
13745,Own-child
27914,Husband
3939,Husband
11645,Own-child
47658,Husband
46447,Own-child
36785,Not-in-family
23707,Not-in-family
34065,Husband
37834,Own-child
14095,Not-in-family
16582,Not-in-family
30205,Husband
2275,Husband
3926,Not-in-family
26698,Not-in-family
26651,Own-child
4944,Husband
2535,Unmarried
19802,Not-in-family
12390,Not-in-family
27441,Husband
25171,Husband
7069,Not-in-family
19189,Husband
35623,Husband
8876,Own-child
30527,Husband
4779,Own-child
19241,Not-in-family
19914,Not-in-family
36541,Husband
12177,Not-in-family
36493,Wife
21604,Not-in-family
27970,Wife
7616,Husband
4411,Husband
7961,Not-in-family
10099,Husband
7874,Husband
15413,Not-in-family
16024,Not-in-family
7888,Husband
32113,Husband
7137,Other-relative
47700,Not-in-family
34901,Other-relative
43162,Husband
7147,Husband
46274,Not-in-family
27693,Own-child
26297,Husband
13040,Husband
48190,Husband
464,Not-in-family
5603,Own-child
47789,Husband
43048,Not-in-family
18735,Husband
32032,Wife
19208,Not-in-family
19436,Husband
43450,Not-in-family
19427,Own-child
1991,Not-in-family
29677,Not-in-family
12587,Own-child
34899,Own-child
14093,Unmarried
4618,Husband
21472,Unmarried
17970,Wife
35393,Other-relative
36169,Wife
17458,Husband
34728,Husband
7674,Husband
8693,Not-in-family
18744,Unmarried
35432,Not-in-family
35639,Husband
12429,Husband
37293,Wife
21854,Not-in-family
44675,Husband
9031,Husband
9688,Not-in-family
18223,Husband
15619,Husband
6315,Unmarried
26740,Not-in-family
35319,Unmarried
22990,Husband
7183,Own-child
36653,Husband
4928,Not-in-family
22496,Own-child
36827,Wife
10847,Husband
34446,Not-in-family
38108,Not-in-family
2911,Own-child
8831,Own-child
12665,Not-in-family
42919,Own-child
19831,Unmarried
46613,Husband
24005,Not-in-family
42676,Not-in-family
22823,Unmarried
44502,Wife
46409,Not-in-family
1184,Husband
21398,Wife
8944,Husband
3909,Husband
39118,Wife
25022,Not-in-family
13858,Husband
20342,Husband
36832,Not-in-family
18634,Not-in-family
22772,Wife
28001,Husband
14768,Not-in-family
16311,Not-in-family
48546,Husband
28480,Husband
27631,Own-child
30261,Own-child
13890,Husband
13976,Husband
17528,Not-in-family
22647,Not-in-family
28015,Husband
29055,Not-in-family
28477,Own-child
12450,Husband
6434,Unmarried
39959,Not-in-family
9516,Husband
41241,Husband
18264,Husband
44084,Wife
3152,Husband
37747,Husband
46679,Not-in-family
10685,Own-child
23127,Not-in-family
25337,Husband
16892,Own-child
1166,Husband
34368,Husband
21385,Husband
11149,Husband
39728,Unmarried
48821,Not-in-family
22345,Not-in-family
11232,Husband
26056,Own-child
5857,Husband
16150,Own-child
1045,Unmarried
34220,Own-child
41330,Not-in-family
25558,Husband
13818,Own-child
3025,Husband
2836,Not-in-family
43119,Husband
31631,Husband
29660,Not-in-family
1524,Not-in-family
21864,Own-child
32141,Unmarried
9526,Husband
20554,Own-child
20677,Not-in-family
34457,Husband
39865,Husband
48518,Unmarried
40356,Wife
9025,Husband
28989,Husband
30204,Husband
45114,Not-in-family
35923,Own-child
10588,Not-in-family
1957,Not-in-family
28391,Own-child
13756,Not-in-family
45266,Not-in-family
15810,Husband
13363,Own-child
8739,Not-in-family
29268,Husband
33498,Husband
44229,Husband
42935,Husband
41753,Wife
28311,Own-child
1528,Husband
31487,Own-child
48302,Husband
3380,Unmarried
27814,Not-in-family
41670,Husband
17515,Not-in-family
15518,Husband
36946,Wife
31903,Husband
33491,Own-child
30880,Husband
47142,Husband
16947,Husband
19010,Not-in-family
5406,Not-in-family
30356,Own-child
8278,Husband
11166,Not-in-family
918,Husband
7361,Wife
2347,Own-child
34577,Husband
26901,Not-in-family
12412,Husband
26680,Unmarried
8371,Not-in-family
33810,Husband
41291,Not-in-family
19062,Husband
7210,Husband
9485,Husband
5876,Not-in-family
5575,Husband
45849,Husband
29673,Own-child
36442,Not-in-family
7699,Husband
40371,Unmarried
27342,Not-in-family
26035,Other-relative
18591,Husband
47411,Husband
41037,Own-child
39215,Husband
19597,Not-in-family
2168,Unmarried
19748,Not-in-family
10966,Husband
14891,Own-child
29812,Not-in-family
23227,Not-in-family
11135,Unmarried
40149,Husband
17167,Husband
38637,Husband
3237,Own-child
10179,Wife
25684,Not-in-family
4103,Not-in-family
1461,Not-in-family
44087,Unmarried
14943,Husband
25261,Husband
28422,Not-in-family
24295,Not-in-family
7899,Husband
24026,Husband
37532,Husband
30354,Husband
26014,Not-in-family
28819,Husband
21281,Husband
16533,Other-relative
32529,Unmarried
38773,Unmarried
18878,Husband
3691,Husband
6399,Own-child
44756,Not-in-family
43541,Unmarried
31067,Husband
16974,Husband
26587,Unmarried
35609,Husband
41093,Not-in-family
34657,Own-child
14345,Husband
26794,Not-in-family
9221,Not-in-family
8330,Unmarried
9909,Husband
17585,Not-in-family
15407,Unmarried
44790,Husband
16765,Husband
12576,Husband
35307,Own-child
40517,Husband
15915,Wife
44079,Not-in-family
28871,Not-in-family
5399,Unmarried
29138,Husband
16775,Own-child
24673,Not-in-family
24710,Unmarried
24805,Not-in-family
12601,Husband
8106,Not-in-family
36211,Own-child
40574,Not-in-family
31349,Not-in-family
14730,Not-in-family
35126,Husband
28221,Not-in-family
45708,Husband
34434,Not-in-family
22835,Not-in-family
15470,Wife
8441,Unmarried
46279,Husband
31691,Not-in-family
18529,Not-in-family
40870,Husband
20885,Own-child
28224,Husband
40263,Not-in-family
3199,Husband
44872,Not-in-family
9437,Husband
36597,Husband
24517,Unmarried
17615,Own-child
22262,Own-child
5583,Own-child
17746,Not-in-family
35607,Not-in-family
10427,Not-in-family
41030,Own-child
22417,Husband
38139,Not-in-family
13633,Husband
1792,Unmarried
35701,Not-in-family
37481,Husband
42075,Not-in-family
34888,Own-child
28445,Husband
860,Own-child
14278,Unmarried
2041,Unmarried
7530,Wife
14829,Unmarried
34997,Own-child
6227,Husband
26109,Not-in-family
5204,Not-in-family
34912,Husband
2508,Not-in-family
633,Wife
3559,Not-in-family
42299,Own-child
44905,Own-child
9267,Not-in-family
15454,Not-in-family
47765,Not-in-family
31832,Husband
42839,Husband
42148,Husband
6634,Not-in-family
28766,Not-in-family
20273,Husband
37007,Not-in-family
46689,Husband
36560,Husband
46972,Husband
37457,Unmarried
37460,Not-in-family
38239,Husband
35911,Husband
17789,Husband
14585,Own-child
42415,Not-in-family
16626,Husband
9540,Own-child
29105,Not-in-family
27573,Not-in-family
42058,Not-in-family
16459,Wife
27778,Not-in-family
24574,Husband
19724,Unmarried
7413,Husband
24618,Husband
14318,Not-in-family
39897,Not-in-family
41114,Not-in-family
27620,Own-child
28024,Not-in-family
5159,Husband
8415,Other-relative
45921,Husband
13409,Own-child
45705,Not-in-family
17788,Unmarried
47813,Own-child
23305,Wife
40109,Wife
21012,Own-child
16789,Husband
10663,Husband
47350,Unmarried
30986,Unmarried
38854,Husband
44010,Own-child
605,Unmarried
24578,Husband
11079,Husband
31177,Unmarried
14161,Unmarried
25440,Husband
42929,Husband
1346,Husband
48079,Other-relative
41073,Husband
10609,Husband
11990,Husband
12462,Husband
40594,Wife
20621,Husband
27826,Not-in-family
41853,Husband
32912,Own-child
38055,Husband
29403,Husband
19184,Not-in-family
39173,Husband
24380,Husband
47983,Own-child
30626,Husband
28016,Own-child
24434,Not-in-family
5562,Husband
4070,Own-child
20888,Husband
38900,Not-in-family
32311,Not-in-family
25712,Not-in-family
6610,Husband
13306,Not-in-family
29867,Wife
46149,Other-relative
46245,Husband
25733,Wife
27875,Wife
6856,Own-child
37622,Own-child
27638,Husband
858,Own-child
40798,Husband
17490,Husband
33042,Own-child
8690,Own-child
29108,Own-child
15408,Husband
32737,Husband
10911,Husband
41081,Husband
21299,Not-in-family
44124,Not-in-family
9041,Husband
8422,Husband
41078,Not-in-family
22161,Unmarried
17768,Not-in-family
44073,Husband
46100,Unmarried
3470,Husband
47787,Not-in-family
43237,Husband
5828,Own-child
3635,Husband
45890,Not-in-family
41387,Unmarried
46671,Not-in-family
23839,Not-in-family
19394,Husband
48792,Wife
15370,Husband
2432,Husband
42734,Not-in-family
20707,Own-child
5332,Own-child
47354,Own-child
26299,Own-child
5445,Own-child
15213,Wife
7721,Husband
48776,Husband
35104,Husband
21649,Wife
23591,Own-child
47146,Wife
24430,Own-child
16629,Husband
21191,Unmarried
13527,Husband
12440,Husband
21101,Husband
12969,Not-in-family
8665,Husband
67,Wife
45045,Husband
36855,Own-child
7328,Not-in-family
5053,Husband
11643,Not-in-family
45404,Husband
20106,Not-in-family
34555,Not-in-family
27534,Husband
40904,Husband
32600,Own-child
8576,Unmarried
9870,Own-child
30778,Husband
39539,Own-child
20620,Wife
17182,Not-in-family
20307,Husband
35052,Husband
33538,Husband
39139,Own-child
1724,Not-in-family
47913,Own-child
44101,Husband
30196,Own-child
40906,Husband
34138,Unmarried
38203,Own-child
29827,Not-in-family
2119,Own-child
16780,Not-in-family
8550,Husband
19668,Husband
27374,Husband
21508,Unmarried
14400,Wife
10162,Husband
28310,Husband
28049,Other-relative
5111,Unmarried
12233,Not-in-family
24951,Other-relative
40481,Not-in-family
37905,Husband
11028,Husband
48221,Not-in-family
17992,Unmarried
40522,Own-child
34295,Other-relative
4347,Unmarried
15780,Husband
40474,Husband
25811,Not-in-family
33456,Not-in-family
20035,Husband
10982,Other-relative
9511,Own-child
45365,Unmarried
261,Husband
17567,Husband
14164,Own-child
27294,Husband
19186,Own-child
19643,Husband
35525,Husband
42232,Not-in-family
40709,Husband
45830,Husband
18267,Wife
6006,Husband
32216,Husband
12128,Husband
39841,Wife
45291,Husband
1129,Husband
3840,Husband
3859,Unmarried
33660,Not-in-family
37593,Husband
38223,Unmarried
3563,Not-in-family
7535,Unmarried
22613,Not-in-family
13475,Own-child
34777,Husband
10272,Unmarried
8040,Not-in-family
12255,Husband
32178,Not-in-family
11008,Unmarried
7718,Husband
9681,Not-in-family
5434,Own-child
31268,Not-in-family
325,Husband
33562,Wife
44813,Not-in-family
30729,Husband
14817,Unmarried
39533,Husband
2267,Unmarried
34326,Husband
28920,Other-relative
35570,Own-child
41791,Husband
4715,Not-in-family
45662,Husband
18270,Own-child
24117,Not-in-family
38621,Not-in-family
12186,Husband
15148,Own-child
27962,Husband
22071,Unmarried
48002,Husband
11216,Husband
6068,Own-child
23478,Not-in-family
16805,Husband
39549,Husband
24678,Husband
26523,Unmarried
1697,Husband
26758,Not-in-family
5157,Wife
39892,Not-in-family
41382,Own-child
25285,Husband
28728,Husband
12257,Husband
44220,Husband
22703,Husband
19159,Not-in-family
29621,Not-in-family
3060,Own-child
36648,Not-in-family
7378,Own-child
4926,Unmarried
41038,Own-child
37354,Unmarried
563,Unmarried
4515,Own-child
7160,Unmarried
7966,Husband
893,Husband
19804,Husband
1123,Husband
11581,Not-in-family
37845,Husband
12887,Husband
2284,Not-in-family
37189,Husband
39388,Unmarried
44301,Own-child
45864,Husband
10433,Not-in-family
39006,Own-child
31556,Own-child
10517,Not-in-family
36986,Not-in-family
22627,Not-in-family
46556,Not-in-family
37732,Not-in-family
12037,Not-in-family
10864,Not-in-family
36671,Own-child
47178,Own-child
23715,Not-in-family
38412,Unmarried
32412,Not-in-family
32551,Husband
47740,Husband
35531,Husband
379,Husband
16362,Other-relative
10987,Not-in-family
5246,Not-in-family
10236,Husband
48157,Not-in-family
30130,Husband
1251,Husband
44740,Not-in-family
32248,Not-in-family
34643,Husband
5662,Wife
31714,Unmarried
34509,Own-child
22305,Unmarried
36200,Own-child
31542,Husband
29120,Husband
23203,Own-child
5511,Not-in-family
8490,Husband
4555,Husband
8129,Own-child
26115,Unmarried
1443,Not-in-family
29725,Not-in-family
5931,Wife
4189,Husband
47438,Not-in-family
22781,Not-in-family
9258,Unmarried
12536,Not-in-family
9048,Own-child
36837,Own-child
44895,Husband
47782,Unmarried
42612,Own-child
21766,Not-in-family
24972,Husband
32491,Unmarried
26024,Husband
31994,Husband
29249,Husband
29980,Not-in-family
32804,Husband
6313,Not-in-family
43332,Husband
20772,Not-in-family
16746,Other-relative
44015,Own-child
33438,Own-child
29593,Husband
20992,Husband
42386,Not-in-family
22308,Own-child
27136,Own-child
26640,Own-child
27008,Unmarried
37165,Husband
23396,Husband
37336,Husband
30278,Unmarried
48656,Not-in-family
2300,Not-in-family
41416,Husband
8272,Husband
17447,Own-child
7151,Own-child
26886,Husband
8659,Own-child
7287,Husband
12533,Not-in-family
43130,Husband
29262,Husband
48628,Not-in-family
22899,Husband
19263,Unmarried
21060,Not-in-family
16137,Husband
24682,Unmarried
38817,Own-child
1835,Not-in-family
42683,Husband
9939,Husband
38255,Not-in-family
47314,Husband
22913,Husband
17294,Husband
24088,Husband
36667,Own-child
9923,Husband
34733,Husband
37663,Not-in-family
26656,Other-relative
5816,Husband
18442,Husband
44275,Husband
35001,Own-child
20580,Other-relative
42212,Husband
7111,Not-in-family
2949,Own-child
3024,Own-child
871,Own-child
24518,Not-in-family
45759,Own-child
43688,Husband
16340,Wife
4611,Husband
30390,Husband
11706,Husband
16416,Husband
14622,Husband
29231,Not-in-family
21949,Husband
47649,Not-in-family
38853,Husband
45065,Husband
203,Not-in-family
20089,Husband
13377,Unmarried
23534,Own-child
11842,Husband
31931,Not-in-family
4785,Other-relative
40920,Other-relative
33037,Husband
2500,Not-in-family
24627,Unmarried
610,Not-in-family
11310,Not-in-family
27230,Husband
42340,Not-in-family
12509,Husband
16568,Not-in-family
8341,Unmarried
40712,Not-in-family
4843,Husband
3455,Own-child
6341,Not-in-family
20761,Not-in-family
9432,Husband
42606,Not-in-family
29132,Husband
18198,Husband
3896,Unmarried
35706,Not-in-family
36468,Husband
14343,Not-in-family
12366,Own-child
175,Unmarried
26611,Not-in-family
33630,Husband
47240,Not-in-family
34212,Husband
10835,Wife
22527,Not-in-family
23453,Own-child
3513,Not-in-family
41197,Unmarried
9597,Not-in-family
40749,Husband
10504,Not-in-family
27736,Wife
46794,Not-in-family
23138,Own-child
19136,Husband
46861,Husband
48213,Not-in-family
15964,Unmarried
43974,Husband
658,Husband
1893,Husband
39974,Husband
17155,Husband
1745,Not-in-family
6921,Unmarried
3853,Not-in-family
41774,Husband
42798,Own-child
40205,Husband
9073,Not-in-family
14900,Husband
7906,Husband
3365,Husband
44819,Husband
38850,Husband
25801,Husband
21267,Husband
20244,Own-child
17428,Own-child
21239,Husband
6879,Husband
19772,Husband
21579,Not-in-family
39025,Not-in-family
12901,Not-in-family
10154,Own-child
19827,Own-child
33528,Husband
27072,Other-relative
46408,Husband
34829,Husband
32164,Not-in-family
9600,Not-in-family
18314,Husband
46466,Husband
43938,Unmarried
3898,Own-child
34952,Husband
25089,Husband
48065,Not-in-family
31315,Own-child
20899,Husband
45855,Not-in-family
38867,Unmarried
33324,Not-in-family
8290,Husband
2687,Husband
21960,Husband
27647,Own-child
47989,Not-in-family
41280,Husband
35178,Own-child
40305,Not-in-family
38418,Husband
46121,Husband
16467,Not-in-family
14465,Wife
34624,Wife
37038,Own-child
2028,Husband
44822,Husband
17240,Husband
21160,Husband
1693,Wife
22015,Not-in-family
31238,Not-in-family
41219,Husband
31774,Unmarried
4957,Own-child
35687,Unmarried
35316,Unmarried
13622,Husband
17511,Unmarried
18419,Other-relative
15642,Husband
19971,Other-relative
19324,Not-in-family
45075,Not-in-family
17616,Husband
34900,Not-in-family
31521,Unmarried
18318,Unmarried
6832,Not-in-family
13501,Husband
38092,Husband
38501,Husband
22485,Husband
15500,Not-in-family
19728,Other-relative
1688,Not-in-family
30202,Not-in-family
29420,Husband
31769,Own-child
5681,Husband
22032,Not-in-family
8045,Husband
10097,Own-child
24571,Wife
3090,Not-in-family
42285,Unmarried
39994,Own-child
34804,Wife
29643,Husband
27689,Husband
5295,Husband
30905,Own-child
19554,Not-in-family
10903,Unmarried
5544,Not-in-family
23412,Unmarried
26553,Not-in-family
18708,Not-in-family
36576,Husband
735,Husband
44381,Husband
33937,Husband
13496,Not-in-family
24908,Husband
9218,Husband
19303,Own-child
41803,Not-in-family
2110,Husband
6999,Not-in-family
44340,Own-child
6202,Husband
41619,Not-in-family
2503,Unmarried
38392,Husband
36394,Own-child
12534,Not-in-family
43958,Own-child
40945,Unmarried
8068,Husband
32223,Unmarried
13613,Not-in-family
34182,Husband
15827,Unmarried
24947,Not-in-family
27996,Not-in-family
6063,Own-child
22486,Husband
6459,Other-relative
16305,Unmarried
47929,Not-in-family
39992,Unmarried
7469,Own-child
8396,Husband
33833,Own-child
8554,Husband
14876,Husband
27775,Husband
5741,Own-child
36714,Unmarried
39475,Husband
2480,Husband
1421,Husband
4699,Husband
29718,Husband
42789,Not-in-family
25536,Husband
31970,Husband
25787,Not-in-family
38115,Not-in-family
36973,Not-in-family
22683,Not-in-family
26356,Husband
29492,Not-in-family
11558,Unmarried
23474,Husband
26725,Wife
11841,Husband
13615,Unmarried
4845,Husband
17715,Husband
44897,Not-in-family
17506,Own-child
12436,Own-child
9823,Not-in-family
46114,Husband
5087,Own-child
47795,Not-in-family
19601,Not-in-family
754,Not-in-family
48263,Husband
8526,Husband
11148,Own-child
32004,Not-in-family
7956,Own-child
45702,Not-in-family
36012,Husband
12521,Husband
43991,Husband
8900,Husband
619,Husband
32959,Husband
40294,Unmarried
38662,Not-in-family
44378,Husband
21570,Not-in-family
8240,Not-in-family
40591,Not-in-family
16134,Not-in-family
13980,Own-child
15204,Not-in-family
8810,Unmarried
28215,Not-in-family
43613,Own-child
31916,Own-child
26403,Husband
5875,Husband
18266,Not-in-family
422,Wife
47917,Not-in-family
30129,Wife
8841,Husband
43926,Husband
9087,Husband
39829,Husband
42856,Husband
35834,Wife
17345,Wife
13757,Not-in-family
33105,Husband
17677,Husband
8087,Not-in-family
32676,Unmarried
34042,Husband
28830,Husband
35168,Husband
11540,Unmarried
46841,Husband
13444,Husband
37620,Not-in-family
11174,Not-in-family
10224,Own-child
27733,Not-in-family
47169,Other-relative
15750,Husband
46666,Not-in-family
2664,Not-in-family
47256,Husband
18338,Not-in-family
34397,Not-in-family
39709,Unmarried
11601,Not-in-family
23874,Husband
42427,Not-in-family
38164,Not-in-family
19918,Own-child
24920,Own-child
17967,Unmarried
7544,Not-in-family
30486,Not-in-family
31306,Unmarried
7348,Wife
2611,Husband
17257,Not-in-family
42354,Own-child
4254,Not-in-family
7163,Wife
44341,Husband
1698,Not-in-family
16166,Husband
48320,Unmarried
9622,Not-in-family
22482,Unmarried
30553,Not-in-family
19886,Not-in-family
14383,Not-in-family
37822,Other-relative
28290,Not-in-family
3388,Husband
15735,Not-in-family
42710,Unmarried
27713,Own-child
1414,Husband
30537,Husband
20855,Husband
29748,Husband
38733,Unmarried
2884,Unmarried
41006,Husband
45002,Not-in-family
44577,Husband
36363,Own-child
33412,Husband
5149,Husband
17128,Husband
40963,Husband
47872,Husband
30080,Not-in-family
10533,Husband
40585,Own-child
45514,Own-child
41630,Unmarried
27806,Not-in-family
34350,Not-in-family
38469,Unmarried
13861,Husband
26307,Unmarried
11386,Not-in-family
48515,Not-in-family
41107,Not-in-family
46502,Own-child
1787,Husband
1098,Wife
2893,Not-in-family
9052,Unmarried
3986,Not-in-family
20448,Unmarried
30006,Husband
28364,Husband
19950,Husband
30824,Not-in-family
47662,Husband
17640,Husband
19513,Own-child
21025,Not-in-family
7400,Unmarried
28248,Not-in-family
26223,Husband
5473,Husband
24938,Unmarried
7415,Not-in-family
1639,Husband
13476,Not-in-family
32168,Own-child
39775,Own-child
45954,Unmarried
11576,Wife
25483,Unmarried
26288,Own-child
36480,Unmarried
3049,Husband
2997,Other-relative
9059,Husband
44672,Husband
33293,Husband
42140,Unmarried
14270,Not-in-family
29863,Unmarried
22064,Husband
48078,Husband
15984,Husband
165,Unmarried
40514,Husband
15813,Husband
2920,Husband
42713,Husband
18653,Husband
45239,Own-child
45876,Own-child
26717,Husband
43382,Own-child
35848,Husband
5924,Unmarried
21337,Unmarried
48512,Husband
45888,Unmarried
4924,Unmarried
25909,Not-in-family
4810,Not-in-family
32358,Husband
26316,Own-child
39372,Husband
45448,Husband
18286,Husband
14251,Husband
7238,Not-in-family
8682,Wife
4483,Not-in-family
35004,Own-child
31509,Husband
31519,Husband
43028,Not-in-family
42760,Not-in-family
13529,Husband
35736,Husband
25642,Wife
27557,Other-relative
37702,Husband
3236,Not-in-family
18112,Husband
24762,Husband
10659,Husband
21826,Husband
4564,Not-in-family
8580,Not-in-family
39707,Husband
29392,Not-in-family
29547,Husband
42615,Not-in-family
36999,Husband
2311,Not-in-family
41947,Husband
3204,Unmarried
4334,Husband
17975,Own-child
36106,Husband
38279,Husband
20923,Husband
25351,Husband
13811,Husband
37069,Own-child
9378,Husband
25434,Husband
16537,Unmarried
46803,Not-in-family
48368,Husband
8300,Own-child
41571,Husband
27247,Husband
20616,Not-in-family
15762,Wife
41358,Own-child
26155,Not-in-family
48398,Husband
27245,Unmarried
32218,Husband
2610,Other-relative
13268,Unmarried
11055,Own-child
36995,Own-child
34370,Not-in-family
978,Not-in-family
13149,Unmarried
37903,Own-child
38843,Own-child
46256,Not-in-family
6567,Not-in-family
25371,Husband
8800,Not-in-family
26918,Unmarried
24370,Husband
38230,Husband
45202,Own-child
46009,Own-child
11905,Husband
43005,Husband
6525,Not-in-family
43824,Not-in-family
38320,Unmarried
21390,Husband
20607,Husband
38002,Husband
45865,Husband
33953,Husband
37005,Unmarried
10344,Husband
14106,Own-child
32576,Husband
44698,Not-in-family
11098,Husband
4061,Own-child
14148,Husband
17086,Not-in-family
39574,Own-child
25923,Husband
43586,Not-in-family
22343,Not-in-family
1903,Not-in-family
23515,Not-in-family
23751,Not-in-family
22443,Husband
6792,Husband
14586,Husband
683,Unmarried
41365,Not-in-family
13952,Wife
8579,Own-child
30936,Wife
23531,Own-child
32442,Not-in-family
43806,Own-child
33692,Husband
40695,Not-in-family
40605,Husband
46990,Own-child
32808,Own-child
47751,Husband
13629,Wife
26968,Husband
16280,Own-child
17500,Husband
42539,Own-child
20158,Husband
7716,Husband
8443,Husband
5206,Not-in-family
28223,Unmarried
46251,Own-child
477,Own-child
12184,Not-in-family
18334,Not-in-family
13723,Husband
27364,Unmarried
42613,Husband
6086,Husband
13737,Not-in-family
18028,Husband
21431,Unmarried
4626,Own-child
43141,Not-in-family
11711,Not-in-family
18566,Husband
34099,Husband
5684,Own-child
36808,Wife
34507,Husband
13364,Not-in-family
2368,Own-child
48175,Unmarried
46611,Husband
9574,Not-in-family
30715,Husband
25505,Wife
43122,Unmarried
2090,Husband
8140,Unmarried
12382,Not-in-family
47778,Husband
42750,Not-in-family
36721,Husband
47215,Husband
7260,Own-child
25110,Husband
29023,Own-child
19448,Husband
38548,Not-in-family
15892,Wife
18676,Not-in-family
10248,Husband
3135,Husband
13647,Husband
41031,Husband
35807,Husband
23089,Husband
37704,Husband
17348,Unmarried
5190,Husband
8196,Not-in-family
16935,Own-child
45669,Husband
1886,Not-in-family
29518,Husband
19332,Husband
18575,Husband
4059,Own-child
37603,Husband
45606,Own-child
19347,Husband
31342,Husband
3816,Other-relative
14361,Wife
28274,Own-child
19262,Not-in-family
21147,Husband
778,Husband
5049,Husband
46293,Unmarried
35601,Husband
39787,Husband
21006,Not-in-family
44020,Husband
4355,Husband
31704,Husband
48830,Husband
40708,Husband
11505,Husband
7982,Not-in-family
2080,Unmarried
41977,Not-in-family
35860,Not-in-family
475,Not-in-family
41287,Not-in-family
35473,Husband
13850,Unmarried
11463,Not-in-family
45282,Unmarried
29052,Own-child
30118,Husband
40694,Husband
4524,Husband
6083,Own-child
20045,Husband
11800,Husband
14181,Not-in-family
5749,Husband
12707,Unmarried
13109,Husband
6456,Not-in-family
30395,Husband
42100,Not-in-family
19398,Not-in-family
32581,Husband
27433,Not-in-family
20450,Husband
21532,Own-child
6833,Husband
36863,Unmarried
19675,Husband
14849,Unmarried
7526,Husband
23463,Not-in-family
30144,Own-child
8851,Husband
20084,Own-child
19224,Other-relative
22884,Own-child
43265,Not-in-family
16671,Husband
1012,Husband
15705,Not-in-family
13519,Not-in-family
18122,Husband
3092,Husband
37144,Not-in-family
767,Wife
18123,Husband
23035,Not-in-family
23204,Not-in-family
31269,Own-child
45313,Not-in-family
13338,Husband
3616,Not-in-family
14563,Husband
1010,Not-in-family
20932,Husband
11442,Not-in-family
24234,Unmarried
17824,Husband
41308,Not-in-family
44592,Own-child
46065,Husband
30648,Husband
34873,Not-in-family
42119,Husband
24398,Not-in-family
18874,Wife
8777,Husband
42272,Own-child
40111,Husband
47587,Own-child
4920,Wife
7325,Not-in-family
45800,Husband
9117,Own-child
34056,Not-in-family
41703,Own-child
24367,Not-in-family
27819,Husband
47938,Wife
34119,Husband
25516,Husband
18563,Own-child
44669,Not-in-family
2143,Own-child
27027,Husband
37953,Husband
7453,Own-child
34551,Husband
48502,Own-child
19636,Husband
36194,Own-child
14766,Not-in-family
20864,Husband
8104,Wife
42868,Not-in-family
8463,Husband
10571,Own-child
43856,Husband
38404,Wife
15799,Not-in-family
37342,Husband
15607,Unmarried
225,Own-child
3085,Own-child
45832,Husband
36720,Husband
9256,Husband
1977,Not-in-family
10602,Husband
260,Own-child
34419,Not-in-family
1559,Other-relative
17892,Husband
35396,Unmarried
34698,Not-in-family
16206,Husband
16396,Unmarried
24742,Husband
9798,Husband
44828,Husband
35075,Own-child
31999,Own-child
6649,Husband
28111,Husband
14533,Husband
33992,Not-in-family
14265,Husband
7385,Own-child
46889,Not-in-family
30247,Husband
48372,Not-in-family
19139,Not-in-family
27523,Not-in-family
868,Husband
32356,Own-child
25783,Own-child
6454,Husband
29939,Husband
41083,Own-child
43748,Not-in-family
10388,Husband
33672,Husband
9229,Husband
45502,Husband
26188,Husband
1992,Not-in-family
19087,Not-in-family
12550,Unmarried
35732,Wife
36975,Own-child
47538,Husband
8231,Husband
17649,Own-child
48212,Husband
46753,Husband
29694,Unmarried
46118,Not-in-family
13124,Own-child
6146,Not-in-family
33870,Unmarried
41756,Own-child
26733,Not-in-family
43854,Own-child
43071,Husband
38829,Husband
40388,Not-in-family
43326,Own-child
11242,Husband
26815,Not-in-family
44544,Husband
15452,Not-in-family
19989,Not-in-family
28012,Husband
35953,Unmarried
16009,Husband
20541,Husband
44108,Own-child
30058,Husband
22265,Husband
45089,Husband
34874,Wife
38951,Not-in-family
36603,Husband
27329,Wife
33155,Husband
48346,Husband
14853,Not-in-family
23259,Husband
25844,Husband
45287,Husband
29287,Other-relative
311,Husband
31558,Unmarried
5277,Own-child
5925,Husband
9269,Husband
1715,Unmarried
46586,Not-in-family
9177,Husband
20343,Husband
30382,Husband
37525,Not-in-family
37485,Husband
48413,Husband
35160,Husband
2195,Husband
3800,Husband
43633,Not-in-family
18380,Husband
42805,Husband
23178,Husband
29012,Own-child
37112,Not-in-family
48557,Husband
43116,Own-child
38453,Husband
24912,Unmarried
33002,Husband
34714,Husband
30850,Not-in-family
20077,Husband
44816,Husband
32671,Own-child
39517,Husband
40260,Own-child
41512,Own-child
27057,Husband
37698,Husband
18428,Own-child
41133,Husband
33366,Not-in-family
39767,Husband
46704,Husband
10019,Husband
29152,Own-child
5199,Unmarried
4120,Not-in-family
20257,Husband
4862,Husband
8306,Own-child
21843,Husband
8618,Husband
9741,Husband
15591,Wife
14834,Husband
20459,Wife
22304,Not-in-family
20166,Other-relative
31044,Husband
40745,Husband
47433,Not-in-family
31392,Not-in-family
15887,Not-in-family
38852,Husband
30298,Own-child
45116,Husband
22595,Not-in-family
3651,Husband
19333,Husband
37972,Husband
18110,Not-in-family
20419,Husband
26626,Husband
47425,Not-in-family
11034,Other-relative
14003,Husband
9687,Husband
39966,Other-relative
24004,Unmarried
47814,Husband
28301,Husband
7491,Wife
17549,Unmarried
20737,Unmarried
33641,Other-relative
15369,Husband
44227,Husband
34727,Own-child
24225,Not-in-family
9766,Husband
14232,Husband
14232,Other-relative
14232,Own-child
14232,Wife
22534,Husband
22534,Not-in-family
22534,Other-relative
22534,Own-child
22534,Unmarried
22534,Wife
19030,Husband
19030,Not-in-family
19030,Other-relative
19030,Own-child
19030,Unmarried
19030,Wife
18639,Husband
18639,Not-in-family
18639,Other-relative
18639,Own-child
18639,Unmarried
18639,Wife
44469,Not-in-family
44469,Unmarried
30699,Husband
30699,Not-in-family
30699,Other-relative
30699,Own-child
30699,Unmarried
30699,Wife
5408,Husband
5408,Other-relative
5408,Own-child
5408,Wife
44628,Not-in-family
44628,Unmarried
36591,Husband
36591,Not-in-family
36591,Other-relative
36591,Own-child
36591,Unmarried
36591,Wife
3715,Husband
3715,Other-relative
3715,Own-child
3715,Wife
42759,Husband
42759,Not-in-family
42759,Other-relative
42759,Own-child
42759,Unmarried
42759,Wife
36686,Not-in-family
36686,Unmarried
1952,Not-in-family
1952,Unmarried
24576,Husband
24576,Other-relative
24576,Own-child
24576,Wife
39413,Husband
39413,Not-in-family
39413,Other-relative
39413,Own-child
39413,Unmarried
39413,Wife
45305,Husband
45305,Not-in-family
45305,Other-relative
45305,Own-child
45305,Unmarried
45305,Wife
47265,Husband
47265,Not-in-family
47265,Other-relative
47265,Own-child
47265,Unmarried
47265,Wife
22468,Husband
22468,Other-relative
22468,Own-child
22468,Wife
16495,Husband
16495,Not-in-family
16495,Other-relative
16495,Own-child
16495,Unmarried
16495,Wife
8649,Husband
8649,Other-relative
8649,Own-child
8649,Wife
24059,Husband
24059,Not-in-family
24059,Other-relative
24059,Own-child
24059,Unmarried
24059,Wife
21991,Husband
21991,Not-in-family
21991,Other-relative
21991,Own-child
21991,Unmarried
21991,Wife
38068,Husband
38068,Not-in-family
38068,Other-relative
38068,Own-child
38068,Unmarried
38068,Wife
23963,Husband
23963,Not-in-family
23963,Other-relative
23963,Own-child
23963,Unmarried
23963,Wife
2844,Husband
2844,Other-relative
2844,Own-child
2844,Wife
38514,Husband
38514,Not-in-family
38514,Other-relative
38514,Own-child
38514,Unmarried
38514,Wife
9742,Husband
9742,Not-in-family
9742,Other-relative
9742,Own-child
9742,Unmarried
9742,Wife
46680,Husband
46680,Not-in-family
46680,Other-relative
46680,Own-child
46680,Unmarried
46680,Wife
42875,Husband
42875,Not-in-family
42875,Other-relative
42875,Own-child
42875,Unmarried
42875,Wife
47353,Husband
47353,Not-in-family
47353,Other-relative
47353,Own-child
47353,Unmarried
47353,Wife
42587,Husband
42587,Other-relative
42587,Own-child
42587,Wife
17936,Husband
17936,Not-in-family
17936,Other-relative
17936,Own-child
17936,Unmarried
17936,Wife
36501,Husband
36501,Not-in-family
36501,Other-relative
36501,Own-child
36501,Unmarried
36501,Wife
17371,Husband
17371,Other-relative
17371,Own-child
17371,Wife
4248,Not-in-family
4248,Unmarried
28487,Husband
28487,Other-relative
28487,Own-child
28487,Wife
32403,Husband
32403,Other-relative
32403,Own-child
32403,Wife
6873,Husband
6873,Not-in-family
6873,Other-relative
6873,Own-child
6873,Unmarried
6873,Wife
8366,Husband
8366,Other-relative
8366,Own-child
8366,Wife
17995,Not-in-family
17995,Unmarried
3614,Husband
3614,Other-relative
3614,Own-child
3614,Wife
47443,Husband
47443,Other-relative
47443,Own-child
47443,Wife
24774,Not-in-family
24774,Unmarried
15362,Husband
15362,Not-in-family
15362,Other-relative
15362,Own-child
15362,Unmarried
15362,Wife
1147,Husband
1147,Other-relative
1147,Own-child
1147,Wife
9835,Husband
9835,Other-relative
9835,Own-child
9835,Wife
27417,Not-in-family
27417,Unmarried
7822,Husband
7822,Not-in-family
7822,Other-relative
7822,Own-child
7822,Unmarried
7822,Wife
25062,Husband
25062,Other-relative
25062,Own-child
25062,Wife
47098,Husband
47098,Not-in-family
47098,Other-relative
47098,Own-child
47098,Unmarried
47098,Wife
3336,Husband
3336,Not-in-family
3336,Other-relative
3336,Own-child
3336,Unmarried
3336,Wife
25117,Husband
25117,Not-in-family
25117,Other-relative
25117,Own-child
25117,Unmarried
25117,Wife
35661,Husband
35661,Other-relative
35661,Own-child
35661,Wife
17137,Husband
17137,Other-relative
17137,Own-child
17137,Wife
30347,Husband
30347,Not-in-family
30347,Other-relative
30347,Own-child
30347,Unmarried
30347,Wife
11843,Husband
11843,Other-relative
11843,Own-child
11843,Wife
14787,Husband
14787,Other-relative
14787,Own-child
14787,Wife
25557,Husband
25557,Other-relative
25557,Own-child
25557,Wife
41865,Husband
41865,Not-in-family
41865,Other-relative
41865,Own-child
41865,Unmarried
41865,Wife
41546,Husband
41546,Not-in-family
41546,Other-relative
41546,Own-child
41546,Unmarried
41546,Wife
11679,Husband
11679,Not-in-family
11679,Other-relative
11679,Own-child
11679,Unmarried
11679,Wife
1463,Husband
1463,Not-in-family
1463,Other-relative
1463,Own-child
1463,Unmarried
1463,Wife
34139,Husband
34139,Not-in-family
34139,Other-relative
34139,Own-child
34139,Unmarried
34139,Wife
8887,Husband
8887,Other-relative
8887,Own-child
8887,Wife
18822,Husband
18822,Not-in-family
18822,Other-relative
18822,Own-child
18822,Unmarried
18822,Wife
45197,Husband
45197,Other-relative
45197,Own-child
45197,Wife
46027,Husband
46027,Not-in-family
46027,Other-relative
46027,Own-child
46027,Unmarried
46027,Wife
2993,Husband
2993,Not-in-family
2993,Other-relative
2993,Own-child
2993,Unmarried
2993,Wife
32891,Husband
32891,Other-relative
32891,Own-child
32891,Wife
674,Husband
674,Not-in-family
674,Other-relative
674,Own-child
674,Unmarried
674,Wife
31996,Husband
31996,Other-relative
31996,Own-child
31996,Wife
36980,Not-in-family
36980,Unmarried
10160,Not-in-family
10160,Unmarried
8248,Husband
8248,Not-in-family
8248,Other-relative
8248,Own-child
8248,Unmarried
8248,Wife
44551,Not-in-family
44551,Unmarried
36345,Husband
36345,Not-in-family
36345,Other-relative
36345,Own-child
36345,Unmarried
36345,Wife
9994,Husband
9994,Not-in-family
9994,Other-relative
9994,Own-child
9994,Unmarried
9994,Wife
33220,Not-in-family
33220,Unmarried
16546,Not-in-family
16546,Unmarried
46484,Not-in-family
46484,Unmarried
40025,Husband
40025,Other-relative
40025,Own-child
40025,Wife
47198,Not-in-family
47198,Unmarried
10534,Husband
10534,Not-in-family
10534,Other-relative
10534,Own-child
10534,Unmarried
10534,Wife
12658,Not-in-family
12658,Unmarried
45324,Husband
45324,Not-in-family
45324,Other-relative
45324,Own-child
45324,Unmarried
45324,Wife
43970,Husband
43970,Not-in-family
43970,Other-relative
43970,Own-child
43970,Unmarried
43970,Wife
19800,Husband
19800,Not-in-family
19800,Other-relative
19800,Own-child
19800,Unmarried
19800,Wife
45101,Husband
45101,Not-in-family
45101,Other-relative
45101,Own-child
45101,Unmarried
45101,Wife
14382,Husband
14382,Other-relative
14382,Own-child
14382,Wife
32288,Husband
32288,Not-in-family
32288,Other-relative
32288,Own-child
32288,Unmarried
32288,Wife
2481,Husband
2481,Not-in-family
2481,Other-relative
2481,Own-child
2481,Unmarried
2481,Wife
1587,Husband
1587,Other-relative
1587,Own-child
1587,Wife
38038,Husband
38038,Other-relative
38038,Own-child
38038,Wife
45740,Husband
45740,Other-relative
45740,Own-child
45740,Wife
29464,Husband
29464,Not-in-family
29464,Other-relative
29464,Own-child
29464,Unmarried
29464,Wife
35345,Not-in-family
35345,Unmarried
33448,Husband
33448,Not-in-family
33448,Other-relative
33448,Own-child
33448,Unmarried
33448,Wife
13955,Husband
13955,Other-relative
13955,Own-child
13955,Wife
44555,Husband
44555,Not-in-family
44555,Other-relative
44555,Own-child
44555,Unmarried
44555,Wife
24245,Husband
24245,Other-relative
24245,Own-child
24245,Wife
25316,Not-in-family
25316,Unmarried
9328,Not-in-family
9328,Unmarried
31760,Husband
31760,Other-relative
31760,Own-child
31760,Wife
20467,Husband
20467,Not-in-family
20467,Other-relative
20467,Own-child
20467,Unmarried
20467,Wife
7405,Husband
7405,Not-in-family
7405,Other-relative
7405,Own-child
7405,Unmarried
7405,Wife
32610,Husband
32610,Not-in-family
32610,Other-relative
32610,Own-child
32610,Unmarried
32610,Wife
24141,Husband
24141,Not-in-family
24141,Other-relative
24141,Own-child
24141,Unmarried
24141,Wife
12633,Not-in-family
12633,Unmarried
22939,Husband
22939,Not-in-family
22939,Other-relative
22939,Own-child
22939,Unmarried
22939,Wife
43109,Husband
43109,Not-in-family
43109,Other-relative
43109,Own-child
43109,Unmarried
43109,Wife
20512,Husband
20512,Not-in-family
20512,Other-relative
20512,Own-child
20512,Unmarried
20512,Wife
25143,Husband
25143,Not-in-family
25143,Other-relative
25143,Own-child
25143,Unmarried
25143,Wife
35133,Husband
35133,Other-relative
35133,Own-child
35133,Wife
23497,Husband
23497,Other-relative
23497,Own-child
23497,Wife
4820,Husband
4820,Other-relative
4820,Own-child
4820,Wife
20672,Not-in-family
20672,Unmarried
11789,Husband
11789,Not-in-family
11789,Other-relative
11789,Own-child
11789,Unmarried
11789,Wife
13520,Husband
13520,Not-in-family
13520,Other-relative
13520,Own-child
13520,Unmarried
13520,Wife
1658,Husband
1658,Other-relative
1658,Own-child
1658,Wife
24471,Husband
24471,Not-in-family
24471,Other-relative
24471,Own-child
24471,Unmarried
24471,Wife
20543,Husband
20543,Not-in-family
20543,Other-relative
20543,Own-child
20543,Unmarried
20543,Wife
10426,Husband
10426,Not-in-family
10426,Other-relative
10426,Own-child
10426,Unmarried
10426,Wife
17848,Husband
17848,Not-in-family
17848,Other-relative
17848,Own-child
17848,Unmarried
17848,Wife
47066,Husband
47066,Not-in-family
47066,Other-relative
47066,Own-child
47066,Unmarried
47066,Wife
13814,Husband
13814,Not-in-family
13814,Other-relative
13814,Own-child
13814,Unmarried
13814,Wife
47999,Husband
47999,Other-relative
47999,Own-child
47999,Wife
11308,Not-in-family
11308,Unmarried
12691,Husband
12691,Other-relative
12691,Own-child
12691,Wife
12520,Husband
12520,Not-in-family
12520,Other-relative
12520,Own-child
12520,Unmarried
12520,Wife
29295,Husband
29295,Not-in-family
29295,Other-relative
29295,Own-child
29295,Unmarried
29295,Wife
2472,Husband
2472,Other-relative
2472,Own-child
2472,Wife
1281,Husband
1281,Not-in-family
1281,Other-relative
1281,Own-child
1281,Unmarried
1281,Wife
21138,Husband
21138,Other-relative
21138,Own-child
21138,Wife
30871,Husband
30871,Not-in-family
30871,Other-relative
30871,Own-child
30871,Unmarried
30871,Wife
9567,Husband
9567,Other-relative
9567,Own-child
9567,Wife
41711,Husband
41711,Other-relative
41711,Own-child
41711,Wife
705,Husband
705,Other-relative
705,Own-child
705,Wife
23424,Not-in-family
23424,Unmarried
30245,Husband
30245,Not-in-family
30245,Other-relative
30245,Own-child
30245,Unmarried
30245,Wife
24148,Husband
24148,Not-in-family
24148,Other-relative
24148,Own-child
24148,Unmarried
24148,Wife
31733,Husband
31733,Other-relative
31733,Own-child
31733,Wife
33580,Husband
33580,Not-in-family
33580,Other-relative
33580,Own-child
33580,Unmarried
33580,Wife
11312,Husband
11312,Not-in-family
11312,Other-relative
11312,Own-child
11312,Unmarried
11312,Wife
36366,Husband
36366,Other-relative
36366,Own-child
36366,Wife
34040,Husband
34040,Other-relative
34040,Own-child
34040,Wife
35146,Husband
35146,Other-relative
35146,Own-child
35146,Wife
38742,Not-in-family
38742,Unmarried
13674,Husband
13674,Not-in-family
13674,Other-relative
13674,Own-child
13674,Unmarried
13674,Wife
27604,Husband
27604,Not-in-family
27604,Other-relative
27604,Own-child
27604,Unmarried
27604,Wife
20821,Husband
20821,Not-in-family
20821,Other-relative
20821,Own-child
20821,Unmarried
20821,Wife
10516,Not-in-family
10516,Unmarried
16086,Husband
16086,Not-in-family
16086,Other-relative
16086,Own-child
16086,Unmarried
16086,Wife
18349,Husband
18349,Other-relative
18349,Own-child
18349,Wife
9090,Not-in-family
9090,Unmarried
16392,Husband
16392,Not-in-family
16392,Other-relative
16392,Own-child
16392,Unmarried
16392,Wife
11900,Husband
11900,Not-in-family
11900,Other-relative
11900,Own-child
11900,Unmarried
11900,Wife
4349,Husband
4349,Not-in-family
4349,Other-relative
4349,Own-child
4349,Unmarried
4349,Wife
40162,Husband
40162,Other-relative
40162,Own-child
40162,Wife
4281,Not-in-family
4281,Unmarried
8258,Husband
8258,Not-in-family
8258,Other-relative
8258,Own-child
8258,Unmarried
8258,Wife
37474,Husband
37474,Not-in-family
37474,Other-relative
37474,Own-child
37474,Unmarried
37474,Wife
27054,Husband
27054,Other-relative
27054,Own-child
27054,Wife
28128,Husband
28128,Not-in-family
28128,Other-relative
28128,Own-child
28128,Unmarried
28128,Wife
26128,Husband
26128,Other-relative
26128,Own-child
26128,Wife
41575,Not-in-family
41575,Unmarried
47090,Not-in-family
47090,Unmarried
33825,Not-in-family
33825,Unmarried
26727,Husband
26727,Not-in-family
26727,Other-relative
26727,Own-child
26727,Unmarried
26727,Wife
13036,Husband
13036,Not-in-family
13036,Other-relative
13036,Own-child
13036,Unmarried
13036,Wife
31004,Husband
31004,Other-relative
31004,Own-child
31004,Wife
25812,Not-in-family
25812,Unmarried
24637,Husband
24637,Other-relative
24637,Own-child
24637,Wife
43544,Husband
43544,Not-in-family
43544,Other-relative
43544,Own-child
43544,Unmarried
43544,Wife
14745,Husband
14745,Other-relative
14745,Own-child
14745,Wife
9862,Not-in-family
9862,Unmarried
40760,Husband
40760,Not-in-family
40760,Other-relative
40760,Own-child
40760,Unmarried
40760,Wife
7747,Not-in-family
7747,Unmarried
16744,Not-in-family
16744,Unmarried
3742,Not-in-family
3742,Unmarried
4126,Husband
4126,Not-in-family
4126,Other-relative
4126,Own-child
4126,Unmarried
4126,Wife
41154,Not-in-family
41154,Unmarried
12552,Husband
12552,Other-relative
12552,Own-child
12552,Wife
39989,Husband
39989,Other-relative
39989,Own-child
39989,Wife
28700,Husband
28700,Not-in-family
28700,Other-relative
28700,Own-child
28700,Unmarried
28700,Wife
36491,Husband
36491,Not-in-family
36491,Other-relative
36491,Own-child
36491,Unmarried
36491,Wife
38523,Husband
38523,Not-in-family
38523,Other-relative
38523,Own-child
38523,Unmarried
38523,Wife
8020,Not-in-family
8020,Unmarried
30435,Husband
30435,Not-in-family
30435,Other-relative
30435,Own-child
30435,Unmarried
30435,Wife
41340,Not-in-family
41340,Unmarried
12006,Husband
12006,Not-in-family
12006,Other-relative
12006,Own-child
12006,Unmarried
12006,Wife
39788,Not-in-family
39788,Unmarried
39338,Husband
39338,Not-in-family
39338,Other-relative
39338,Own-child
39338,Unmarried
39338,Wife
33379,Not-in-family
33379,Unmarried
42842,Not-in-family
42842,Unmarried
20883,Husband
20883,Other-relative
20883,Own-child
20883,Wife
21866,Husband
21866,Other-relative
21866,Own-child
21866,Wife
621,Husband
621,Not-in-family
621,Other-relative
621,Own-child
621,Unmarried
621,Wife
9084,Not-in-family
9084,Unmarried
14257,Husband
14257,Not-in-family
14257,Other-relative
14257,Own-child
14257,Unmarried
14257,Wife
11472,Husband
11472,Not-in-family
11472,Other-relative
11472,Own-child
11472,Unmarried
11472,Wife
25616,Husband
25616,Not-in-family
25616,Other-relative
25616,Own-child
25616,Unmarried
25616,Wife
20569,Husband
20569,Other-relative
20569,Own-child
20569,Wife
7754,Husband
7754,Not-in-family
7754,Other-relative
7754,Own-child
7754,Unmarried
7754,Wife
13046,Husband
13046,Not-in-family
13046,Other-relative
13046,Own-child
13046,Unmarried
13046,Wife
16772,Not-in-family
16772,Unmarried
46244,Husband
46244,Not-in-family
46244,Other-relative
46244,Own-child
46244,Unmarried
46244,Wife
41039,Husband
41039,Not-in-family
41039,Other-relative
41039,Own-child
41039,Unmarried
41039,Wife
2271,Husband
2271,Not-in-family
2271,Other-relative
2271,Own-child
2271,Unmarried
2271,Wife
10735,Husband
10735,Not-in-family
10735,Other-relative
10735,Own-child
10735,Unmarried
10735,Wife
29084,Husband
29084,Not-in-family
29084,Other-relative
29084,Own-child
29084,Unmarried
29084,Wife
23640,Husband
23640,Other-relative
23640,Own-child
23640,Wife
41244,Not-in-family
41244,Unmarried
27391,Husband
27391,Other-relative
27391,Own-child
27391,Wife
16463,Husband
16463,Not-in-family
16463,Other-relative
16463,Own-child
16463,Unmarried
16463,Wife
15641,Husband
15641,Not-in-family
15641,Other-relative
15641,Own-child
15641,Unmarried
15641,Wife
37152,Husband
37152,Other-relative
37152,Own-child
37152,Wife
45856,Husband
45856,Not-in-family
45856,Other-relative
45856,Own-child
45856,Unmarried
45856,Wife
45385,Husband
45385,Not-in-family
45385,Other-relative
45385,Own-child
45385,Unmarried
45385,Wife
5564,Husband
5564,Not-in-family
5564,Other-relative
5564,Own-child
5564,Unmarried
5564,Wife
16339,Husband
16339,Other-relative
16339,Own-child
16339,Wife
17088,Husband
17088,Not-in-family
17088,Other-relative
17088,Own-child
17088,Unmarried
17088,Wife
33331,Husband
33331,Not-in-family
33331,Other-relative
33331,Own-child
33331,Unmarried
33331,Wife
43501,Husband
43501,Not-in-family
43501,Other-relative
43501,Own-child
43501,Unmarried
43501,Wife
44906,Husband
44906,Not-in-family
44906,Other-relative
44906,Own-child
44906,Unmarried
44906,Wife
33896,Not-in-family
33896,Unmarried
15866,Husband
15866,Not-in-family
15866,Other-relative
15866,Own-child
15866,Unmarried
15866,Wife
27773,Husband
27773,Not-in-family
27773,Other-relative
27773,Own-child
27773,Unmarried
27773,Wife
2453,Husband
2453,Not-in-family
2453,Other-relative
2453,Own-child
2453,Unmarried
2453,Wife
45573,Husband
45573,Not-in-family
45573,Other-relative
45573,Own-child
45573,Unmarried
45573,Wife
957,Husband
957,Not-in-family
957,Other-relative
957,Own-child
957,Unmarried
957,Wife
24620,Husband
24620,Not-in-family
24620,Other-relative
24620,Own-child
24620,Unmarried
24620,Wife
15405,Husband
15405,Not-in-family
15405,Other-relative
15405,Own-child
15405,Unmarried
15405,Wife
18395,Husband
18395,Not-in-family
18395,Other-relative
18395,Own-child
18395,Unmarried
18395,Wife
42735,Husband
42735,Not-in-family
42735,Other-relative
42735,Own-child
42735,Unmarried
42735,Wife
23796,Husband
23796,Other-relative
23796,Own-child
23796,Wife
28837,Husband
28837,Not-in-family
28837,Other-relative
28837,Own-child
28837,Unmarried
28837,Wife
38849,Not-in-family
38849,Unmarried
7280,Husband
7280,Not-in-family
7280,Other-relative
7280,Own-child
7280,Unmarried
7280,Wife
34487,Not-in-family
34487,Unmarried
33463,Not-in-family
33463,Unmarried
35013,Husband
35013,Other-relative
35013,Own-child
35013,Wife
43832,Not-in-family
43832,Unmarried
29626,Husband
29626,Other-relative
29626,Own-child
29626,Wife
34849,Not-in-family
34849,Unmarried
6411,Husband
6411,Not-in-family
6411,Other-relative
6411,Own-child
6411,Unmarried
6411,Wife
1730,Husband
1730,Other-relative
1730,Own-child
1730,Wife
15509,Husband
15509,Not-in-family
15509,Other-relative
15509,Own-child
15509,Unmarried
15509,Wife
17400,Husband
17400,Other-relative
17400,Own-child
17400,Wife
32632,Husband
32632,Other-relative
32632,Own-child
32632,Wife
41686,Husband
41686,Other-relative
41686,Own-child
41686,Wife
6280,Not-in-family
6280,Unmarried
42574,Not-in-family
42574,Unmarried
1474,Husband
1474,Not-in-family
1474,Other-relative
1474,Own-child
1474,Unmarried
1474,Wife
27879,Not-in-family
27879,Unmarried
12305,Husband
12305,Not-in-family
12305,Other-relative
12305,Own-child
12305,Unmarried
12305,Wife
32324,Husband
32324,Other-relative
32324,Own-child
32324,Wife
26701,Husband
26701,Not-in-family
26701,Other-relative
26701,Own-child
26701,Unmarried
26701,Wife
17791,Husband
17791,Not-in-family
17791,Other-relative
17791,Own-child
17791,Unmarried
17791,Wife
30505,Not-in-family
30505,Unmarried
14247,Husband
14247,Not-in-family
14247,Other-relative
14247,Own-child
14247,Unmarried
14247,Wife
24958,Husband
24958,Not-in-family
24958,Other-relative
24958,Own-child
24958,Unmarried
24958,Wife
4198,Husband
4198,Not-in-family
4198,Other-relative
4198,Own-child
4198,Unmarried
4198,Wife
15888,Husband
15888,Other-relative
15888,Own-child
15888,Wife
32819,Not-in-family
32819,Unmarried
33138,Husband
33138,Not-in-family
33138,Other-relative
33138,Own-child
33138,Unmarried
33138,Wife
34532,Husband
34532,Other-relative
34532,Own-child
34532,Wife
6594,Not-in-family
6594,Unmarried
48648,Husband
48648,Other-relative
48648,Own-child
48648,Wife
5617,Not-in-family
5617,Unmarried
48033,Not-in-family
48033,Unmarried
3995,Husband
3995,Not-in-family
3995,Other-relative
3995,Own-child
3995,Unmarried
3995,Wife
47687,Husband
47687,Not-in-family
47687,Other-relative
47687,Own-child
47687,Unmarried
47687,Wife
45703,Husband
45703,Other-relative
45703,Own-child
45703,Wife
6514,Husband
6514,Not-in-family
6514,Other-relative
6514,Own-child
6514,Unmarried
6514,Wife
25462,Husband
25462,Not-in-family
25462,Other-relative
25462,Own-child
25462,Unmarried
25462,Wife
37675,Husband
37675,Not-in-family
37675,Other-relative
37675,Own-child
37675,Unmarried
37675,Wife
3278,Husband
3278,Not-in-family
3278,Other-relative
3278,Own-child
3278,Unmarried
3278,Wife
36948,Husband
36948,Other-relative
36948,Own-child
36948,Wife
44408,Husband
44408,Other-relative
44408,Own-child
44408,Wife
26842,Not-in-family
26842,Unmarried
7330,Husband
7330,Not-in-family
7330,Other-relative
7330,Own-child
7330,Unmarried
7330,Wife
48246,Not-in-family
48246,Unmarried
39587,Not-in-family
39587,Unmarried
14977,Husband
14977,Other-relative
14977,Own-child
14977,Wife
25687,Husband
25687,Not-in-family
25687,Other-relative
25687,Own-child
25687,Unmarried
25687,Wife
24881,Husband
24881,Not-in-family
24881,Other-relative
24881,Own-child
24881,Unmarried
24881,Wife
31121,Husband
31121,Not-in-family
31121,Other-relative
31121,Own-child
31121,Unmarried
31121,Wife
7478,Not-in-family
7478,Unmarried
11457,Husband
11457,Not-in-family
11457,Other-relative
11457,Own-child
11457,Unmarried
11457,Wife
23909,Husband
23909,Not-in-family
23909,Other-relative
23909,Own-child
23909,Unmarried
23909,Wife
16902,Not-in-family
16902,Unmarried
9965,Husband
9965,Not-in-family
9965,Other-relative
9965,Own-child
9965,Unmarried
9965,Wife
2395,Not-in-family
2395,Unmarried
38253,Husband
38253,Other-relative
38253,Own-child
38253,Wife
35956,Husband
35956,Not-in-family
35956,Other-relative
35956,Own-child
35956,Unmarried
35956,Wife
4091,Husband
4091,Not-in-family
4091,Other-relative
4091,Own-child
4091,Unmarried
4091,Wife
37231,Husband
37231,Other-relative
37231,Own-child
37231,Wife
12487,Husband
12487,Not-in-family
12487,Other-relative
12487,Own-child
12487,Unmarried
12487,Wife
10435,Not-in-family
10435,Unmarried
31654,Husband
31654,Not-in-family
31654,Other-relative
31654,Own-child
31654,Unmarried
31654,Wife
9168,Husband
9168,Not-in-family
9168,Other-relative
9168,Own-child
9168,Unmarried
9168,Wife
33768,Not-in-family
33768,Unmarried
39593,Husband
39593,Not-in-family
39593,Other-relative
39593,Own-child
39593,Unmarried
39593,Wife
1871,Husband
1871,Not-in-family
1871,Other-relative
1871,Own-child
1871,Unmarried
1871,Wife
25957,Not-in-family
25957,Unmarried
1602,Husband
1602,Other-relative
1602,Own-child
1602,Wife
14539,Husband
14539,Other-relative
14539,Own-child
14539,Wife
15957,Husband
15957,Not-in-family
15957,Other-relative
15957,Own-child
15957,Unmarried
15957,Wife
799,Husband
799,Other-relative
799,Own-child
799,Wife
18845,Husband
18845,Other-relative
18845,Own-child
18845,Wife
40224,Husband
40224,Not-in-family
40224,Other-relative
40224,Own-child
40224,Unmarried
40224,Wife
20498,Husband
20498,Not-in-family
20498,Other-relative
20498,Own-child
20498,Unmarried
20498,Wife
699,Husband
699,Other-relative
699,Own-child
699,Wife
39518,Husband
39518,Not-in-family
39518,Other-relative
39518,Own-child
39518,Unmarried
39518,Wife
28514,Not-in-family
28514,Unmarried
7484,Husband
7484,Other-relative
7484,Own-child
7484,Wife
39815,Not-in-family
39815,Unmarried
43359,Husband
43359,Not-in-family
43359,Other-relative
43359,Own-child
43359,Unmarried
43359,Wife
4620,Not-in-family
4620,Unmarried
1613,Husband
1613,Other-relative
1613,Own-child
1613,Wife
15081,Husband
15081,Other-relative
15081,Own-child
15081,Wife
32560,Husband
32560,Not-in-family
32560,Other-relative
32560,Own-child
32560,Unmarried
32560,Wife
5349,Husband
5349,Other-relative
5349,Own-child
5349,Wife
46843,Husband
46843,Not-in-family
46843,Other-relative
46843,Own-child
46843,Unmarried
46843,Wife
21527,Husband
21527,Not-in-family
21527,Other-relative
21527,Own-child
21527,Unmarried
21527,Wife
23621,Husband
23621,Not-in-family
23621,Other-relative
23621,Own-child
23621,Unmarried
23621,Wife
35983,Husband
35983,Not-in-family
35983,Other-relative
35983,Own-child
35983,Unmarried
35983,Wife
2559,Husband
2559,Other-relative
2559,Own-child
2559,Wife
26013,Husband
26013,Not-in-family
26013,Other-relative
26013,Own-child
26013,Unmarried
26013,Wife
22347,Husband
22347,Not-in-family
22347,Other-relative
22347,Own-child
22347,Unmarried
22347,Wife
11717,Husband
11717,Not-in-family
11717,Other-relative
11717,Own-child
11717,Unmarried
11717,Wife
6269,Husband
6269,Not-in-family
6269,Other-relative
6269,Own-child
6269,Unmarried
6269,Wife
5570,Husband
5570,Other-relative
5570,Own-child
5570,Wife
1591,Husband
1591,Not-in-family
1591,Other-relative
1591,Own-child
1591,Unmarried
1591,Wife
38393,Husband
38393,Not-in-family
38393,Other-relative
38393,Own-child
38393,Unmarried
38393,Wife
1924,Husband
1924,Not-in-family
1924,Other-relative
1924,Own-child
1924,Unmarried
1924,Wife
24705,Husband
24705,Other-relative
24705,Own-child
24705,Wife
38146,Husband
38146,Not-in-family
38146,Other-relative
38146,Own-child
38146,Unmarried
38146,Wife
46676,Husband
46676,Other-relative
46676,Own-child
46676,Wife
2814,Husband
2814,Not-in-family
2814,Other-relative
2814,Own-child
2814,Unmarried
2814,Wife
540,Husband
540,Other-relative
540,Own-child
540,Wife
15670,Husband
15670,Not-in-family
15670,Other-relative
15670,Own-child
15670,Unmarried
15670,Wife
48076,Husband
48076,Not-in-family
48076,Other-relative
48076,Own-child
48076,Unmarried
48076,Wife
33432,Not-in-family
33432,Unmarried
47208,Husband
47208,Other-relative
47208,Own-child
47208,Wife
35091,Husband
35091,Not-in-family
35091,Other-relative
35091,Own-child
35091,Unmarried
35091,Wife
31707,Husband
31707,Not-in-family
31707,Other-relative
31707,Own-child
31707,Unmarried
31707,Wife
140,Husband
140,Other-relative
140,Own-child
140,Wife
23278,Not-in-family
23278,Unmarried
15679,Husband
15679,Other-relative
15679,Own-child
15679,Wife
24216,Husband
24216,Other-relative
24216,Own-child
24216,Wife
26262,Not-in-family
26262,Unmarried
15623,Husband
15623,Not-in-family
15623,Other-relative
15623,Own-child
15623,Unmarried
15623,Wife
12527,Not-in-family
12527,Unmarried
39370,Husband
39370,Other-relative
39370,Own-child
39370,Wife
34030,Husband
34030,Other-relative
34030,Own-child
34030,Wife
12053,Not-in-family
12053,Unmarried
44164,Husband
44164,Other-relative
44164,Own-child
44164,Wife
36478,Husband
36478,Not-in-family
36478,Other-relative
36478,Own-child
36478,Unmarried
36478,Wife
37394,Husband
37394,Not-in-family
37394,Other-relative
37394,Own-child
37394,Unmarried
37394,Wife
46047,Husband
46047,Not-in-family
46047,Other-relative
46047,Own-child
46047,Unmarried
46047,Wife
31205,Husband
31205,Not-in-family
31205,Other-relative
31205,Own-child
31205,Unmarried
31205,Wife
32396,Husband
32396,Not-in-family
32396,Other-relative
32396,Own-child
32396,Unmarried
32396,Wife
38506,Not-in-family
38506,Unmarried
40699,Husband
40699,Not-in-family
40699,Other-relative
40699,Own-child
40699,Unmarried
40699,Wife
39348,Husband
39348,Other-relative
39348,Own-child
39348,Wife
3734,Husband
3734,Other-relative
3734,Own-child
3734,Wife
30197,Husband
30197,Not-in-family
30197,Other-relative
30197,Own-child
30197,Unmarried
30197,Wife
46336,Husband
46336,Not-in-family
46336,Other-relative
46336,Own-child
46336,Unmarried
46336,Wife
18856,Not-in-family
18856,Unmarried
24909,Husband
24909,Not-in-family
24909,Other-relative
24909,Own-child
24909,Unmarried
24909,Wife
1768,Husband
1768,Other-relative
1768,Own-child
1768,Wife
4975,Husband
4975,Not-in-family
4975,Other-relative
4975,Own-child
4975,Unmarried
4975,Wife
42494,Husband
42494,Other-relative
42494,Own-child
42494,Wife
6941,Husband
6941,Other-relative
6941,Own-child
6941,Wife
24898,Husband
24898,Other-relative
24898,Own-child
24898,Wife
11766,Husband
11766,Other-relative
11766,Own-child
11766,Wife
29508,Husband
29508,Other-relative
29508,Own-child
29508,Wife
42556,Not-in-family
42556,Unmarried
7984,Husband
7984,Other-relative
7984,Own-child
7984,Wife
17874,Husband
17874,Not-in-family
17874,Other-relative
17874,Own-child
17874,Unmarried
17874,Wife
1096,Husband
1096,Other-relative
1096,Own-child
1096,Wife
15240,Husband
15240,Not-in-family
15240,Other-relative
15240,Own-child
15240,Unmarried
15240,Wife
21174,Husband
21174,Not-in-family
21174,Other-relative
21174,Own-child
21174,Unmarried
21174,Wife
22126,Husband
22126,Other-relative
22126,Own-child
22126,Wife
13635,Husband
13635,Not-in-family
13635,Other-relative
13635,Own-child
13635,Unmarried
13635,Wife
25217,Husband
25217,Not-in-family
25217,Other-relative
25217,Own-child
25217,Unmarried
25217,Wife
29047,Husband
29047,Not-in-family
29047,Other-relative
29047,Own-child
29047,Unmarried
29047,Wife
24791,Husband
24791,Not-in-family
24791,Other-relative
24791,Own-child
24791,Unmarried
24791,Wife
32357,Husband
32357,Not-in-family
32357,Other-relative
32357,Own-child
32357,Unmarried
32357,Wife
29993,Husband
29993,Not-in-family
29993,Other-relative
29993,Own-child
29993,Unmarried
29993,Wife
41288,Husband
41288,Not-in-family
41288,Other-relative
41288,Own-child
41288,Unmarried
41288,Wife
16436,Husband
16436,Not-in-family
16436,Other-relative
16436,Own-child
16436,Unmarried
16436,Wife
3553,Not-in-family
3553,Unmarried
8037,Not-in-family
8037,Unmarried
14613,Husband
14613,Not-in-family
14613,Other-relative
14613,Own-child
14613,Unmarried
14613,Wife
42566,Husband
42566,Not-in-family
42566,Other-relative
42566,Own-child
42566,Unmarried
42566,Wife
22825,Husband
22825,Not-in-family
22825,Other-relative
22825,Own-child
22825,Unmarried
22825,Wife
14732,Husband
14732,Not-in-family
14732,Other-relative
14732,Own-child
14732,Unmarried
14732,Wife
1413,Husband
1413,Other-relative
1413,Own-child
1413,Wife
14556,Not-in-family
14556,Unmarried
20442,Husband
20442,Other-relative
20442,Own-child
20442,Wife
23201,Husband
23201,Other-relative
23201,Own-child
23201,Wife
19091,Husband
19091,Other-relative
19091,Own-child
19091,Wife
47420,Husband
47420,Other-relative
47420,Own-child
47420,Wife
4218,Husband
4218,Not-in-family
4218,Other-relative
4218,Own-child
4218,Unmarried
4218,Wife
6814,Husband
6814,Other-relative
6814,Own-child
6814,Wife
39134,Husband
39134,Other-relative
39134,Own-child
39134,Wife
21326,Husband
21326,Other-relative
21326,Own-child
21326,Wife
303,Husband
303,Not-in-family
303,Other-relative
303,Own-child
303,Unmarried
303,Wife
7566,Husband
7566,Other-relative
7566,Own-child
7566,Wife
2048,Husband
2048,Other-relative
2048,Own-child
2048,Wife
7026,Husband
7026,Not-in-family
7026,Other-relative
7026,Own-child
7026,Unmarried
7026,Wife
13481,Husband
13481,Not-in-family
13481,Other-relative
13481,Own-child
13481,Unmarried
13481,Wife
48831,Husband
48831,Not-in-family
48831,Other-relative
48831,Own-child
48831,Unmarried
48831,Wife
34449,Husband
34449,Other-relative
34449,Own-child
34449,Wife
33680,Husband
33680,Not-in-family
33680,Other-relative
33680,Own-child
33680,Unmarried
33680,Wife
40960,Husband
40960,Not-in-family
40960,Other-relative
40960,Own-child
40960,Unmarried
40960,Wife
41643,Husband
41643,Not-in-family
41643,Other-relative
41643,Own-child
41643,Unmarried
41643,Wife
39870,Husband
39870,Not-in-family
39870,Other-relative
39870,Own-child
39870,Unmarried
39870,Wife
48067,Husband
48067,Other-relative
48067,Own-child
48067,Wife
36556,Husband
36556,Other-relative
36556,Own-child
36556,Wife
33705,Not-in-family
33705,Unmarried
39283,Husband
39283,Not-in-family
39283,Other-relative
39283,Own-child
39283,Unmarried
39283,Wife
40496,Husband
40496,Not-in-family
40496,Other-relative
40496,Own-child
40496,Unmarried
40496,Wife
10664,Husband
10664,Not-in-family
10664,Other-relative
10664,Own-child
10664,Unmarried
10664,Wife
11466,Husband
11466,Other-relative
11466,Own-child
11466,Wife
33721,Not-in-family
33721,Unmarried
40249,Not-in-family
40249,Unmarried
22732,Husband
22732,Other-relative
22732,Own-child
22732,Wife
1232,Not-in-family
1232,Unmarried
12767,Not-in-family
12767,Unmarried
48834,Husband
48834,Other-relative
48834,Own-child
48834,Wife
25129,Husband
25129,Not-in-family
25129,Other-relative
25129,Own-child
25129,Unmarried
25129,Wife
30272,Husband
30272,Not-in-family
30272,Other-relative
30272,Own-child
30272,Unmarried
30272,Wife
1359,Husband
1359,Not-in-family
1359,Other-relative
1359,Own-child
1359,Unmarried
1359,Wife
4813,Husband
4813,Not-in-family
4813,Other-relative
4813,Own-child
4813,Unmarried
4813,Wife
41737,Husband
41737,Not-in-family
41737,Other-relative
41737,Own-child
41737,Unmarried
41737,Wife
46892,Not-in-family
46892,Unmarried
31750,Husband
31750,Other-relative
31750,Own-child
31750,Wife
45884,Husband
45884,Other-relative
45884,Own-child
45884,Wife
3426,Not-in-family
3426,Unmarried
27594,Husband
27594,Not-in-family
27594,Other-relative
27594,Own-child
27594,Unmarried
27594,Wife
45711,Husband
45711,Other-relative
45711,Own-child
45711,Wife
11633,Husband
11633,Other-relative
11633,Own-child
11633,Wife
19524,Husband
19524,Not-in-family
19524,Other-relative
19524,Own-child
19524,Unmarried
19524,Wife
25797,Husband
25797,Not-in-family
25797,Other-relative
25797,Own-child
25797,Unmarried
25797,Wife
45912,Husband
45912,Not-in-family
45912,Other-relative
45912,Own-child
45912,Unmarried
45912,Wife
28725,Not-in-family
28725,Unmarried
33596,Not-in-family
33596,Unmarried
24236,Husband
24236,Not-in-family
24236,Other-relative
24236,Own-child
24236,Unmarried
24236,Wife
40939,Husband
40939,Not-in-family
40939,Other-relative
40939,Own-child
40939,Unmarried
40939,Wife
21353,Husband
21353,Not-in-family
21353,Other-relative
21353,Own-child
21353,Unmarried
21353,Wife
32263,Husband
32263,Not-in-family
32263,Other-relative
32263,Own-child
32263,Unmarried
32263,Wife
12696,Husband
12696,Not-in-family
12696,Other-relative
12696,Own-child
12696,Unmarried
12696,Wife
41419,Husband
41419,Not-in-family
41419,Other-relative
41419,Own-child
41419,Unmarried
41419,Wife
37916,Husband
37916,Not-in-family
37916,Other-relative
37916,Own-child
37916,Unmarried
37916,Wife
39716,Husband
39716,Other-relative
39716,Own-child
39716,Wife
32228,Husband
32228,Other-relative
32228,Own-child
32228,Wife
7794,Husband
7794,Not-in-family
7794,Other-relative
7794,Own-child
7794,Unmarried
7794,Wife
36064,Husband
36064,Not-in-family
36064,Other-relative
36064,Own-child
36064,Unmarried
36064,Wife
1480,Husband
1480,Not-in-family
1480,Other-relative
1480,Own-child
1480,Unmarried
1480,Wife
46439,Husband
46439,Not-in-family
46439,Other-relative
46439,Own-child
46439,Unmarried
46439,Wife
25633,Husband
25633,Not-in-family
25633,Other-relative
25633,Own-child
25633,Unmarried
25633,Wife
31442,Husband
31442,Not-in-family
31442,Other-relative
31442,Own-child
31442,Unmarried
31442,Wife
10188,Husband
10188,Other-relative
10188,Own-child
10188,Wife
45363,Husband
45363,Not-in-family
45363,Other-relative
45363,Own-child
45363,Unmarried
45363,Wife
12954,Husband
12954,Not-in-family
12954,Other-relative
12954,Own-child
12954,Unmarried
12954,Wife
15329,Husband
15329,Not-in-family
15329,Other-relative
15329,Own-child
15329,Unmarried
15329,Wife
25205,Husband
25205,Not-in-family
25205,Other-relative
25205,Own-child
25205,Unmarried
25205,Wife
35939,Husband
35939,Other-relative
35939,Own-child
35939,Wife
30216,Husband
30216,Other-relative
30216,Own-child
30216,Wife
40834,Not-in-family
40834,Unmarried
28594,Husband
28594,Other-relative
28594,Own-child
28594,Wife
6194,Husband
6194,Other-relative
6194,Own-child
6194,Wife
4757,Husband
4757,Not-in-family
4757,Other-relative
4757,Own-child
4757,Unmarried
4757,Wife
42358,Husband
42358,Not-in-family
42358,Other-relative
42358,Own-child
42358,Unmarried
42358,Wife
26382,Husband
26382,Not-in-family
26382,Other-relative
26382,Own-child
26382,Unmarried
26382,Wife
28011,Husband
28011,Other-relative
28011,Own-child
28011,Wife
7818,Husband
7818,Other-relative
7818,Own-child
7818,Wife
36341,Husband
36341,Not-in-family
36341,Other-relative
36341,Own-child
36341,Unmarried
36341,Wife
41152,Husband
41152,Not-in-family
41152,Other-relative
41152,Own-child
41152,Unmarried
41152,Wife
28866,Husband
28866,Not-in-family
28866,Other-relative
28866,Own-child
28866,Unmarried
28866,Wife
25413,Husband
25413,Other-relative
25413,Own-child
25413,Wife
15060,Husband
15060,Not-in-family
15060,Other-relative
15060,Own-child
15060,Unmarried
15060,Wife
21086,Husband
21086,Not-in-family
21086,Other-relative
21086,Own-child
21086,Unmarried
21086,Wife
42213,Husband
42213,Other-relative
42213,Own-child
42213,Wife
20387,Husband
20387,Other-relative
20387,Own-child
20387,Wife
36423,Not-in-family
36423,Unmarried
31759,Not-in-family
31759,Unmarried
15511,Not-in-family
15511,Unmarried
47382,Husband
47382,Other-relative
47382,Own-child
47382,Wife
36105,Husband
36105,Not-in-family
36105,Other-relative
36105,Own-child
36105,Unmarried
36105,Wife
46905,Husband
46905,Other-relative
46905,Own-child
46905,Wife
23762,Husband
23762,Not-in-family
23762,Other-relative
23762,Own-child
23762,Unmarried
23762,Wife
18448,Husband
18448,Not-in-family
18448,Other-relative
18448,Own-child
18448,Unmarried
18448,Wife
22104,Husband
22104,Not-in-family
22104,Other-relative
22104,Own-child
22104,Unmarried
22104,Wife
2079,Husband
2079,Other-relative
2079,Own-child
2079,Wife
13195,Husband
13195,Not-in-family
13195,Other-relative
13195,Own-child
13195,Unmarried
13195,Wife
9475,Husband
9475,Not-in-family
9475,Other-relative
9475,Own-child
9475,Unmarried
9475,Wife
2742,Not-in-family
2742,Unmarried
26047,Husband
26047,Other-relative
26047,Own-child
26047,Wife
29003,Husband
29003,Not-in-family
29003,Other-relative
29003,Own-child
29003,Unmarried
29003,Wife
45758,Husband
45758,Not-in-family
45758,Other-relative
45758,Own-child
45758,Unmarried
45758,Wife
47746,Husband
47746,Other-relative
47746,Own-child
47746,Wife
11341,Not-in-family
11341,Unmarried
25747,Husband
25747,Not-in-family
25747,Other-relative
25747,Own-child
25747,Unmarried
25747,Wife
9790,Husband
9790,Not-in-family
9790,Other-relative
9790,Own-child
9790,Unmarried
9790,Wife
11896,Husband
11896,Not-in-family
11896,Other-relative
11896,Own-child
11896,Unmarried
11896,Wife
21702,Husband
21702,Not-in-family
21702,Other-relative
21702,Own-child
21702,Unmarried
21702,Wife
45271,Husband
45271,Not-in-family
45271,Other-relative
45271,Own-child
45271,Unmarried
45271,Wife
2943,Husband
2943,Other-relative
2943,Own-child
2943,Wife
44265,Husband
44265,Not-in-family
44265,Other-relative
44265,Own-child
44265,Unmarried
44265,Wife
16085,Husband
16085,Not-in-family
16085,Other-relative
16085,Own-child
16085,Unmarried
16085,Wife
34631,Husband
34631,Other-relative
34631,Own-child
34631,Wife
13954,Husband
13954,Other-relative
13954,Own-child
13954,Wife
18169,Husband
18169,Not-in-family
18169,Other-relative
18169,Own-child
18169,Unmarried
18169,Wife
45418,Husband
45418,Other-relative
45418,Own-child
45418,Wife
41627,Not-in-family
41627,Unmarried
4901,Not-in-family
4901,Unmarried
16406,Husband
16406,Other-relative
16406,Own-child
16406,Wife
17891,Husband
17891,Not-in-family
17891,Other-relative
17891,Own-child
17891,Unmarried
17891,Wife
20024,Husband
20024,Other-relative
20024,Own-child
20024,Wife
32330,Husband
32330,Not-in-family
32330,Other-relative
32330,Own-child
32330,Unmarried
32330,Wife
43632,Husband
43632,Not-in-family
43632,Other-relative
43632,Own-child
43632,Unmarried
43632,Wife
41026,Husband
41026,Not-in-family
41026,Other-relative
41026,Own-child
41026,Unmarried
41026,Wife
23989,Husband
23989,Not-in-family
23989,Other-relative
23989,Own-child
23989,Unmarried
23989,Wife
48108,Husband
48108,Not-in-family
48108,Other-relative
48108,Own-child
48108,Unmarried
48108,Wife
41495,Husband
41495,Not-in-family
41495,Other-relative
41495,Own-child
41495,Unmarried
41495,Wife
1775,Husband
1775,Other-relative
1775,Own-child
1775,Wife
880,Husband
880,Not-in-family
880,Other-relative
880,Own-child
880,Unmarried
880,Wife
1638,Husband
1638,Other-relative
1638,Own-child
1638,Wife
21156,Husband
21156,Not-in-family
21156,Other-relative
21156,Own-child
21156,Unmarried
21156,Wife
41067,Husband
41067,Not-in-family
41067,Other-relative
41067,Own-child
41067,Unmarried
41067,Wife
23455,Husband
23455,Not-in-family
23455,Other-relative
23455,Own-child
23455,Unmarried
23455,Wife
21037,Husband
21037,Other-relative
21037,Own-child
21037,Wife
48358,Husband
48358,Not-in-family
48358,Other-relative
48358,Own-child
48358,Unmarried
48358,Wife
37875,Husband
37875,Not-in-family
37875,Other-relative
37875,Own-child
37875,Unmarried
37875,Wife
10731,Husband
10731,Not-in-family
10731,Other-relative
10731,Own-child
10731,Unmarried
10731,Wife
27653,Not-in-family
27653,Unmarried
5092,Husband
5092,Other-relative
5092,Own-child
5092,Wife
41451,Husband
41451,Not-in-family
41451,Other-relative
41451,Own-child
41451,Unmarried
41451,Wife
45467,Not-in-family
45467,Unmarried
34111,Not-in-family
34111,Unmarried
13485,Husband
13485,Other-relative
13485,Own-child
13485,Wife
21495,Husband
21495,Not-in-family
21495,Other-relative
21495,Own-child
21495,Unmarried
21495,Wife
24531,Husband
24531,Not-in-family
24531,Other-relative
24531,Own-child
24531,Unmarried
24531,Wife
47304,Husband
47304,Other-relative
47304,Own-child
47304,Wife
20073,Husband
20073,Not-in-family
20073,Other-relative
20073,Own-child
20073,Unmarried
20073,Wife
41180,Not-in-family
41180,Unmarried
36137,Not-in-family
36137,Unmarried
16757,Husband
16757,Other-relative
16757,Own-child
16757,Wife
32908,Husband
32908,Other-relative
32908,Own-child
32908,Wife
1322,Husband
1322,Not-in-family
1322,Other-relative
1322,Own-child
1322,Unmarried
1322,Wife
7233,Husband
7233,Not-in-family
7233,Other-relative
7233,Own-child
7233,Unmarried
7233,Wife
46741,Husband
46741,Not-in-family
46741,Other-relative
46741,Own-child
46741,Unmarried
46741,Wife
73,Husband
73,Not-in-family
73,Other-relative
73,Own-child
73,Unmarried
73,Wife
40077,Husband
40077,Not-in-family
40077,Other-relative
40077,Own-child
40077,Unmarried
40077,Wife
7032,Husband
7032,Not-in-family
7032,Other-relative
7032,Own-child
7032,Unmarried
7032,Wife
39524,Not-in-family
39524,Unmarried
41662,Husband
41662,Not-in-family
41662,Other-relative
41662,Own-child
41662,Unmarried
41662,Wife
38644,Husband
38644,Other-relative
38644,Own-child
38644,Wife
43939,Not-in-family
43939,Unmarried
41786,Husband
41786,Not-in-family
41786,Other-relative
41786,Own-child
41786,Unmarried
41786,Wife
4284,Husband
4284,Other-relative
4284,Own-child
4284,Wife
30095,Not-in-family
30095,Unmarried
26401,Husband
26401,Not-in-family
26401,Other-relative
26401,Own-child
26401,Unmarried
26401,Wife
46343,Not-in-family
46343,Unmarried
7268,Not-in-family
7268,Unmarried
27479,Husband
27479,Not-in-family
27479,Other-relative
27479,Own-child
27479,Unmarried
27479,Wife
20921,Husband
20921,Other-relative
20921,Own-child
20921,Wife
18962,Husband
18962,Other-relative
18962,Own-child
18962,Wife
33837,Husband
33837,Not-in-family
33837,Other-relative
33837,Own-child
33837,Unmarried
33837,Wife
33429,Husband
33429,Not-in-family
33429,Other-relative
33429,Own-child
33429,Unmarried
33429,Wife
45588,Husband
45588,Not-in-family
45588,Other-relative
45588,Own-child
45588,Unmarried
45588,Wife
7088,Husband
7088,Other-relative
7088,Own-child
7088,Wife
10378,Husband
10378,Not-in-family
10378,Other-relative
10378,Own-child
10378,Unmarried
10378,Wife
20713,Husband
20713,Not-in-family
20713,Other-relative
20713,Own-child
20713,Unmarried
20713,Wife
34345,Husband
34345,Not-in-family
34345,Other-relative
34345,Own-child
34345,Unmarried
34345,Wife
21909,Not-in-family
21909,Unmarried
32402,Husband
32402,Not-in-family
32402,Other-relative
32402,Own-child
32402,Unmarried
32402,Wife
11239,Husband
11239,Not-in-family
11239,Other-relative
11239,Own-child
11239,Unmarried
11239,Wife
4935,Husband
4935,Other-relative
4935,Own-child
4935,Wife
40227,Husband
40227,Not-in-family
40227,Other-relative
40227,Own-child
40227,Unmarried
40227,Wife
35408,Husband
35408,Other-relative
35408,Own-child
35408,Wife
19920,Husband
19920,Not-in-family
19920,Other-relative
19920,Own-child
19920,Unmarried
19920,Wife
27155,Husband
27155,Not-in-family
27155,Other-relative
27155,Own-child
27155,Unmarried
27155,Wife
37210,Husband
37210,Other-relative
37210,Own-child
37210,Wife
25014,Husband
25014,Other-relative
25014,Own-child
25014,Wife
29481,Husband
29481,Not-in-family
29481,Other-relative
29481,Own-child
29481,Unmarried
29481,Wife
250,Husband
250,Not-in-family
250,Other-relative
250,Own-child
250,Unmarried
250,Wife
5892,Husband
5892,Other-relative
5892,Own-child
5892,Wife
30380,Husband
30380,Not-in-family
30380,Other-relative
30380,Own-child
30380,Unmarried
30380,Wife
43742,Husband
43742,Other-relative
43742,Own-child
43742,Wife
18029,Husband
18029,Not-in-family
18029,Other-relative
18029,Own-child
18029,Unmarried
18029,Wife
29954,Husband
29954,Other-relative
29954,Own-child
29954,Wife
36503,Husband
36503,Other-relative
36503,Own-child
36503,Wife
3408,Husband
3408,Other-relative
3408,Own-child
3408,Wife
35586,Husband
35586,Not-in-family
35586,Other-relative
35586,Own-child
35586,Unmarried
35586,Wife
39056,Husband
39056,Not-in-family
39056,Other-relative
39056,Own-child
39056,Unmarried
39056,Wife
43820,Husband
43820,Not-in-family
43820,Other-relative
43820,Own-child
43820,Unmarried
43820,Wife
26473,Husband
26473,Other-relative
26473,Own-child
26473,Wife
37442,Husband
37442,Not-in-family
37442,Other-relative
37442,Own-child
37442,Unmarried
37442,Wife
45734,Husband
45734,Not-in-family
45734,Other-relative
45734,Own-child
45734,Unmarried
45734,Wife
4447,Husband
4447,Not-in-family
4447,Other-relative
4447,Own-child
4447,Unmarried
4447,Wife
8815,Husband
8815,Not-in-family
8815,Other-relative
8815,Own-child
8815,Unmarried
8815,Wife
3234,Not-in-family
3234,Unmarried
35903,Husband
35903,Not-in-family
35903,Other-relative
35903,Own-child
35903,Unmarried
35903,Wife
1500,Husband
1500,Not-in-family
1500,Other-relative
1500,Own-child
1500,Unmarried
1500,Wife
11641,Husband
11641,Not-in-family
11641,Other-relative
11641,Own-child
11641,Unmarried
11641,Wife
43282,Husband
43282,Not-in-family
43282,Other-relative
43282,Own-child
43282,Unmarried
43282,Wife
17327,Husband
17327,Other-relative
17327,Own-child
17327,Wife
13469,Husband
13469,Other-relative
13469,Own-child
13469,Wife
20282,Husband
20282,Not-in-family
20282,Other-relative
20282,Own-child
20282,Unmarried
20282,Wife
10515,Husband
10515,Not-in-family
10515,Other-relative
10515,Own-child
10515,Unmarried
10515,Wife
26910,Husband
26910,Not-in-family
26910,Other-relative
26910,Own-child
26910,Unmarried
26910,Wife
420,Husband
420,Not-in-family
420,Other-relative
420,Own-child
420,Unmarried
420,Wife
47648,Husband
47648,Other-relative
47648,Own-child
47648,Wife
41505,Husband
41505,Not-in-family
41505,Other-relative
41505,Own-child
41505,Unmarried
41505,Wife
29178,Husband
29178,Not-in-family
29178,Other-relative
29178,Own-child
29178,Unmarried
29178,Wife
21865,Husband
21865,Not-in-family
21865,Other-relative
21865,Own-child
21865,Unmarried
21865,Wife
38744,Not-in-family
38744,Unmarried
31341,Husband
31341,Other-relative
31341,Own-child
31341,Wife
44169,Husband
44169,Not-in-family
44169,Other-relative
44169,Own-child
44169,Unmarried
44169,Wife
20999,Not-in-family
20999,Unmarried
32504,Not-in-family
32504,Unmarried
13877,Husband
13877,Other-relative
13877,Own-child
13877,Wife
11380,Husband
11380,Not-in-family
11380,Other-relative
11380,Own-child
11380,Unmarried
11380,Wife
3214,Husband
3214,Other-relative
3214,Own-child
3214,Wife
44876,Not-in-family
44876,Unmarried
4077,Husband
4077,Other-relative
4077,Own-child
4077,Wife
34904,Husband
34904,Other-relative
34904,Own-child
34904,Wife
38045,Husband
38045,Not-in-family
38045,Other-relative
38045,Own-child
38045,Unmarried
38045,Wife
10608,Husband
10608,Other-relative
10608,Own-child
10608,Wife
8047,Husband
8047,Not-in-family
8047,Other-relative
8047,Own-child
8047,Unmarried
8047,Wife
28429,Husband
28429,Not-in-family
28429,Other-relative
28429,Own-child
28429,Unmarried
28429,Wife
5559,Not-in-family
5559,Unmarried
26721,Husband
26721,Not-in-family
26721,Other-relative
26721,Own-child
26721,Unmarried
26721,Wife
12363,Husband
12363,Other-relative
12363,Own-child
12363,Wife
27440,Husband
27440,Other-relative
27440,Own-child
27440,Wife
21079,Husband
21079,Other-relative
21079,Own-child
21079,Wife
13159,Not-in-family
13159,Unmarried
35177,Husband
35177,Other-relative
35177,Own-child
35177,Wife
37569,Not-in-family
37569,Unmarried
24266,Husband
24266,Other-relative
24266,Own-child
24266,Wife
107,Husband
107,Not-in-family
107,Other-relative
107,Own-child
107,Unmarried
107,Wife
3861,Not-in-family
3861,Unmarried
2400,Not-in-family
2400,Unmarried
41443,Not-in-family
41443,Unmarried
21974,Husband
21974,Not-in-family
21974,Other-relative
21974,Own-child
21974,Unmarried
21974,Wife
24658,Husband
24658,Not-in-family
24658,Other-relative
24658,Own-child
24658,Unmarried
24658,Wife
33246,Husband
33246,Not-in-family
33246,Other-relative
33246,Own-child
33246,Unmarried
33246,Wife
34571,Husband
34571,Other-relative
34571,Own-child
34571,Wife
31246,Husband
31246,Not-in-family
31246,Other-relative
31246,Own-child
31246,Unmarried
31246,Wife
33502,Husband
33502,Other-relative
33502,Own-child
33502,Wife
9719,Husband
9719,Not-in-family
9719,Other-relative
9719,Own-child
9719,Unmarried
9719,Wife
47154,Husband
47154,Not-in-family
47154,Other-relative
47154,Own-child
47154,Unmarried
47154,Wife
46501,Husband
46501,Not-in-family
46501,Other-relative
46501,Own-child
46501,Unmarried
46501,Wife
5736,Husband
5736,Other-relative
5736,Own-child
5736,Wife
24231,Husband
24231,Not-in-family
24231,Other-relative
24231,Own-child
24231,Unmarried
24231,Wife
2231,Husband
2231,Other-relative
2231,Own-child
2231,Wife
29844,Husband
29844,Not-in-family
29844,Other-relative
29844,Own-child
29844,Unmarried
29844,Wife
31865,Husband
31865,Not-in-family
31865,Other-relative
31865,Own-child
31865,Unmarried
31865,Wife
47807,Husband
47807,Not-in-family
47807,Other-relative
47807,Own-child
47807,Unmarried
47807,Wife
13015,Husband
13015,Not-in-family
13015,Other-relative
13015,Own-child
13015,Unmarried
13015,Wife
45910,Not-in-family
45910,Unmarried
4139,Husband
4139,Not-in-family
4139,Other-relative
4139,Own-child
4139,Unmarried
4139,Wife
4448,Not-in-family
4448,Unmarried
27052,Husband
27052,Not-in-family
27052,Other-relative
27052,Own-child
27052,Unmarried
27052,Wife
14968,Husband
14968,Not-in-family
14968,Other-relative
14968,Own-child
14968,Unmarried
14968,Wife
11499,Husband
11499,Not-in-family
11499,Other-relative
11499,Own-child
11499,Unmarried
11499,Wife
31095,Husband
31095,Not-in-family
31095,Other-relative
31095,Own-child
31095,Unmarried
31095,Wife
8629,Not-in-family
8629,Unmarried
263,Husband
263,Not-in-family
263,Other-relative
263,Own-child
263,Unmarried
263,Wife
18081,Not-in-family
18081,Unmarried
48475,Husband
48475,Not-in-family
48475,Other-relative
48475,Own-child
48475,Unmarried
48475,Wife
39381,Not-in-family
39381,Unmarried
23269,Not-in-family
23269,Unmarried
40862,Husband
40862,Not-in-family
40862,Other-relative
40862,Own-child
40862,Unmarried
40862,Wife
10405,Husband
10405,Not-in-family
10405,Other-relative
10405,Own-child
10405,Unmarried
10405,Wife
27664,Husband
27664,Other-relative
27664,Own-child
27664,Wife
41769,Husband
41769,Other-relative
41769,Own-child
41769,Wife
6729,Husband
6729,Not-in-family
6729,Other-relative
6729,Own-child
6729,Unmarried
6729,Wife
6338,Husband
6338,Other-relative
6338,Own-child
6338,Wife
7292,Husband
7292,Other-relative
7292,Own-child
7292,Wife
37400,Husband
37400,Not-in-family
37400,Other-relative
37400,Own-child
37400,Unmarried
37400,Wife
4123,Husband
4123,Not-in-family
4123,Other-relative
4123,Own-child
4123,Unmarried
4123,Wife
3826,Husband
3826,Other-relative
3826,Own-child
3826,Wife
11530,Husband
11530,Not-in-family
11530,Other-relative
11530,Own-child
11530,Unmarried
11530,Wife
44619,Not-in-family
44619,Unmarried
38067,Husband
38067,Not-in-family
38067,Other-relative
38067,Own-child
38067,Unmarried
38067,Wife
44107,Husband
44107,Not-in-family
44107,Other-relative
44107,Own-child
44107,Unmarried
44107,Wife
8344,Husband
8344,Not-in-family
8344,Other-relative
8344,Own-child
8344,Unmarried
8344,Wife
31855,Husband
31855,Not-in-family
31855,Other-relative
31855,Own-child
31855,Unmarried
31855,Wife
37746,Husband
37746,Not-in-family
37746,Other-relative
37746,Own-child
37746,Unmarried
37746,Wife
22283,Husband
22283,Not-in-family
22283,Other-relative
22283,Own-child
22283,Unmarried
22283,Wife
19825,Husband
19825,Not-in-family
19825,Other-relative
19825,Own-child
19825,Unmarried
19825,Wife
35291,Not-in-family
35291,Unmarried
48804,Husband
48804,Other-relative
48804,Own-child
48804,Wife
3694,Husband
3694,Not-in-family
3694,Other-relative
3694,Own-child
3694,Unmarried
3694,Wife
22327,Not-in-family
22327,Unmarried
40491,Husband
40491,Other-relative
40491,Own-child
40491,Wife
28174,Husband
28174,Not-in-family
28174,Other-relative
28174,Own-child
28174,Unmarried
28174,Wife
34524,Husband
34524,Not-in-family
34524,Other-relative
34524,Own-child
34524,Unmarried
34524,Wife
39845,Husband
39845,Other-relative
39845,Own-child
39845,Wife
12728,Husband
12728,Not-in-family
12728,Other-relative
12728,Own-child
12728,Unmarried
12728,Wife
48312,Husband
48312,Not-in-family
48312,Other-relative
48312,Own-child
48312,Unmarried
48312,Wife
25892,Husband
25892,Other-relative
25892,Own-child
25892,Wife
6430,Not-in-family
6430,Unmarried
41486,Husband
41486,Other-relative
41486,Own-child
41486,Wife
11289,Husband
11289,Other-relative
11289,Own-child
11289,Wife
25798,Husband
25798,Not-in-family
25798,Other-relative
25798,Own-child
25798,Unmarried
25798,Wife
18308,Husband
18308,Other-relative
18308,Own-child
18308,Wife
10369,Husband
10369,Not-in-family
10369,Other-relative
10369,Own-child
10369,Unmarried
10369,Wife
12281,Not-in-family
12281,Unmarried
11487,Not-in-family
11487,Unmarried
3419,Not-in-family
3419,Unmarried
8882,Husband
8882,Other-relative
8882,Own-child
8882,Wife
30336,Husband
30336,Not-in-family
30336,Other-relative
30336,Own-child
30336,Unmarried
30336,Wife
36495,Husband
36495,Not-in-family
36495,Other-relative
36495,Own-child
36495,Unmarried
36495,Wife
27575,Husband
27575,Not-in-family
27575,Other-relative
27575,Own-child
27575,Unmarried
27575,Wife
6021,Not-in-family
6021,Unmarried
35320,Husband
35320,Not-in-family
35320,Other-relative
35320,Own-child
35320,Unmarried
35320,Wife
42973,Husband
42973,Not-in-family
42973,Other-relative
42973,Own-child
42973,Unmarried
42973,Wife
46048,Husband
46048,Other-relative
46048,Own-child
46048,Wife
71,Husband
71,Not-in-family
71,Other-relative
71,Own-child
71,Unmarried
71,Wife
7841,Not-in-family
7841,Unmarried
5000,Husband
5000,Not-in-family
5000,Other-relative
5000,Own-child
5000,Unmarried
5000,Wife
23717,Not-in-family
23717,Unmarried
13803,Husband
13803,Not-in-family
13803,Other-relative
13803,Own-child
13803,Unmarried
13803,Wife
20331,Husband
20331,Not-in-family
20331,Other-relative
20331,Own-child
20331,Unmarried
20331,Wife
38599,Husband
38599,Not-in-family
38599,Other-relative
38599,Own-child
38599,Unmarried
38599,Wife
23360,Husband
23360,Not-in-family
23360,Other-relative
23360,Own-child
23360,Unmarried
23360,Wife
33550,Husband
33550,Not-in-family
33550,Other-relative
33550,Own-child
33550,Unmarried
33550,Wife
19647,Husband
19647,Other-relative
19647,Own-child
19647,Wife
52,Husband
52,Other-relative
52,Own-child
52,Wife
24382,Husband
24382,Other-relative
24382,Own-child
24382,Wife
18885,Not-in-family
18885,Unmarried
723,Husband
723,Other-relative
723,Own-child
723,Wife
41984,Husband
41984,Other-relative
41984,Own-child
41984,Wife
11957,Husband
11957,Not-in-family
11957,Other-relative
11957,Own-child
11957,Unmarried
11957,Wife
6467,Husband
6467,Other-relative
6467,Own-child
6467,Wife
32231,Husband
32231,Not-in-family
32231,Other-relative
32231,Own-child
32231,Unmarried
32231,Wife
44834,Not-in-family
44834,Unmarried
41826,Not-in-family
41826,Unmarried
2039,Husband
2039,Not-in-family
2039,Other-relative
2039,Own-child
2039,Unmarried
2039,Wife
39597,Husband
39597,Not-in-family
39597,Other-relative
39597,Own-child
39597,Unmarried
39597,Wife
34956,Husband
34956,Not-in-family
34956,Other-relative
34956,Own-child
34956,Unmarried
34956,Wife
9743,Not-in-family
9743,Unmarried
19017,Husband
19017,Not-in-family
19017,Other-relative
19017,Own-child
19017,Unmarried
19017,Wife
44224,Husband
44224,Other-relative
44224,Own-child
44224,Wife
19129,Not-in-family
19129,Unmarried
17289,Husband
17289,Not-in-family
17289,Other-relative
17289,Own-child
17289,Unmarried
17289,Wife
26200,Husband
26200,Not-in-family
26200,Other-relative
26200,Own-child
26200,Unmarried
26200,Wife
18897,Not-in-family
18897,Unmarried
8589,Husband
8589,Not-in-family
8589,Other-relative
8589,Own-child
8589,Unmarried
8589,Wife
45432,Husband
45432,Other-relative
45432,Own-child
45432,Wife
4528,Husband
4528,Not-in-family
4528,Other-relative
4528,Own-child
4528,Unmarried
4528,Wife
7558,Husband
7558,Not-in-family
7558,Other-relative
7558,Own-child
7558,Unmarried
7558,Wife
38185,Not-in-family
38185,Unmarried
31838,Husband
31838,Not-in-family
31838,Other-relative
31838,Own-child
31838,Unmarried
31838,Wife
30864,Husband
30864,Other-relative
30864,Own-child
30864,Wife
28441,Husband
28441,Other-relative
28441,Own-child
28441,Wife
37853,Husband
37853,Other-relative
37853,Own-child
37853,Wife
24106,Husband
24106,Not-in-family
24106,Other-relative
24106,Own-child
24106,Unmarried
24106,Wife
36957,Husband
36957,Not-in-family
36957,Other-relative
36957,Own-child
36957,Unmarried
36957,Wife
15821,Husband
15821,Other-relative
15821,Own-child
15821,Wife
27820,Husband
27820,Not-in-family
27820,Other-relative
27820,Own-child
27820,Unmarried
27820,Wife
33130,Husband
33130,Not-in-family
33130,Other-relative
33130,Own-child
33130,Unmarried
33130,Wife
17941,Not-in-family
17941,Unmarried
35202,Not-in-family
35202,Unmarried
30837,Husband
30837,Not-in-family
30837,Other-relative
30837,Own-child
30837,Unmarried
30837,Wife
35440,Husband
35440,Not-in-family
35440,Other-relative
35440,Own-child
35440,Unmarried
35440,Wife
47140,Not-in-family
47140,Unmarried
29112,Husband
29112,Other-relative
29112,Own-child
29112,Wife
21925,Husband
21925,Not-in-family
21925,Other-relative
21925,Own-child
21925,Unmarried
21925,Wife
22061,Husband
22061,Other-relative
22061,Own-child
22061,Wife
10661,Husband
10661,Other-relative
10661,Own-child
10661,Wife
23233,Husband
23233,Not-in-family
23233,Other-relative
23233,Own-child
23233,Unmarried
23233,Wife
16061,Not-in-family
16061,Unmarried
27739,Husband
27739,Not-in-family
27739,Other-relative
27739,Own-child
27739,Unmarried
27739,Wife
22748,Husband
22748,Not-in-family
22748,Other-relative
22748,Own-child
22748,Unmarried
22748,Wife
11890,Not-in-family
11890,Unmarried
29390,Not-in-family
29390,Unmarried
35194,Husband
35194,Other-relative
35194,Own-child
35194,Wife
23021,Husband
23021,Other-relative
23021,Own-child
23021,Wife
25008,Husband
25008,Not-in-family
25008,Other-relative
25008,Own-child
25008,Unmarried
25008,Wife
39354,Husband
39354,Other-relative
39354,Own-child
39354,Wife
41813,Husband
41813,Not-in-family
41813,Other-relative
41813,Own-child
41813,Unmarried
41813,Wife
19774,Husband
19774,Not-in-family
19774,Other-relative
19774,Own-child
19774,Unmarried
19774,Wife
47688,Husband
47688,Other-relative
47688,Own-child
47688,Wife
43442,Husband
43442,Not-in-family
43442,Other-relative
43442,Own-child
43442,Unmarried
43442,Wife
18513,Husband
18513,Not-in-family
18513,Other-relative
18513,Own-child
18513,Unmarried
18513,Wife
48144,Husband
48144,Other-relative
48144,Own-child
48144,Wife
14354,Not-in-family
14354,Unmarried
38341,Husband
38341,Not-in-family
38341,Other-relative
38341,Own-child
38341,Unmarried
38341,Wife
8503,Husband
8503,Other-relative
8503,Own-child
8503,Wife
23484,Not-in-family
23484,Unmarried
40425,Husband
40425,Other-relative
40425,Own-child
40425,Wife
3665,Husband
3665,Not-in-family
3665,Other-relative
3665,Own-child
3665,Unmarried
3665,Wife
10291,Husband
10291,Not-in-family
10291,Other-relative
10291,Own-child
10291,Unmarried
10291,Wife
34580,Husband
34580,Not-in-family
34580,Other-relative
34580,Own-child
34580,Unmarried
34580,Wife
26837,Husband
26837,Other-relative
26837,Own-child
26837,Wife
7735,Husband
7735,Not-in-family
7735,Other-relative
7735,Own-child
7735,Unmarried
7735,Wife
47603,Husband
47603,Other-relative
47603,Own-child
47603,Wife
14141,Husband
14141,Not-in-family
14141,Other-relative
14141,Own-child
14141,Unmarried
14141,Wife
12263,Husband
12263,Not-in-family
12263,Other-relative
12263,Own-child
12263,Unmarried
12263,Wife
31017,Not-in-family
31017,Unmarried
31286,Husband
31286,Not-in-family
31286,Other-relative
31286,Own-child
31286,Unmarried
31286,Wife
27470,Husband
27470,Not-in-family
27470,Other-relative
27470,Own-child
27470,Unmarried
27470,Wife
43263,Husband
43263,Not-in-family
43263,Other-relative
43263,Own-child
43263,Unmarried
43263,Wife
44562,Husband
44562,Not-in-family
44562,Other-relative
44562,Own-child
44562,Unmarried
44562,Wife
26601,Not-in-family
26601,Unmarried
3369,Husband
3369,Not-in-family
3369,Other-relative
3369,Own-child
3369,Unmarried
3369,Wife
23326,Husband
23326,Other-relative
23326,Own-child
23326,Wife
14261,Husband
14261,Not-in-family
14261,Other-relative
14261,Own-child
14261,Unmarried
14261,Wife
16963,Husband
16963,Other-relative
16963,Own-child
16963,Wife
30051,Husband
30051,Not-in-family
30051,Other-relative
30051,Own-child
30051,Unmarried
30051,Wife
26709,Husband
26709,Not-in-family
26709,Other-relative
26709,Own-child
26709,Unmarried
26709,Wife
39611,Husband
39611,Not-in-family
39611,Other-relative
39611,Own-child
39611,Unmarried
39611,Wife
13804,Husband
13804,Not-in-family
13804,Other-relative
13804,Own-child
13804,Unmarried
13804,Wife
25431,Husband
25431,Not-in-family
25431,Other-relative
25431,Own-child
25431,Unmarried
25431,Wife
14898,Husband
14898,Not-in-family
14898,Other-relative
14898,Own-child
14898,Unmarried
14898,Wife
2012,Husband
2012,Not-in-family
2012,Other-relative
2012,Own-child
2012,Unmarried
2012,Wife
37951,Husband
37951,Other-relative
37951,Own-child
37951,Wife
20165,Husband
20165,Not-in-family
20165,Other-relative
20165,Own-child
20165,Unmarried
20165,Wife
26751,Not-in-family
26751,Unmarried
17305,Not-in-family
17305,Unmarried
31255,Not-in-family
31255,Unmarried
41117,Husband
41117,Other-relative
41117,Own-child
41117,Wife
7884,Husband
7884,Not-in-family
7884,Other-relative
7884,Own-child
7884,Unmarried
7884,Wife
25809,Husband
25809,Other-relative
25809,Own-child
25809,Wife
45742,Husband
45742,Other-relative
45742,Own-child
45742,Wife
21442,Not-in-family
21442,Unmarried
13718,Husband
13718,Not-in-family
13718,Other-relative
13718,Own-child
13718,Unmarried
13718,Wife
48824,Husband
48824,Not-in-family
48824,Other-relative
48824,Own-child
48824,Unmarried
48824,Wife
21054,Husband
21054,Other-relative
21054,Own-child
21054,Wife
11488,Not-in-family
11488,Unmarried
22887,Husband
22887,Not-in-family
22887,Other-relative
22887,Own-child
22887,Unmarried
22887,Wife
45622,Husband
45622,Not-in-family
45622,Other-relative
45622,Own-child
45622,Unmarried
45622,Wife
16689,Husband
16689,Other-relative
16689,Own-child
16689,Wife
8410,Not-in-family
8410,Unmarried
1572,Husband
1572,Not-in-family
1572,Other-relative
1572,Own-child
1572,Unmarried
1572,Wife
12947,Husband
12947,Not-in-family
12947,Other-relative
12947,Own-child
12947,Unmarried
12947,Wife
39018,Husband
39018,Not-in-family
39018,Other-relative
39018,Own-child
39018,Unmarried
39018,Wife
40,Husband
40,Not-in-family
40,Other-relative
40,Own-child
40,Unmarried
40,Wife
23800,Husband
23800,Not-in-family
23800,Other-relative
23800,Own-child
23800,Unmarried
23800,Wife
3668,Husband
3668,Other-relative
3668,Own-child
3668,Wife
5904,Husband
5904,Not-in-family
5904,Other-relative
5904,Own-child
5904,Unmarried
5904,Wife
75,Husband
75,Other-relative
75,Own-child
75,Wife
18915,Husband
18915,Not-in-family
18915,Other-relative
18915,Own-child
18915,Unmarried
18915,Wife
20669,Husband
20669,Other-relative
20669,Own-child
20669,Wife
20637,Husband
20637,Not-in-family
20637,Other-relative
20637,Own-child
20637,Unmarried
20637,Wife
44942,Husband
44942,Not-in-family
44942,Other-relative
44942,Own-child
44942,Unmarried
44942,Wife
8124,Not-in-family
8124,Unmarried
22695,Husband
22695,Not-in-family
22695,Other-relative
22695,Own-child
22695,Unmarried
22695,Wife
17084,Husband
17084,Not-in-family
17084,Other-relative
17084,Own-child
17084,Unmarried
17084,Wife
36084,Husband
36084,Other-relative
36084,Own-child
36084,Wife
11858,Husband
11858,Not-in-family
11858,Other-relative
11858,Own-child
11858,Unmarried
11858,Wife
10054,Husband
10054,Not-in-family
10054,Other-relative
10054,Own-child
10054,Unmarried
10054,Wife
47348,Not-in-family
47348,Unmarried
3905,Husband
3905,Other-relative
3905,Own-child
3905,Wife
32765,Husband
32765,Not-in-family
32765,Other-relative
32765,Own-child
32765,Unmarried
32765,Wife
2159,Husband
2159,Other-relative
2159,Own-child
2159,Wife
18996,Not-in-family
18996,Unmarried
41635,Husband
41635,Not-in-family
41635,Other-relative
41635,Own-child
41635,Unmarried
41635,Wife
4202,Not-in-family
4202,Unmarried
14417,Husband
14417,Not-in-family
14417,Other-relative
14417,Own-child
14417,Unmarried
14417,Wife
23949,Husband
23949,Other-relative
23949,Own-child
23949,Wife
18660,Husband
18660,Other-relative
18660,Own-child
18660,Wife
24268,Not-in-family
24268,Unmarried
17090,Husband
17090,Other-relative
17090,Own-child
17090,Wife
13550,Not-in-family
13550,Unmarried
2274,Husband
2274,Other-relative
2274,Own-child
2274,Wife
22804,Husband
22804,Not-in-family
22804,Other-relative
22804,Own-child
22804,Unmarried
22804,Wife
20931,Husband
20931,Not-in-family
20931,Other-relative
20931,Own-child
20931,Unmarried
20931,Wife
15732,Husband
15732,Not-in-family
15732,Other-relative
15732,Own-child
15732,Unmarried
15732,Wife
11741,Husband
11741,Other-relative
11741,Own-child
11741,Wife
15011,Husband
15011,Not-in-family
15011,Other-relative
15011,Own-child
15011,Unmarried
15011,Wife
3322,Husband
3322,Other-relative
3322,Own-child
3322,Wife
18239,Husband
18239,Other-relative
18239,Own-child
18239,Wife
2914,Not-in-family
2914,Unmarried
37435,Husband
37435,Not-in-family
37435,Other-relative
37435,Own-child
37435,Unmarried
37435,Wife
16433,Husband
16433,Not-in-family
16433,Other-relative
16433,Own-child
16433,Unmarried
16433,Wife
10849,Husband
10849,Not-in-family
10849,Other-relative
10849,Own-child
10849,Unmarried
10849,Wife
37935,Husband
37935,Not-in-family
37935,Other-relative
37935,Own-child
37935,Unmarried
37935,Wife
14650,Husband
14650,Not-in-family
14650,Other-relative
14650,Own-child
14650,Unmarried
14650,Wife
41076,Husband
41076,Not-in-family
41076,Other-relative
41076,Own-child
41076,Unmarried
41076,Wife
26505,Not-in-family
26505,Unmarried
7592,Husband
7592,Other-relative
7592,Own-child
7592,Wife
4472,Husband
4472,Not-in-family
4472,Other-relative
4472,Own-child
4472,Unmarried
4472,Wife
40390,Not-in-family
40390,Unmarried
1429,Husband
1429,Not-in-family
1429,Other-relative
1429,Own-child
1429,Unmarried
1429,Wife
8394,Husband
8394,Not-in-family
8394,Other-relative
8394,Own-child
8394,Unmarried
8394,Wife
17425,Husband
17425,Not-in-family
17425,Other-relative
17425,Own-child
17425,Unmarried
17425,Wife
44493,Husband
44493,Not-in-family
44493,Other-relative
44493,Own-child
44493,Unmarried
44493,Wife
46012,Husband
46012,Not-in-family
46012,Other-relative
46012,Own-child
46012,Unmarried
46012,Wife
2621,Husband
2621,Not-in-family
2621,Other-relative
2621,Own-child
2621,Unmarried
2621,Wife
5363,Husband
5363,Other-relative
5363,Own-child
5363,Wife
23394,Husband
23394,Not-in-family
23394,Other-relative
23394,Own-child
23394,Unmarried
23394,Wife
36060,Not-in-family
36060,Unmarried
37236,Husband
37236,Not-in-family
37236,Other-relative
37236,Own-child
37236,Unmarried
37236,Wife
24356,Husband
24356,Not-in-family
24356,Other-relative
24356,Own-child
24356,Unmarried
24356,Wife
34117,Husband
34117,Other-relative
34117,Own-child
34117,Wife
19132,Husband
19132,Not-in-family
19132,Other-relative
19132,Own-child
19132,Unmarried
19132,Wife
238,Husband
238,Other-relative
238,Own-child
238,Wife
7957,Husband
7957,Other-relative
7957,Own-child
7957,Wife
35231,Husband
35231,Not-in-family
35231,Other-relative
35231,Own-child
35231,Unmarried
35231,Wife
21387,Husband
21387,Other-relative
21387,Own-child
21387,Wife
34303,Husband
34303,Not-in-family
34303,Other-relative
34303,Own-child
34303,Unmarried
34303,Wife
44838,Husband
44838,Not-in-family
44838,Other-relative
44838,Own-child
44838,Unmarried
44838,Wife
43138,Husband
43138,Not-in-family
43138,Other-relative
43138,Own-child
43138,Unmarried
43138,Wife
19407,Husband
19407,Not-in-family
19407,Other-relative
19407,Own-child
19407,Unmarried
19407,Wife
48551,Husband
48551,Not-in-family
48551,Other-relative
48551,Own-child
48551,Unmarried
48551,Wife
7700,Husband
7700,Other-relative
7700,Own-child
7700,Wife
34763,Not-in-family
34763,Unmarried
17629,Not-in-family
17629,Unmarried
17440,Husband
17440,Not-in-family
17440,Other-relative
17440,Own-child
17440,Unmarried
17440,Wife
7279,Husband
7279,Not-in-family
7279,Other-relative
7279,Own-child
7279,Unmarried
7279,Wife
4225,Husband
4225,Not-in-family
4225,Other-relative
4225,Own-child
4225,Unmarried
4225,Wife
36526,Husband
36526,Not-in-family
36526,Other-relative
36526,Own-child
36526,Unmarried
36526,Wife
38666,Husband
38666,Other-relative
38666,Own-child
38666,Wife
44991,Husband
44991,Not-in-family
44991,Other-relative
44991,Own-child
44991,Unmarried
44991,Wife
11583,Husband
11583,Not-in-family
11583,Other-relative
11583,Own-child
11583,Unmarried
11583,Wife
32550,Husband
32550,Not-in-family
32550,Other-relative
32550,Own-child
32550,Unmarried
32550,Wife
24219,Husband
24219,Not-in-family
24219,Other-relative
24219,Own-child
24219,Unmarried
24219,Wife
977,Husband
977,Other-relative
977,Own-child
977,Wife
45366,Husband
45366,Not-in-family
45366,Other-relative
45366,Own-child
45366,Unmarried
45366,Wife
19684,Husband
19684,Other-relative
19684,Own-child
19684,Wife
28836,Husband
28836,Not-in-family
28836,Other-relative
28836,Own-child
28836,Unmarried
28836,Wife
38570,Husband
38570,Other-relative
38570,Own-child
38570,Wife
39040,Husband
39040,Other-relative
39040,Own-child
39040,Wife
22019,Husband
22019,Not-in-family
22019,Other-relative
22019,Own-child
22019,Unmarried
22019,Wife
9960,Husband
9960,Other-relative
9960,Own-child
9960,Wife
6760,Husband
6760,Not-in-family
6760,Other-relative
6760,Own-child
6760,Unmarried
6760,Wife
46948,Husband
46948,Other-relative
46948,Own-child
46948,Wife
27888,Husband
27888,Other-relative
27888,Own-child
27888,Wife
42902,Husband
42902,Other-relative
42902,Own-child
42902,Wife
37423,Not-in-family
37423,Unmarried
14090,Husband
14090,Other-relative
14090,Own-child
14090,Wife
5239,Husband
5239,Not-in-family
5239,Other-relative
5239,Own-child
5239,Unmarried
5239,Wife
4624,Husband
4624,Not-in-family
4624,Other-relative
4624,Own-child
4624,Unmarried
4624,Wife
36518,Husband
36518,Not-in-family
36518,Other-relative
36518,Own-child
36518,Unmarried
36518,Wife
24112,Not-in-family
24112,Unmarried
38719,Husband
38719,Not-in-family
38719,Other-relative
38719,Own-child
38719,Unmarried
38719,Wife
38248,Not-in-family
38248,Unmarried
33858,Husband
33858,Not-in-family
33858,Other-relative
33858,Own-child
33858,Unmarried
33858,Wife
47231,Husband
47231,Other-relative
47231,Own-child
47231,Wife
35679,Husband
35679,Other-relative
35679,Own-child
35679,Wife
11888,Husband
11888,Not-in-family
11888,Other-relative
11888,Own-child
11888,Unmarried
11888,Wife
13179,Husband
13179,Not-in-family
13179,Other-relative
13179,Own-child
13179,Unmarried
13179,Wife
16571,Husband
16571,Not-in-family
16571,Other-relative
16571,Own-child
16571,Unmarried
16571,Wife
38958,Husband
38958,Other-relative
38958,Own-child
38958,Wife
13218,Husband
13218,Not-in-family
13218,Other-relative
13218,Own-child
13218,Unmarried
13218,Wife
48717,Husband
48717,Not-in-family
48717,Other-relative
48717,Own-child
48717,Unmarried
48717,Wife
31807,Husband
31807,Not-in-family
31807,Other-relative
31807,Own-child
31807,Unmarried
31807,Wife
43314,Not-in-family
43314,Unmarried
45857,Husband
45857,Not-in-family
45857,Other-relative
45857,Own-child
45857,Unmarried
45857,Wife
37093,Husband
37093,Not-in-family
37093,Other-relative
37093,Own-child
37093,Unmarried
37093,Wife
4637,Husband
4637,Not-in-family
4637,Other-relative
4637,Own-child
4637,Unmarried
4637,Wife
25335,Husband
25335,Other-relative
25335,Own-child
25335,Wife
10913,Husband
10913,Not-in-family
10913,Other-relative
10913,Own-child
10913,Unmarried
10913,Wife
11498,Husband
11498,Not-in-family
11498,Other-relative
11498,Own-child
11498,Unmarried
11498,Wife
36422,Husband
36422,Not-in-family
36422,Other-relative
36422,Own-child
36422,Unmarried
36422,Wife
12659,Husband
12659,Other-relative
12659,Own-child
12659,Wife
38894,Not-in-family
38894,Unmarried
12052,Not-in-family
12052,Unmarried
11356,Not-in-family
11356,Unmarried
47038,Husband
47038,Not-in-family
47038,Other-relative
47038,Own-child
47038,Unmarried
47038,Wife
12672,Husband
12672,Not-in-family
12672,Other-relative
12672,Own-child
12672,Unmarried
12672,Wife
48427,Husband
48427,Other-relative
48427,Own-child
48427,Wife
22657,Husband
22657,Other-relative
22657,Own-child
22657,Wife
41564,Not-in-family
41564,Unmarried
37551,Husband
37551,Not-in-family
37551,Other-relative
37551,Own-child
37551,Unmarried
37551,Wife
35662,Husband
35662,Other-relative
35662,Own-child
35662,Wife
33731,Husband
33731,Other-relative
33731,Own-child
33731,Wife
13508,Husband
13508,Not-in-family
13508,Other-relative
13508,Own-child
13508,Unmarried
13508,Wife
23998,Husband
23998,Other-relative
23998,Own-child
23998,Wife
16161,Husband
16161,Other-relative
16161,Own-child
16161,Wife
16128,Husband
16128,Other-relative
16128,Own-child
16128,Wife
13007,Husband
13007,Not-in-family
13007,Other-relative
13007,Own-child
13007,Unmarried
13007,Wife
27424,Husband
27424,Other-relative
27424,Own-child
27424,Wife
18782,Husband
18782,Not-in-family
18782,Other-relative
18782,Own-child
18782,Unmarried
18782,Wife
7687,Husband
7687,Not-in-family
7687,Other-relative
7687,Own-child
7687,Unmarried
7687,Wife
20764,Husband
20764,Not-in-family
20764,Other-relative
20764,Own-child
20764,Unmarried
20764,Wife
15122,Husband
15122,Not-in-family
15122,Other-relative
15122,Own-child
15122,Unmarried
15122,Wife
25264,Husband
25264,Not-in-family
25264,Other-relative
25264,Own-child
25264,Unmarried
25264,Wife
10078,Husband
10078,Not-in-family
10078,Other-relative
10078,Own-child
10078,Unmarried
10078,Wife
41399,Not-in-family
41399,Unmarried
11311,Husband
11311,Other-relative
11311,Own-child
11311,Wife
40338,Husband
40338,Not-in-family
40338,Other-relative
40338,Own-child
40338,Unmarried
40338,Wife
8849,Husband
8849,Other-relative
8849,Own-child
8849,Wife
7788,Husband
7788,Not-in-family
7788,Other-relative
7788,Own-child
7788,Unmarried
7788,Wife
17281,Husband
17281,Other-relative
17281,Own-child
17281,Wife
24186,Husband
24186,Other-relative
24186,Own-child
24186,Wife
47341,Husband
47341,Not-in-family
47341,Other-relative
47341,Own-child
47341,Unmarried
47341,Wife
11730,Husband
11730,Not-in-family
11730,Other-relative
11730,Own-child
11730,Unmarried
11730,Wife
48188,Husband
48188,Not-in-family
48188,Other-relative
48188,Own-child
48188,Unmarried
48188,Wife
272,Husband
272,Not-in-family
272,Other-relative
272,Own-child
272,Unmarried
272,Wife
38830,Husband
38830,Other-relative
38830,Own-child
38830,Wife
40900,Husband
40900,Other-relative
40900,Own-child
40900,Wife
5430,Husband
5430,Not-in-family
5430,Other-relative
5430,Own-child
5430,Unmarried
5430,Wife
25532,Husband
25532,Not-in-family
25532,Other-relative
25532,Own-child
25532,Unmarried
25532,Wife
39250,Husband
39250,Not-in-family
39250,Other-relative
39250,Own-child
39250,Unmarried
39250,Wife
46250,Husband
46250,Not-in-family
46250,Other-relative
46250,Own-child
46250,Unmarried
46250,Wife
33857,Husband
33857,Not-in-family
33857,Other-relative
33857,Own-child
33857,Unmarried
33857,Wife
21842,Husband
21842,Not-in-family
21842,Other-relative
21842,Own-child
21842,Unmarried
21842,Wife
29950,Husband
29950,Not-in-family
29950,Other-relative
29950,Own-child
29950,Unmarried
29950,Wife
6680,Husband
6680,Other-relative
6680,Own-child
6680,Wife
34827,Husband
34827,Other-relative
34827,Own-child
34827,Wife
219,Not-in-family
219,Unmarried
47465,Husband
47465,Other-relative
47465,Own-child
47465,Wife
41119,Husband
41119,Not-in-family
41119,Other-relative
41119,Own-child
41119,Unmarried
41119,Wife
28571,Husband
28571,Not-in-family
28571,Other-relative
28571,Own-child
28571,Unmarried
28571,Wife
24098,Not-in-family
24098,Unmarried
29368,Husband
29368,Not-in-family
29368,Other-relative
29368,Own-child
29368,Unmarried
29368,Wife
47944,Husband
47944,Not-in-family
47944,Other-relative
47944,Own-child
47944,Unmarried
47944,Wife
15965,Husband
15965,Other-relative
15965,Own-child
15965,Wife
22631,Husband
22631,Not-in-family
22631,Other-relative
22631,Own-child
22631,Unmarried
22631,Wife
15526,Husband
15526,Other-relative
15526,Own-child
15526,Wife
16916,Not-in-family
16916,Unmarried
30932,Husband
30932,Not-in-family
30932,Other-relative
30932,Own-child
30932,Unmarried
30932,Wife
45310,Husband
45310,Not-in-family
45310,Other-relative
45310,Own-child
45310,Unmarried
45310,Wife
48629,Husband
48629,Not-in-family
48629,Other-relative
48629,Own-child
48629,Unmarried
48629,Wife
42103,Husband
42103,Not-in-family
42103,Other-relative
42103,Own-child
42103,Unmarried
42103,Wife
43800,Not-in-family
43800,Unmarried
1028,Husband
1028,Other-relative
1028,Own-child
1028,Wife
35550,Husband
35550,Not-in-family
35550,Other-relative
35550,Own-child
35550,Unmarried
35550,Wife
43493,Husband
43493,Not-in-family
43493,Other-relative
43493,Own-child
43493,Unmarried
43493,Wife
37896,Husband
37896,Not-in-family
37896,Other-relative
37896,Own-child
37896,Unmarried
37896,Wife
8895,Husband
8895,Other-relative
8895,Own-child
8895,Wife
35907,Husband
35907,Other-relative
35907,Own-child
35907,Wife
38443,Husband
38443,Not-in-family
38443,Other-relative
38443,Own-child
38443,Unmarried
38443,Wife
30421,Husband
30421,Other-relative
30421,Own-child
30421,Wife
27824,Husband
27824,Not-in-family
27824,Other-relative
27824,Own-child
27824,Unmarried
27824,Wife
7492,Not-in-family
7492,Unmarried
36102,Not-in-family
36102,Unmarried
21396,Husband
21396,Not-in-family
21396,Other-relative
21396,Own-child
21396,Unmarried
21396,Wife
22319,Husband
22319,Other-relative
22319,Own-child
22319,Wife
39871,Husband
39871,Not-in-family
39871,Other-relative
39871,Own-child
39871,Unmarried
39871,Wife
7567,Not-in-family
7567,Unmarried
31187,Husband
31187,Not-in-family
31187,Other-relative
31187,Own-child
31187,Unmarried
31187,Wife
45090,Husband
45090,Not-in-family
45090,Other-relative
45090,Own-child
45090,Unmarried
45090,Wife
7540,Husband
7540,Other-relative
7540,Own-child
7540,Wife
26432,Husband
26432,Not-in-family
26432,Other-relative
26432,Own-child
26432,Unmarried
26432,Wife
20115,Husband
20115,Not-in-family
20115,Other-relative
20115,Own-child
20115,Unmarried
20115,Wife
29142,Not-in-family
29142,Unmarried
6653,Husband
6653,Other-relative
6653,Own-child
6653,Wife
19758,Husband
19758,Not-in-family
19758,Other-relative
19758,Own-child
19758,Unmarried
19758,Wife
34314,Not-in-family
34314,Unmarried
125,Husband
125,Other-relative
125,Own-child
125,Wife
32970,Husband
32970,Other-relative
32970,Own-child
32970,Wife
34459,Husband
34459,Other-relative
34459,Own-child
34459,Wife
1102,Husband
1102,Other-relative
1102,Own-child
1102,Wife
859,Not-in-family
859,Unmarried
12479,Husband
12479,Not-in-family
12479,Other-relative
12479,Own-child
12479,Unmarried
12479,Wife
36623,Husband
36623,Other-relative
36623,Own-child
36623,Wife
24860,Husband
24860,Not-in-family
24860,Other-relative
24860,Own-child
24860,Unmarried
24860,Wife
26065,Husband
26065,Other-relative
26065,Own-child
26065,Wife
42364,Husband
42364,Other-relative
42364,Own-child
42364,Wife
46508,Husband
46508,Not-in-family
46508,Other-relative
46508,Own-child
46508,Unmarried
46508,Wife
38966,Husband
38966,Not-in-family
38966,Other-relative
38966,Own-child
38966,Unmarried
38966,Wife
22597,Not-in-family
22597,Unmarried
37565,Husband
37565,Other-relative
37565,Own-child
37565,Wife
728,Husband
728,Other-relative
728,Own-child
728,Wife
48152,Husband
48152,Not-in-family
48152,Other-relative
48152,Own-child
48152,Unmarried
48152,Wife
30488,Husband
30488,Not-in-family
30488,Other-relative
30488,Own-child
30488,Unmarried
30488,Wife
44311,Husband
44311,Other-relative
44311,Own-child
44311,Wife
2764,Husband
2764,Not-in-family
2764,Other-relative
2764,Own-child
2764,Unmarried
2764,Wife
35381,Husband
35381,Not-in-family
35381,Other-relative
35381,Own-child
35381,Unmarried
35381,Wife
11582,Husband
11582,Other-relative
11582,Own-child
11582,Wife
42049,Husband
42049,Not-in-family
42049,Other-relative
42049,Own-child
42049,Unmarried
42049,Wife
21058,Husband
21058,Other-relative
21058,Own-child
21058,Wife
11705,Husband
11705,Not-in-family
11705,Other-relative
11705,Own-child
11705,Unmarried
11705,Wife
22813,Husband
22813,Not-in-family
22813,Other-relative
22813,Own-child
22813,Unmarried
22813,Wife
30308,Not-in-family
30308,Unmarried
16383,Husband
16383,Not-in-family
16383,Other-relative
16383,Own-child
16383,Unmarried
16383,Wife
32122,Husband
32122,Not-in-family
32122,Other-relative
32122,Own-child
32122,Unmarried
32122,Wife
27709,Husband
27709,Not-in-family
27709,Other-relative
27709,Own-child
27709,Unmarried
27709,Wife
37907,Husband
37907,Other-relative
37907,Own-child
37907,Wife
19165,Husband
19165,Not-in-family
19165,Other-relative
19165,Own-child
19165,Unmarried
19165,Wife
23335,Husband
23335,Not-in-family
23335,Other-relative
23335,Own-child
23335,Unmarried
23335,Wife
27980,Husband
27980,Not-in-family
27980,Other-relative
27980,Own-child
27980,Unmarried
27980,Wife
23074,Husband
23074,Other-relative
23074,Own-child
23074,Wife
43522,Husband
43522,Other-relative
43522,Own-child
43522,Wife
47734,Husband
47734,Not-in-family
47734,Other-relative
47734,Own-child
47734,Unmarried
47734,Wife
29077,Husband
29077,Other-relative
29077,Own-child
29077,Wife
47586,Not-in-family
47586,Unmarried
24411,Not-in-family
24411,Unmarried
17324,Husband
17324,Not-in-family
17324,Other-relative
17324,Own-child
17324,Unmarried
17324,Wife
17475,Not-in-family
17475,Unmarried
35221,Husband
35221,Other-relative
35221,Own-child
35221,Wife
32885,Husband
32885,Not-in-family
32885,Other-relative
32885,Own-child
32885,Unmarried
32885,Wife
9620,Not-in-family
9620,Unmarried
31456,Husband
31456,Other-relative
31456,Own-child
31456,Wife
42338,Husband
42338,Not-in-family
42338,Other-relative
42338,Own-child
42338,Unmarried
42338,Wife
15884,Husband
15884,Not-in-family
15884,Other-relative
15884,Own-child
15884,Unmarried
15884,Wife
5839,Husband
5839,Other-relative
5839,Own-child
5839,Wife
43733,Husband
43733,Other-relative
43733,Own-child
43733,Wife
34937,Husband
34937,Not-in-family
34937,Other-relative
34937,Own-child
34937,Unmarried
34937,Wife
37243,Not-in-family
37243,Unmarried
40878,Husband
40878,Not-in-family
40878,Other-relative
40878,Own-child
40878,Unmarried
40878,Wife
26088,Not-in-family
26088,Unmarried
22838,Husband
22838,Not-in-family
22838,Other-relative
22838,Own-child
22838,Unmarried
22838,Wife
24481,Husband
24481,Not-in-family
24481,Other-relative
24481,Own-child
24481,Unmarried
24481,Wife
38584,Husband
38584,Not-in-family
38584,Other-relative
38584,Own-child
38584,Unmarried
38584,Wife
16002,Not-in-family
16002,Unmarried
41640,Husband
41640,Not-in-family
41640,Other-relative
41640,Own-child
41640,Unmarried
41640,Wife
18224,Husband
18224,Not-in-family
18224,Other-relative
18224,Own-child
18224,Unmarried
18224,Wife
38645,Husband
38645,Not-in-family
38645,Other-relative
38645,Own-child
38645,Unmarried
38645,Wife
31074,Husband
31074,Not-in-family
31074,Other-relative
31074,Own-child
31074,Unmarried
31074,Wife
152,Husband
152,Other-relative
152,Own-child
152,Wife
25052,Not-in-family
25052,Unmarried
8018,Husband
8018,Other-relative
8018,Own-child
8018,Wife
24097,Not-in-family
24097,Unmarried
39046,Husband
39046,Not-in-family
39046,Other-relative
39046,Own-child
39046,Unmarried
39046,Wife
21953,Husband
21953,Other-relative
21953,Own-child
21953,Wife
8216,Husband
8216,Not-in-family
8216,Other-relative
8216,Own-child
8216,Unmarried
8216,Wife
41424,Husband
41424,Not-in-family
41424,Other-relative
41424,Own-child
41424,Unmarried
41424,Wife
31263,Not-in-family
31263,Unmarried
21672,Husband
21672,Not-in-family
21672,Other-relative
21672,Own-child
21672,Unmarried
21672,Wife
22877,Husband
22877,Not-in-family
22877,Other-relative
22877,Own-child
22877,Unmarried
22877,Wife
8952,Husband
8952,Not-in-family
8952,Other-relative
8952,Own-child
8952,Unmarried
8952,Wife
3270,Husband
3270,Not-in-family
3270,Other-relative
3270,Own-child
3270,Unmarried
3270,Wife
35997,Husband
35997,Not-in-family
35997,Other-relative
35997,Own-child
35997,Unmarried
35997,Wife
9704,Not-in-family
9704,Unmarried
22598,Husband
22598,Not-in-family
22598,Other-relative
22598,Own-child
22598,Unmarried
22598,Wife
15570,Not-in-family
15570,Unmarried
1771,Husband
1771,Other-relative
1771,Own-child
1771,Wife
34254,Not-in-family
34254,Unmarried
4046,Husband
4046,Other-relative
4046,Own-child
4046,Wife
36115,Husband
36115,Other-relative
36115,Own-child
36115,Wife
45494,Husband
45494,Not-in-family
45494,Other-relative
45494,Own-child
45494,Unmarried
45494,Wife
39456,Husband
39456,Other-relative
39456,Own-child
39456,Wife
15764,Husband
15764,Not-in-family
15764,Other-relative
15764,Own-child
15764,Unmarried
15764,Wife
31298,Husband
31298,Not-in-family
31298,Other-relative
31298,Own-child
31298,Unmarried
31298,Wife
30296,Husband
30296,Not-in-family
30296,Other-relative
30296,Own-child
30296,Unmarried
30296,Wife
31469,Husband
31469,Other-relative
31469,Own-child
31469,Wife
43134,Husband
43134,Other-relative
43134,Own-child
43134,Wife
13619,Husband
13619,Not-in-family
13619,Other-relative
13619,Own-child
13619,Unmarried
13619,Wife
46041,Husband
46041,Not-in-family
46041,Other-relative
46041,Own-child
46041,Unmarried
46041,Wife
43034,Husband
43034,Not-in-family
43034,Other-relative
43034,Own-child
43034,Unmarried
43034,Wife
27712,Husband
27712,Other-relative
27712,Own-child
27712,Wife
42022,Husband
42022,Other-relative
42022,Own-child
42022,Wife
12685,Husband
12685,Not-in-family
12685,Other-relative
12685,Own-child
12685,Unmarried
12685,Wife
41305,Husband
41305,Not-in-family
41305,Other-relative
41305,Own-child
41305,Unmarried
41305,Wife
23180,Husband
23180,Other-relative
23180,Own-child
23180,Wife
3445,Husband
3445,Other-relative
3445,Own-child
3445,Wife
39111,Husband
39111,Other-relative
39111,Own-child
39111,Wife
6378,Husband
6378,Not-in-family
6378,Other-relative
6378,Own-child
6378,Unmarried
6378,Wife
17729,Husband
17729,Not-in-family
17729,Other-relative
17729,Own-child
17729,Unmarried
17729,Wife
8144,Husband
8144,Not-in-family
8144,Other-relative
8144,Own-child
8144,Unmarried
8144,Wife
26974,Husband
26974,Not-in-family
26974,Other-relative
26974,Own-child
26974,Unmarried
26974,Wife
9188,Husband
9188,Not-in-family
9188,Other-relative
9188,Own-child
9188,Unmarried
9188,Wife
30834,Husband
30834,Other-relative
30834,Own-child
30834,Wife
23579,Not-in-family
23579,Unmarried
34852,Husband
34852,Other-relative
34852,Own-child
34852,Wife
16184,Husband
16184,Not-in-family
16184,Other-relative
16184,Own-child
16184,Unmarried
16184,Wife
26994,Husband
26994,Other-relative
26994,Own-child
26994,Wife
28656,Husband
28656,Other-relative
28656,Own-child
28656,Wife
3782,Husband
3782,Not-in-family
3782,Other-relative
3782,Own-child
3782,Unmarried
3782,Wife
40462,Husband
40462,Other-relative
40462,Own-child
40462,Wife
38640,Husband
38640,Not-in-family
38640,Other-relative
38640,Own-child
38640,Unmarried
38640,Wife
30747,Not-in-family
30747,Unmarried
7660,Husband
7660,Not-in-family
7660,Other-relative
7660,Own-child
7660,Unmarried
7660,Wife
31511,Husband
31511,Other-relative
31511,Own-child
31511,Wife
29448,Husband
29448,Not-in-family
29448,Other-relative
29448,Own-child
29448,Unmarried
29448,Wife
4294,Not-in-family
4294,Unmarried
38178,Husband
38178,Not-in-family
38178,Other-relative
38178,Own-child
38178,Unmarried
38178,Wife
13357,Husband
13357,Not-in-family
13357,Other-relative
13357,Own-child
13357,Unmarried
13357,Wife
32563,Husband
32563,Other-relative
32563,Own-child
32563,Wife
43614,Husband
43614,Not-in-family
43614,Other-relative
43614,Own-child
43614,Unmarried
43614,Wife
12183,Husband
12183,Other-relative
12183,Own-child
12183,Wife
5222,Husband
5222,Not-in-family
5222,Other-relative
5222,Own-child
5222,Unmarried
5222,Wife
35859,Husband
35859,Other-relative
35859,Own-child
35859,Wife
45235,Husband
45235,Not-in-family
45235,Other-relative
45235,Own-child
45235,Unmarried
45235,Wife
4181,Not-in-family
4181,Unmarried
36061,Husband
36061,Not-in-family
36061,Other-relative
36061,Own-child
36061,Unmarried
36061,Wife
5033,Husband
5033,Other-relative
5033,Own-child
5033,Wife
44896,Husband
44896,Not-in-family
44896,Other-relative
44896,Own-child
44896,Unmarried
44896,Wife
14290,Husband
14290,Other-relative
14290,Own-child
14290,Wife
34748,Husband
34748,Not-in-family
34748,Other-relative
34748,Own-child
34748,Unmarried
34748,Wife
15098,Husband
15098,Not-in-family
15098,Other-relative
15098,Own-child
15098,Unmarried
15098,Wife
4187,Not-in-family
4187,Unmarried
31590,Husband
31590,Not-in-family
31590,Other-relative
31590,Own-child
31590,Unmarried
31590,Wife
30333,Husband
30333,Not-in-family
30333,Other-relative
30333,Own-child
30333,Unmarried
30333,Wife
13380,Husband
13380,Not-in-family
13380,Other-relative
13380,Own-child
13380,Unmarried
13380,Wife
8679,Husband
8679,Not-in-family
8679,Other-relative
8679,Own-child
8679,Unmarried
8679,Wife
3209,Husband
3209,Not-in-family
3209,Other-relative
3209,Own-child
3209,Unmarried
3209,Wife
23972,Not-in-family
23972,Unmarried
35841,Husband
35841,Not-in-family
35841,Other-relative
35841,Own-child
35841,Unmarried
35841,Wife
48580,Husband
48580,Other-relative
48580,Own-child
48580,Wife
45232,Husband
45232,Not-in-family
45232,Other-relative
45232,Own-child
45232,Unmarried
45232,Wife
19265,Husband
19265,Not-in-family
19265,Other-relative
19265,Own-child
19265,Unmarried
19265,Wife
3069,Not-in-family
3069,Unmarried
22199,Husband
22199,Not-in-family
22199,Other-relative
22199,Own-child
22199,Unmarried
22199,Wife
48568,Husband
48568,Other-relative
48568,Own-child
48568,Wife
12304,Husband
12304,Other-relative
12304,Own-child
12304,Wife
21860,Husband
21860,Other-relative
21860,Own-child
21860,Wife
46524,Husband
46524,Not-in-family
46524,Other-relative
46524,Own-child
46524,Unmarried
46524,Wife
7131,Husband
7131,Not-in-family
7131,Other-relative
7131,Own-child
7131,Unmarried
7131,Wife
32589,Husband
32589,Other-relative
32589,Own-child
32589,Wife
3632,Husband
3632,Not-in-family
3632,Other-relative
3632,Own-child
3632,Unmarried
3632,Wife
26245,Husband
26245,Not-in-family
26245,Other-relative
26245,Own-child
26245,Unmarried
26245,Wife
24482,Husband
24482,Other-relative
24482,Own-child
24482,Wife
10267,Husband
10267,Other-relative
10267,Own-child
10267,Wife
21718,Husband
21718,Not-in-family
21718,Other-relative
21718,Own-child
21718,Unmarried
21718,Wife
1901,Not-in-family
1901,Unmarried
19606,Not-in-family
19606,Unmarried
4910,Husband
4910,Not-in-family
4910,Other-relative
4910,Own-child
4910,Unmarried
4910,Wife
18806,Husband
18806,Not-in-family
18806,Other-relative
18806,Own-child
18806,Unmarried
18806,Wife
22025,Husband
22025,Not-in-family
22025,Other-relative
22025,Own-child
22025,Unmarried
22025,Wife
25556,Not-in-family
25556,Unmarried
1139,Husband
1139,Not-in-family
1139,Other-relative
1139,Own-child
1139,Unmarried
1139,Wife
11539,Husband
11539,Not-in-family
11539,Other-relative
11539,Own-child
11539,Unmarried
11539,Wife
37343,Husband
37343,Other-relative
37343,Own-child
37343,Wife
18305,Husband
18305,Not-in-family
18305,Other-relative
18305,Own-child
18305,Unmarried
18305,Wife
13354,Husband
13354,Other-relative
13354,Own-child
13354,Wife
28758,Not-in-family
28758,Unmarried
41660,Husband
41660,Other-relative
41660,Own-child
41660,Wife
19173,Husband
19173,Other-relative
19173,Own-child
19173,Wife
11127,Not-in-family
11127,Unmarried
41586,Husband
41586,Not-in-family
41586,Other-relative
41586,Own-child
41586,Unmarried
41586,Wife
40513,Husband
40513,Other-relative
40513,Own-child
40513,Wife
26915,Husband
26915,Not-in-family
26915,Other-relative
26915,Own-child
26915,Unmarried
26915,Wife
45371,Husband
45371,Not-in-family
45371,Other-relative
45371,Own-child
45371,Unmarried
45371,Wife
30417,Not-in-family
30417,Unmarried
8497,Husband
8497,Not-in-family
8497,Other-relative
8497,Own-child
8497,Unmarried
8497,Wife
18346,Not-in-family
18346,Unmarried
16263,Husband
16263,Not-in-family
16263,Other-relative
16263,Own-child
16263,Unmarried
16263,Wife
11992,Not-in-family
11992,Unmarried
26560,Husband
26560,Not-in-family
26560,Other-relative
26560,Own-child
26560,Unmarried
26560,Wife
2801,Husband
2801,Not-in-family
2801,Other-relative
2801,Own-child
2801,Unmarried
2801,Wife
13013,Not-in-family
13013,Unmarried
4060,Husband
4060,Other-relative
4060,Own-child
4060,Wife
28997,Husband
28997,Other-relative
28997,Own-child
28997,Wife
20033,Husband
20033,Not-in-family
20033,Other-relative
20033,Own-child
20033,Unmarried
20033,Wife
34623,Husband
34623,Other-relative
34623,Own-child
34623,Wife
18261,Husband
18261,Not-in-family
18261,Other-relative
18261,Own-child
18261,Unmarried
18261,Wife
32033,Husband
32033,Not-in-family
32033,Other-relative
32033,Own-child
32033,Unmarried
32033,Wife
31257,Husband
31257,Not-in-family
31257,Other-relative
31257,Own-child
31257,Unmarried
31257,Wife
104,Husband
104,Not-in-family
104,Other-relative
104,Own-child
104,Unmarried
104,Wife
40165,Husband
40165,Not-in-family
40165,Other-relative
40165,Own-child
40165,Unmarried
40165,Wife
3883,Husband
3883,Not-in-family
3883,Other-relative
3883,Own-child
3883,Unmarried
3883,Wife
3467,Husband
3467,Other-relative
3467,Own-child
3467,Wife
8922,Not-in-family
8922,Unmarried
47582,Husband
47582,Other-relative
47582,Own-child
47582,Wife
25224,Not-in-family
25224,Unmarried
36207,Not-in-family
36207,Unmarried
12834,Husband
12834,Not-in-family
12834,Other-relative
12834,Own-child
12834,Unmarried
12834,Wife
20808,Husband
20808,Not-in-family
20808,Other-relative
20808,Own-child
20808,Unmarried
20808,Wife
12925,Not-in-family
12925,Unmarried
44460,Husband
44460,Not-in-family
44460,Other-relative
44460,Own-child
44460,Unmarried
44460,Wife
39816,Husband
39816,Other-relative
39816,Own-child
39816,Wife
8943,Husband
8943,Not-in-family
8943,Other-relative
8943,Own-child
8943,Unmarried
8943,Wife
13880,Husband
13880,Not-in-family
13880,Other-relative
13880,Own-child
13880,Unmarried
13880,Wife
47149,Husband
47149,Other-relative
47149,Own-child
47149,Wife
12941,Husband
12941,Other-relative
12941,Own-child
12941,Wife
34601,Husband
34601,Other-relative
34601,Own-child
34601,Wife
30256,Not-in-family
30256,Unmarried
39021,Husband
39021,Not-in-family
39021,Other-relative
39021,Own-child
39021,Unmarried
39021,Wife
5740,Husband
5740,Other-relative
5740,Own-child
5740,Wife
32027,Husband
32027,Not-in-family
32027,Other-relative
32027,Own-child
32027,Unmarried
32027,Wife
33919,Husband
33919,Not-in-family
33919,Other-relative
33919,Own-child
33919,Unmarried
33919,Wife
19483,Husband
19483,Not-in-family
19483,Other-relative
19483,Own-child
19483,Unmarried
19483,Wife
29198,Husband
29198,Not-in-family
29198,Other-relative
29198,Own-child
29198,Unmarried
29198,Wife
34184,Husband
34184,Not-in-family
34184,Other-relative
34184,Own-child
34184,Unmarried
34184,Wife
43142,Husband
43142,Not-in-family
43142,Other-relative
43142,Own-child
43142,Unmarried
43142,Wife
17792,Husband
17792,Not-in-family
17792,Other-relative
17792,Own-child
17792,Unmarried
17792,Wife
34466,Not-in-family
34466,Unmarried
46180,Husband
46180,Other-relative
46180,Own-child
46180,Wife
43438,Husband
43438,Not-in-family
43438,Other-relative
43438,Own-child
43438,Unmarried
43438,Wife
32052,Husband
32052,Other-relative
32052,Own-child
32052,Wife
35327,Husband
35327,Not-in-family
35327,Other-relative
35327,Own-child
35327,Unmarried
35327,Wife
14309,Husband
14309,Not-in-family
14309,Other-relative
14309,Own-child
14309,Unmarried
14309,Wife
48385,Husband
48385,Other-relative
48385,Own-child
48385,Wife
31338,Husband
31338,Not-in-family
31338,Other-relative
31338,Own-child
31338,Unmarried
31338,Wife
43917,Husband
43917,Not-in-family
43917,Other-relative
43917,Own-child
43917,Unmarried
43917,Wife
17922,Husband
17922,Other-relative
17922,Own-child
17922,Wife
21059,Not-in-family
21059,Unmarried
3695,Husband
3695,Not-in-family
3695,Other-relative
3695,Own-child
3695,Unmarried
3695,Wife
1921,Husband
1921,Not-in-family
1921,Other-relative
1921,Own-child
1921,Unmarried
1921,Wife
38331,Husband
38331,Not-in-family
38331,Other-relative
38331,Own-child
38331,Unmarried
38331,Wife
17203,Not-in-family
17203,Unmarried
36833,Husband
36833,Not-in-family
36833,Other-relative
36833,Own-child
36833,Unmarried
36833,Wife
2339,Husband
2339,Other-relative
2339,Own-child
2339,Wife
48728,Not-in-family
48728,Unmarried
38586,Husband
38586,Not-in-family
38586,Other-relative
38586,Own-child
38586,Unmarried
38586,Wife
5333,Husband
5333,Other-relative
5333,Own-child
5333,Wife
6504,Husband
6504,Not-in-family
6504,Other-relative
6504,Own-child
6504,Unmarried
6504,Wife
28436,Husband
28436,Not-in-family
28436,Other-relative
28436,Own-child
28436,Unmarried
28436,Wife
5757,Husband
5757,Other-relative
5757,Own-child
5757,Wife
43044,Husband
43044,Not-in-family
43044,Other-relative
43044,Own-child
43044,Unmarried
43044,Wife
22309,Husband
22309,Not-in-family
22309,Other-relative
22309,Own-child
22309,Unmarried
22309,Wife
34280,Husband
34280,Other-relative
34280,Own-child
34280,Wife
44093,Husband
44093,Not-in-family
44093,Other-relative
44093,Own-child
44093,Unmarried
44093,Wife
41583,Husband
41583,Not-in-family
41583,Other-relative
41583,Own-child
41583,Unmarried
41583,Wife
8202,Husband
8202,Other-relative
8202,Own-child
8202,Wife
37443,Husband
37443,Other-relative
37443,Own-child
37443,Wife
36157,Husband
36157,Not-in-family
36157,Other-relative
36157,Own-child
36157,Unmarried
36157,Wife
37315,Not-in-family
37315,Unmarried
35224,Husband
35224,Not-in-family
35224,Other-relative
35224,Own-child
35224,Unmarried
35224,Wife
39275,Husband
39275,Not-in-family
39275,Other-relative
39275,Own-child
39275,Unmarried
39275,Wife
8126,Not-in-family
8126,Unmarried
700,Not-in-family
700,Unmarried
43200,Husband
43200,Other-relative
43200,Own-child
43200,Wife
4937,Husband
4937,Not-in-family
4937,Other-relative
4937,Own-child
4937,Unmarried
4937,Wife
22011,Husband
22011,Other-relative
22011,Own-child
22011,Wife
24718,Not-in-family
24718,Unmarried
3345,Husband
3345,Not-in-family
3345,Other-relative
3345,Own-child
3345,Unmarried
3345,Wife
22575,Not-in-family
22575,Unmarried
43105,Husband
43105,Not-in-family
43105,Other-relative
43105,Own-child
43105,Unmarried
43105,Wife
11435,Husband
11435,Not-in-family
11435,Other-relative
11435,Own-child
11435,Unmarried
11435,Wife
18718,Husband
18718,Other-relative
18718,Own-child
18718,Wife
2624,Husband
2624,Not-in-family
2624,Other-relative
2624,Own-child
2624,Unmarried
2624,Wife
14758,Not-in-family
14758,Unmarried
21489,Husband
21489,Other-relative
21489,Own-child
21489,Wife
47303,Husband
47303,Other-relative
47303,Own-child
47303,Wife
32668,Husband
32668,Not-in-family
32668,Other-relative
32668,Own-child
32668,Unmarried
32668,Wife
30518,Husband
30518,Not-in-family
30518,Other-relative
30518,Own-child
30518,Unmarried
30518,Wife
23950,Husband
23950,Not-in-family
23950,Other-relative
23950,Own-child
23950,Unmarried
23950,Wife
23508,Not-in-family
23508,Unmarried
38557,Husband
38557,Not-in-family
38557,Other-relative
38557,Own-child
38557,Unmarried
38557,Wife
46262,Husband
46262,Not-in-family
46262,Other-relative
46262,Own-child
46262,Unmarried
46262,Wife
16611,Husband
16611,Other-relative
16611,Own-child
16611,Wife
11363,Husband
11363,Not-in-family
11363,Other-relative
11363,Own-child
11363,Unmarried
11363,Wife
21273,Husband
21273,Not-in-family
21273,Other-relative
21273,Own-child
21273,Unmarried
21273,Wife
10020,Not-in-family
10020,Unmarried
15355,Husband
15355,Not-in-family
15355,Other-relative
15355,Own-child
15355,Unmarried
15355,Wife
43775,Husband
43775,Other-relative
43775,Own-child
43775,Wife
18624,Husband
18624,Other-relative
18624,Own-child
18624,Wife
10023,Not-in-family
10023,Unmarried
1643,Husband
1643,Other-relative
1643,Own-child
1643,Wife
26190,Husband
26190,Other-relative
26190,Own-child
26190,Wife
38668,Husband
38668,Not-in-family
38668,Other-relative
38668,Own-child
38668,Unmarried
38668,Wife
9343,Husband
9343,Other-relative
9343,Own-child
9343,Wife
19608,Not-in-family
19608,Unmarried
2769,Husband
2769,Not-in-family
2769,Other-relative
2769,Own-child
2769,Unmarried
2769,Wife
30212,Not-in-family
30212,Unmarried
23910,Not-in-family
23910,Unmarried
134,Not-in-family
134,Unmarried
25176,Husband
25176,Not-in-family
25176,Other-relative
25176,Own-child
25176,Unmarried
25176,Wife
38225,Husband
38225,Not-in-family
38225,Other-relative
38225,Own-child
38225,Unmarried
38225,Wife
35618,Husband
35618,Not-in-family
35618,Other-relative
35618,Own-child
35618,Unmarried
35618,Wife
5657,Husband
5657,Other-relative
5657,Own-child
5657,Wife
26001,Husband
26001,Not-in-family
26001,Other-relative
26001,Own-child
26001,Unmarried
26001,Wife
5847,Husband
5847,Other-relative
5847,Own-child
5847,Wife
31804,Husband
31804,Not-in-family
31804,Other-relative
31804,Own-child
31804,Unmarried
31804,Wife
14665,Husband
14665,Not-in-family
14665,Other-relative
14665,Own-child
14665,Unmarried
14665,Wife
30797,Husband
30797,Not-in-family
30797,Other-relative
30797,Own-child
30797,Unmarried
30797,Wife
34660,Husband
34660,Other-relative
34660,Own-child
34660,Wife
10879,Not-in-family
10879,Unmarried
15019,Husband
15019,Not-in-family
15019,Other-relative
15019,Own-child
15019,Unmarried
15019,Wife
24283,Husband
24283,Other-relative
24283,Own-child
24283,Wife
2417,Husband
2417,Other-relative
2417,Own-child
2417,Wife
48408,Husband
48408,Not-in-family
48408,Other-relative
48408,Own-child
48408,Unmarried
48408,Wife
36523,Husband
36523,Not-in-family
36523,Other-relative
36523,Own-child
36523,Unmarried
36523,Wife
47869,Husband
47869,Not-in-family
47869,Other-relative
47869,Own-child
47869,Unmarried
47869,Wife
6473,Husband
6473,Other-relative
6473,Own-child
6473,Wife
16160,Not-in-family
16160,Unmarried
10961,Not-in-family
10961,Unmarried
34148,Husband
34148,Not-in-family
34148,Other-relative
34148,Own-child
34148,Unmarried
34148,Wife
23883,Husband
23883,Not-in-family
23883,Other-relative
23883,Own-child
23883,Unmarried
23883,Wife
29041,Husband
29041,Other-relative
29041,Own-child
29041,Wife
17989,Husband
17989,Not-in-family
17989,Other-relative
17989,Own-child
17989,Unmarried
17989,Wife
16547,Husband
16547,Not-in-family
16547,Other-relative
16547,Own-child
16547,Unmarried
16547,Wife
14773,Husband
14773,Not-in-family
14773,Other-relative
14773,Own-child
14773,Unmarried
14773,Wife
23286,Husband
23286,Other-relative
23286,Own-child
23286,Wife
32997,Husband
32997,Not-in-family
32997,Other-relative
32997,Own-child
32997,Unmarried
32997,Wife
37287,Not-in-family
37287,Unmarried
724,Husband
724,Not-in-family
724,Other-relative
724,Own-child
724,Unmarried
724,Wife
11146,Husband
11146,Not-in-family
11146,Other-relative
11146,Own-child
11146,Unmarried
11146,Wife
44692,Husband
44692,Other-relative
44692,Own-child
44692,Wife
20201,Not-in-family
20201,Unmarried
26066,Not-in-family
26066,Unmarried
25696,Not-in-family
25696,Unmarried
26756,Husband
26756,Other-relative
26756,Own-child
26756,Wife
30089,Husband
30089,Other-relative
30089,Own-child
30089,Wife
38087,Husband
38087,Other-relative
38087,Own-child
38087,Wife
35743,Husband
35743,Not-in-family
35743,Other-relative
35743,Own-child
35743,Unmarried
35743,Wife
86,Husband
86,Not-in-family
86,Other-relative
86,Own-child
86,Unmarried
86,Wife
8496,Husband
8496,Other-relative
8496,Own-child
8496,Wife
4657,Husband
4657,Other-relative
4657,Own-child
4657,Wife
38915,Husband
38915,Not-in-family
38915,Other-relative
38915,Own-child
38915,Unmarried
38915,Wife
23786,Husband
23786,Not-in-family
23786,Other-relative
23786,Own-child
23786,Unmarried
23786,Wife
4259,Not-in-family
4259,Unmarried
46213,Husband
46213,Not-in-family
46213,Other-relative
46213,Own-child
46213,Unmarried
46213,Wife
1527,Husband
1527,Not-in-family
1527,Other-relative
1527,Own-child
1527,Unmarried
1527,Wife
47617,Husband
47617,Not-in-family
47617,Other-relative
47617,Own-child
47617,Unmarried
47617,Wife
24433,Husband
24433,Other-relative
24433,Own-child
24433,Wife
1206,Husband
1206,Not-in-family
1206,Other-relative
1206,Own-child
1206,Unmarried
1206,Wife
21473,Not-in-family
21473,Unmarried
26125,Husband
26125,Not-in-family
26125,Other-relative
26125,Own-child
26125,Unmarried
26125,Wife
18499,Husband
18499,Other-relative
18499,Own-child
18499,Wife
12558,Husband
12558,Other-relative
12558,Own-child
12558,Wife
20751,Husband
20751,Other-relative
20751,Own-child
20751,Wife
32979,Husband
32979,Not-in-family
32979,Other-relative
32979,Own-child
32979,Unmarried
32979,Wife
46989,Not-in-family
46989,Unmarried
7489,Husband
7489,Other-relative
7489,Own-child
7489,Wife
22427,Husband
22427,Other-relative
22427,Own-child
22427,Wife
37083,Husband
37083,Not-in-family
37083,Other-relative
37083,Own-child
37083,Unmarried
37083,Wife
11597,Husband
11597,Not-in-family
11597,Other-relative
11597,Own-child
11597,Unmarried
11597,Wife
23552,Husband
23552,Other-relative
23552,Own-child
23552,Wife
41049,Husband
41049,Other-relative
41049,Own-child
41049,Wife
13739,Husband
13739,Not-in-family
13739,Other-relative
13739,Own-child
13739,Unmarried
13739,Wife
25964,Husband
25964,Not-in-family
25964,Other-relative
25964,Own-child
25964,Unmarried
25964,Wife
37600,Not-in-family
37600,Unmarried
5043,Not-in-family
5043,Unmarried
18171,Husband
18171,Not-in-family
18171,Other-relative
18171,Own-child
18171,Unmarried
18171,Wife
14022,Husband
14022,Not-in-family
14022,Other-relative
14022,Own-child
14022,Unmarried
14022,Wife
10843,Husband
10843,Other-relative
10843,Own-child
10843,Wife
28088,Husband
28088,Other-relative
28088,Own-child
28088,Wife
42518,Husband
42518,Not-in-family
42518,Other-relative
42518,Own-child
42518,Unmarried
42518,Wife
20794,Husband
20794,Other-relative
20794,Own-child
20794,Wife
3171,Husband
3171,Other-relative
3171,Own-child
3171,Wife
15318,Husband
15318,Other-relative
15318,Own-child
15318,Wife
41211,Husband
41211,Other-relative
41211,Own-child
41211,Wife
1352,Husband
1352,Other-relative
1352,Own-child
1352,Wife
2613,Husband
2613,Other-relative
2613,Own-child
2613,Wife
15,Husband
15,Not-in-family
15,Other-relative
15,Own-child
15,Unmarried
15,Wife
43066,Husband
43066,Other-relative
43066,Own-child
43066,Wife
23569,Husband
23569,Not-in-family
23569,Other-relative
23569,Own-child
23569,Unmarried
23569,Wife
46558,Not-in-family
46558,Unmarried
1363,Not-in-family
1363,Unmarried
34420,Husband
34420,Other-relative
34420,Own-child
34420,Wife
30471,Husband
30471,Not-in-family
30471,Other-relative
30471,Own-child
30471,Unmarried
30471,Wife
36726,Not-in-family
36726,Unmarried
44717,Husband
44717,Not-in-family
44717,Other-relative
44717,Own-child
44717,Unmarried
44717,Wife
10612,Not-in-family
10612,Unmarried
41738,Husband
41738,Not-in-family
41738,Other-relative
41738,Own-child
41738,Unmarried
41738,Wife
45076,Husband
45076,Other-relative
45076,Own-child
45076,Wife
15600,Husband
15600,Not-in-family
15600,Other-relative
15600,Own-child
15600,Unmarried
15600,Wife
7277,Husband
7277,Other-relative
7277,Own-child
7277,Wife
31105,Husband
31105,Other-relative
31105,Own-child
31105,Wife
11349,Husband
11349,Other-relative
11349,Own-child
11349,Wife
31578,Husband
31578,Other-relative
31578,Own-child
31578,Wife
5796,Husband
5796,Other-relative
5796,Own-child
5796,Wife
28968,Husband
28968,Not-in-family
28968,Other-relative
28968,Own-child
28968,Unmarried
28968,Wife
40524,Husband
40524,Other-relative
40524,Own-child
40524,Wife
47874,Husband
47874,Not-in-family
47874,Other-relative
47874,Own-child
47874,Unmarried
47874,Wife
22240,Husband
22240,Other-relative
22240,Own-child
22240,Wife
40423,Husband
40423,Not-in-family
40423,Other-relative
40423,Own-child
40423,Unmarried
40423,Wife
1515,Not-in-family
1515,Unmarried
8142,Husband
8142,Not-in-family
8142,Other-relative
8142,Own-child
8142,Unmarried
8142,Wife
43622,Not-in-family
43622,Unmarried
41225,Husband
41225,Not-in-family
41225,Other-relative
41225,Own-child
41225,Unmarried
41225,Wife
70,Husband
70,Not-in-family
70,Other-relative
70,Own-child
70,Unmarried
70,Wife
31773,Husband
31773,Not-in-family
31773,Other-relative
31773,Own-child
31773,Unmarried
31773,Wife
40840,Husband
40840,Other-relative
40840,Own-child
40840,Wife
10802,Husband
10802,Not-in-family
10802,Other-relative
10802,Own-child
10802,Unmarried
10802,Wife
32678,Husband
32678,Not-in-family
32678,Other-relative
32678,Own-child
32678,Unmarried
32678,Wife
48072,Husband
48072,Not-in-family
48072,Other-relative
48072,Own-child
48072,Unmarried
48072,Wife
24824,Husband
24824,Not-in-family
24824,Other-relative
24824,Own-child
24824,Unmarried
24824,Wife
543,Husband
543,Not-in-family
543,Other-relative
543,Own-child
543,Unmarried
543,Wife
13780,Husband
13780,Not-in-family
13780,Other-relative
13780,Own-child
13780,Unmarried
13780,Wife
13667,Husband
13667,Not-in-family
13667,Other-relative
13667,Own-child
13667,Unmarried
13667,Wife
19822,Husband
19822,Not-in-family
19822,Other-relative
19822,Own-child
19822,Unmarried
19822,Wife
41524,Husband
41524,Other-relative
41524,Own-child
41524,Wife
36579,Husband
36579,Not-in-family
36579,Other-relative
36579,Own-child
36579,Unmarried
36579,Wife
29641,Husband
29641,Not-in-family
29641,Other-relative
29641,Own-child
29641,Unmarried
29641,Wife
13429,Husband
13429,Other-relative
13429,Own-child
13429,Wife
5926,Not-in-family
5926,Unmarried
32265,Husband
32265,Not-in-family
32265,Other-relative
32265,Own-child
32265,Unmarried
32265,Wife
1534,Husband
1534,Not-in-family
1534,Other-relative
1534,Own-child
1534,Unmarried
1534,Wife
23477,Husband
23477,Not-in-family
23477,Other-relative
23477,Own-child
23477,Unmarried
23477,Wife
38231,Husband
38231,Other-relative
38231,Own-child
38231,Wife
38838,Not-in-family
38838,Unmarried
15636,Husband
15636,Not-in-family
15636,Other-relative
15636,Own-child
15636,Unmarried
15636,Wife
46957,Husband
46957,Not-in-family
46957,Other-relative
46957,Own-child
46957,Unmarried
46957,Wife
46451,Husband
46451,Other-relative
46451,Own-child
46451,Wife
3575,Husband
3575,Not-in-family
3575,Other-relative
3575,Own-child
3575,Unmarried
3575,Wife
18526,Not-in-family
18526,Unmarried
16296,Husband
16296,Other-relative
16296,Own-child
16296,Wife
6893,Not-in-family
6893,Unmarried
8919,Husband
8919,Not-in-family
8919,Other-relative
8919,Own-child
8919,Unmarried
8919,Wife
27659,Husband
27659,Not-in-family
27659,Other-relative
27659,Own-child
27659,Unmarried
27659,Wife
14975,Husband
14975,Not-in-family
14975,Other-relative
14975,Own-child
14975,Unmarried
14975,Wife
35127,Husband
35127,Not-in-family
35127,Other-relative
35127,Own-child
35127,Unmarried
35127,Wife
758,Husband
758,Not-in-family
758,Other-relative
758,Own-child
758,Unmarried
758,Wife
27839,Husband
27839,Not-in-family
27839,Other-relative
27839,Own-child
27839,Unmarried
27839,Wife
42533,Husband
42533,Other-relative
42533,Own-child
42533,Wife
17172,Husband
17172,Other-relative
17172,Own-child
17172,Wife
30044,Husband
30044,Not-in-family
30044,Other-relative
30044,Own-child
30044,Unmarried
30044,Wife
29824,Husband
29824,Other-relative
29824,Own-child
29824,Wife
17977,Husband
17977,Other-relative
17977,Own-child
17977,Wife
22648,Husband
22648,Not-in-family
22648,Other-relative
22648,Own-child
22648,Unmarried
22648,Wife
12641,Husband
12641,Other-relative
12641,Own-child
12641,Wife
36702,Husband
36702,Not-in-family
36702,Other-relative
36702,Own-child
36702,Unmarried
36702,Wife
14409,Husband
14409,Not-in-family
14409,Other-relative
14409,Own-child
14409,Unmarried
14409,Wife
23047,Husband
23047,Not-in-family
23047,Other-relative
23047,Own-child
23047,Unmarried
23047,Wife
4286,Husband
4286,Not-in-family
4286,Other-relative
4286,Own-child
4286,Unmarried
4286,Wife
6840,Not-in-family
6840,Unmarried
45146,Husband
45146,Not-in-family
45146,Other-relative
45146,Own-child
45146,Unmarried
45146,Wife
1692,Husband
1692,Not-in-family
1692,Other-relative
1692,Own-child
1692,Unmarried
1692,Wife
19796,Husband
19796,Other-relative
19796,Own-child
19796,Wife
2197,Husband
2197,Not-in-family
2197,Other-relative
2197,Own-child
2197,Unmarried
2197,Wife
31917,Husband
31917,Not-in-family
31917,Other-relative
31917,Own-child
31917,Unmarried
31917,Wife
28791,Not-in-family
28791,Unmarried
1916,Husband
1916,Other-relative
1916,Own-child
1916,Wife
24317,Husband
24317,Other-relative
24317,Own-child
24317,Wife
31685,Husband
31685,Not-in-family
31685,Other-relative
31685,Own-child
31685,Unmarried
31685,Wife
39332,Husband
39332,Not-in-family
39332,Other-relative
39332,Own-child
39332,Unmarried
39332,Wife
1173,Not-in-family
1173,Unmarried
19377,Not-in-family
19377,Unmarried
14697,Husband
14697,Not-in-family
14697,Other-relative
14697,Own-child
14697,Unmarried
14697,Wife
46567,Husband
46567,Other-relative
46567,Own-child
46567,Wife
27438,Husband
27438,Not-in-family
27438,Other-relative
27438,Own-child
27438,Unmarried
27438,Wife
41001,Husband
41001,Not-in-family
41001,Other-relative
41001,Own-child
41001,Unmarried
41001,Wife
23697,Not-in-family
23697,Unmarried
10707,Husband
10707,Not-in-family
10707,Other-relative
10707,Own-child
10707,Unmarried
10707,Wife
1543,Husband
1543,Not-in-family
1543,Other-relative
1543,Own-child
1543,Unmarried
1543,Wife
4681,Husband
4681,Not-in-family
4681,Other-relative
4681,Own-child
4681,Unmarried
4681,Wife
45449,Not-in-family
45449,Unmarried
38605,Husband
38605,Not-in-family
38605,Other-relative
38605,Own-child
38605,Unmarried
38605,Wife
19622,Husband
19622,Not-in-family
19622,Other-relative
19622,Own-child
19622,Unmarried
19622,Wife
23149,Husband
23149,Other-relative
23149,Own-child
23149,Wife
47650,Husband
47650,Not-in-family
47650,Other-relative
47650,Own-child
47650,Unmarried
47650,Wife
604,Not-in-family
604,Unmarried
39295,Husband
39295,Other-relative
39295,Own-child
39295,Wife
300,Husband
300,Other-relative
300,Own-child
300,Wife
22999,Not-in-family
22999,Unmarried
2125,Husband
2125,Not-in-family
2125,Other-relative
2125,Own-child
2125,Unmarried
2125,Wife
40415,Husband
40415,Not-in-family
40415,Other-relative
40415,Own-child
40415,Unmarried
40415,Wife
7090,Husband
7090,Not-in-family
7090,Other-relative
7090,Own-child
7090,Unmarried
7090,Wife
8483,Husband
8483,Not-in-family
8483,Other-relative
8483,Own-child
8483,Unmarried
8483,Wife
35356,Husband
35356,Other-relative
35356,Own-child
35356,Wife
12396,Husband
12396,Not-in-family
12396,Other-relative
12396,Own-child
12396,Unmarried
12396,Wife
37010,Husband
37010,Other-relative
37010,Own-child
37010,Wife
34380,Husband
34380,Not-in-family
34380,Other-relative
34380,Own-child
34380,Unmarried
34380,Wife
48469,Husband
48469,Other-relative
48469,Own-child
48469,Wife
12014,Not-in-family
12014,Unmarried
14455,Husband
14455,Not-in-family
14455,Other-relative
14455,Own-child
14455,Unmarried
14455,Wife
37106,Husband
37106,Not-in-family
37106,Other-relative
37106,Own-child
37106,Unmarried
37106,Wife
46460,Husband
46460,Other-relative
46460,Own-child
46460,Wife
31261,Not-in-family
31261,Unmarried
58,Husband
58,Not-in-family
58,Other-relative
58,Own-child
58,Unmarried
58,Wife
27763,Husband
27763,Not-in-family
27763,Other-relative
27763,Own-child
27763,Unmarried
27763,Wife
44864,Husband
44864,Not-in-family
44864,Other-relative
44864,Own-child
44864,Unmarried
44864,Wife
9426,Husband
9426,Other-relative
9426,Own-child
9426,Wife
23472,Not-in-family
23472,Unmarried
43685,Husband
43685,Other-relative
43685,Own-child
43685,Wife
17548,Husband
17548,Other-relative
17548,Own-child
17548,Wife
22294,Husband
22294,Not-in-family
22294,Other-relative
22294,Own-child
22294,Unmarried
22294,Wife
34496,Not-in-family
34496,Unmarried
23255,Husband
23255,Other-relative
23255,Own-child
23255,Wife
37944,Husband
37944,Other-relative
37944,Own-child
37944,Wife
29978,Husband
29978,Not-in-family
29978,Other-relative
29978,Own-child
29978,Unmarried
29978,Wife
5672,Husband
5672,Not-in-family
5672,Other-relative
5672,Own-child
5672,Unmarried
5672,Wife
14448,Husband
14448,Not-in-family
14448,Other-relative
14448,Own-child
14448,Unmarried
14448,Wife
3849,Husband
3849,Not-in-family
3849,Other-relative
3849,Own-child
3849,Unmarried
3849,Wife
15515,Husband
15515,Not-in-family
15515,Other-relative
15515,Own-child
15515,Unmarried
15515,Wife
13230,Husband
13230,Other-relative
13230,Own-child
13230,Wife
44713,Husband
44713,Not-in-family
44713,Other-relative
44713,Own-child
44713,Unmarried
44713,Wife
37542,Husband
37542,Not-in-family
37542,Other-relative
37542,Own-child
37542,Unmarried
37542,Wife
24244,Husband
24244,Not-in-family
24244,Other-relative
24244,Own-child
24244,Unmarried
24244,Wife
43943,Husband
43943,Not-in-family
43943,Other-relative
43943,Own-child
43943,Unmarried
43943,Wife
25486,Husband
25486,Not-in-family
25486,Other-relative
25486,Own-child
25486,Unmarried
25486,Wife
34711,Husband
34711,Other-relative
34711,Own-child
34711,Wife
25073,Not-in-family
25073,Unmarried
42129,Husband
42129,Other-relative
42129,Own-child
42129,Wife
12945,Husband
12945,Other-relative
12945,Own-child
12945,Wife
42246,Not-in-family
42246,Unmarried
3346,Not-in-family
3346,Unmarried
2279,Husband
2279,Not-in-family
2279,Other-relative
2279,Own-child
2279,Unmarried
2279,Wife
19445,Husband
19445,Other-relative
19445,Own-child
19445,Wife
43393,Husband
43393,Not-in-family
43393,Other-relative
43393,Own-child
43393,Unmarried
43393,Wife
17748,Not-in-family
17748,Unmarried
33654,Husband
33654,Other-relative
33654,Own-child
33654,Wife
40818,Husband
40818,Other-relative
40818,Own-child
40818,Wife
23991,Not-in-family
23991,Unmarried
1220,Husband
1220,Other-relative
1220,Own-child
1220,Wife
33203,Husband
33203,Other-relative
33203,Own-child
33203,Wife
10938,Not-in-family
10938,Unmarried
43951,Husband
43951,Not-in-family
43951,Other-relative
43951,Own-child
43951,Unmarried
43951,Wife
45541,Not-in-family
45541,Unmarried
45056,Husband
45056,Other-relative
45056,Own-child
45056,Wife
26673,Husband
26673,Other-relative
26673,Own-child
26673,Wife
48712,Not-in-family
48712,Unmarried
1670,Husband
1670,Not-in-family
1670,Other-relative
1670,Own-child
1670,Unmarried
1670,Wife
39720,Husband
39720,Not-in-family
39720,Other-relative
39720,Own-child
39720,Unmarried
39720,Wife
25482,Husband
25482,Not-in-family
25482,Other-relative
25482,Own-child
25482,Unmarried
25482,Wife
27985,Husband
27985,Not-in-family
27985,Other-relative
27985,Own-child
27985,Unmarried
27985,Wife
6048,Husband
6048,Not-in-family
6048,Other-relative
6048,Own-child
6048,Unmarried
6048,Wife
20224,Husband
20224,Other-relative
20224,Own-child
20224,Wife
5645,Husband
5645,Not-in-family
5645,Other-relative
5645,Own-child
5645,Unmarried
5645,Wife
3370,Husband
3370,Not-in-family
3370,Other-relative
3370,Own-child
3370,Unmarried
3370,Wife
11023,Husband
11023,Not-in-family
11023,Other-relative
11023,Own-child
11023,Unmarried
11023,Wife
26353,Husband
26353,Not-in-family
26353,Other-relative
26353,Own-child
26353,Unmarried
26353,Wife
1255,Husband
1255,Not-in-family
1255,Other-relative
1255,Own-child
1255,Unmarried
1255,Wife
10824,Husband
10824,Other-relative
10824,Own-child
10824,Wife
29058,Not-in-family
29058,Unmarried
15317,Husband
15317,Not-in-family
15317,Other-relative
15317,Own-child
15317,Unmarried
15317,Wife
43011,Not-in-family
43011,Unmarried
10979,Husband
10979,Other-relative
10979,Own-child
10979,Wife
37190,Husband
37190,Not-in-family
37190,Other-relative
37190,Own-child
37190,Unmarried
37190,Wife
39279,Husband
39279,Not-in-family
39279,Other-relative
39279,Own-child
39279,Unmarried
39279,Wife
26107,Husband
26107,Other-relative
26107,Own-child
26107,Wife
48353,Husband
48353,Not-in-family
48353,Other-relative
48353,Own-child
48353,Unmarried
48353,Wife
38260,Husband
38260,Other-relative
38260,Own-child
38260,Wife
2811,Husband
2811,Not-in-family
2811,Other-relative
2811,Own-child
2811,Unmarried
2811,Wife
32252,Husband
32252,Not-in-family
32252,Other-relative
32252,Own-child
32252,Unmarried
32252,Wife
14229,Husband
14229,Not-in-family
14229,Other-relative
14229,Own-child
14229,Unmarried
14229,Wife
30490,Not-in-family
30490,Unmarried
19658,Husband
19658,Not-in-family
19658,Other-relative
19658,Own-child
19658,Unmarried
19658,Wife
47550,Husband
47550,Other-relative
47550,Own-child
47550,Wife
655,Husband
655,Not-in-family
655,Other-relative
655,Own-child
655,Unmarried
655,Wife
22549,Not-in-family
22549,Unmarried
37193,Husband
37193,Not-in-family
37193,Other-relative
37193,Own-child
37193,Unmarried
37193,Wife
37843,Not-in-family
37843,Unmarried
44620,Not-in-family
44620,Unmarried
26002,Husband
26002,Not-in-family
26002,Other-relative
26002,Own-child
26002,Unmarried
26002,Wife
17873,Husband
17873,Not-in-family
17873,Other-relative
17873,Own-child
17873,Unmarried
17873,Wife
43224,Not-in-family
43224,Unmarried
48740,Husband
48740,Not-in-family
48740,Other-relative
48740,Own-child
48740,Unmarried
48740,Wife
466,Not-in-family
466,Unmarried
41770,Husband
41770,Not-in-family
41770,Other-relative
41770,Own-child
41770,Unmarried
41770,Wife
39311,Not-in-family
39311,Unmarried
44266,Not-in-family
44266,Unmarried
26423,Husband
26423,Other-relative
26423,Own-child
26423,Wife
36823,Husband
36823,Not-in-family
36823,Other-relative
36823,Own-child
36823,Unmarried
36823,Wife
12490,Husband
12490,Not-in-family
12490,Other-relative
12490,Own-child
12490,Unmarried
12490,Wife
24843,Husband
24843,Not-in-family
24843,Other-relative
24843,Own-child
24843,Unmarried
24843,Wife
1483,Not-in-family
1483,Unmarried
44056,Not-in-family
44056,Unmarried
11290,Not-in-family
11290,Unmarried
43507,Husband
43507,Not-in-family
43507,Other-relative
43507,Own-child
43507,Unmarried
43507,Wife
30023,Husband
30023,Not-in-family
30023,Other-relative
30023,Own-child
30023,Unmarried
30023,Wife
33845,Husband
33845,Not-in-family
33845,Other-relative
33845,Own-child
33845,Unmarried
33845,Wife
36273,Husband
36273,Other-relative
36273,Own-child
36273,Wife
27102,Husband
27102,Other-relative
27102,Own-child
27102,Wife
3039,Husband
3039,Other-relative
3039,Own-child
3039,Wife
14040,Not-in-family
14040,Unmarried
16636,Husband
16636,Not-in-family
16636,Other-relative
16636,Own-child
16636,Unmarried
16636,Wife
19599,Husband
19599,Not-in-family
19599,Other-relative
19599,Own-child
19599,Unmarried
19599,Wife
9674,Husband
9674,Not-in-family
9674,Other-relative
9674,Own-child
9674,Unmarried
9674,Wife
37357,Husband
37357,Other-relative
37357,Own-child
37357,Wife
34275,Husband
34275,Not-in-family
34275,Other-relative
34275,Own-child
34275,Unmarried
34275,Wife
1955,Husband
1955,Other-relative
1955,Own-child
1955,Wife
34840,Husband
34840,Not-in-family
34840,Other-relative
34840,Own-child
34840,Unmarried
34840,Wife
11546,Not-in-family
11546,Unmarried
13217,Husband
13217,Not-in-family
13217,Other-relative
13217,Own-child
13217,Unmarried
13217,Wife
14152,Husband
14152,Other-relative
14152,Own-child
14152,Wife
43112,Not-in-family
43112,Unmarried
22922,Husband
22922,Other-relative
22922,Own-child
22922,Wife
6720,Husband
6720,Other-relative
6720,Own-child
6720,Wife
23161,Not-in-family
23161,Unmarried
6222,Husband
6222,Not-in-family
6222,Other-relative
6222,Own-child
6222,Unmarried
6222,Wife
47324,Husband
47324,Not-in-family
47324,Other-relative
47324,Own-child
47324,Unmarried
47324,Wife
25986,Husband
25986,Not-in-family
25986,Other-relative
25986,Own-child
25986,Unmarried
25986,Wife
43284,Husband
43284,Not-in-family
43284,Other-relative
43284,Own-child
43284,Unmarried
43284,Wife
38819,Husband
38819,Not-in-family
38819,Other-relative
38819,Own-child
38819,Unmarried
38819,Wife
10278,Husband
10278,Not-in-family
10278,Other-relative
10278,Own-child
10278,Unmarried
10278,Wife
2846,Husband
2846,Other-relative
2846,Own-child
2846,Wife
35561,Husband
35561,Not-in-family
35561,Other-relative
35561,Own-child
35561,Unmarried
35561,Wife
76,Husband
76,Not-in-family
76,Other-relative
76,Own-child
76,Unmarried
76,Wife
9049,Not-in-family
9049,Unmarried
18919,Not-in-family
18919,Unmarried
9611,Husband
9611,Other-relative
9611,Own-child
9611,Wife
13031,Not-in-family
13031,Unmarried
1808,Husband
1808,Not-in-family
1808,Other-relative
1808,Own-child
1808,Unmarried
1808,Wife
4549,Husband
4549,Not-in-family
4549,Other-relative
4549,Own-child
4549,Unmarried
4549,Wife
2249,Husband
2249,Not-in-family
2249,Other-relative
2249,Own-child
2249,Unmarried
2249,Wife
8444,Husband
8444,Not-in-family
8444,Other-relative
8444,Own-child
8444,Unmarried
8444,Wife
40007,Not-in-family
40007,Unmarried
36382,Not-in-family
36382,Unmarried
22000,Husband
22000,Not-in-family
22000,Other-relative
22000,Own-child
22000,Unmarried
22000,Wife
32264,Husband
32264,Other-relative
32264,Own-child
32264,Wife
32013,Husband
32013,Not-in-family
32013,Other-relative
32013,Own-child
32013,Unmarried
32013,Wife
42458,Husband
42458,Not-in-family
42458,Other-relative
42458,Own-child
42458,Unmarried
42458,Wife
35915,Not-in-family
35915,Unmarried
43857,Husband
43857,Other-relative
43857,Own-child
43857,Wife
3997,Husband
3997,Other-relative
3997,Own-child
3997,Wife
46645,Husband
46645,Not-in-family
46645,Other-relative
46645,Own-child
46645,Unmarried
46645,Wife
3541,Husband
3541,Not-in-family
3541,Other-relative
3541,Own-child
3541,Unmarried
3541,Wife
27244,Husband
27244,Not-in-family
27244,Other-relative
27244,Own-child
27244,Unmarried
27244,Wife
40758,Husband
40758,Other-relative
40758,Own-child
40758,Wife
33127,Husband
33127,Other-relative
33127,Own-child
33127,Wife
17825,Husband
17825,Other-relative
17825,Own-child
17825,Wife
29045,Husband
29045,Not-in-family
29045,Other-relative
29045,Own-child
29045,Unmarried
29045,Wife
3619,Husband
3619,Not-in-family
3619,Other-relative
3619,Own-child
3619,Unmarried
3619,Wife
13958,Husband
13958,Other-relative
13958,Own-child
13958,Wife
40074,Husband
40074,Not-in-family
40074,Other-relative
40074,Own-child
40074,Unmarried
40074,Wife
66,Not-in-family
66,Unmarried
26358,Husband
26358,Other-relative
26358,Own-child
26358,Wife
24845,Not-in-family
24845,Unmarried
42218,Husband
42218,Not-in-family
42218,Other-relative
42218,Own-child
42218,Unmarried
42218,Wife
9442,Husband
9442,Not-in-family
9442,Other-relative
9442,Own-child
9442,Unmarried
9442,Wife
20769,Husband
20769,Not-in-family
20769,Other-relative
20769,Own-child
20769,Unmarried
20769,Wife
28414,Husband
28414,Not-in-family
28414,Other-relative
28414,Own-child
28414,Unmarried
28414,Wife
43247,Husband
43247,Other-relative
43247,Own-child
43247,Wife
34404,Husband
34404,Not-in-family
34404,Other-relative
34404,Own-child
34404,Unmarried
34404,Wife
13249,Husband
13249,Not-in-family
13249,Other-relative
13249,Own-child
13249,Unmarried
13249,Wife
19089,Not-in-family
19089,Unmarried
34290,Husband
34290,Other-relative
34290,Own-child
34290,Wife
12845,Not-in-family
12845,Unmarried
23930,Not-in-family
23930,Unmarried
1318,Husband
1318,Other-relative
1318,Own-child
1318,Wife
43767,Not-in-family
43767,Unmarried
39819,Husband
39819,Other-relative
39819,Own-child
39819,Wife
4504,Not-in-family
4504,Unmarried
37862,Husband
37862,Not-in-family
37862,Other-relative
37862,Own-child
37862,Unmarried
37862,Wife
19446,Husband
19446,Not-in-family
19446,Other-relative
19446,Own-child
19446,Unmarried
19446,Wife
20218,Husband
20218,Not-in-family
20218,Other-relative
20218,Own-child
20218,Unmarried
20218,Wife
29220,Not-in-family
29220,Unmarried
18537,Not-in-family
18537,Unmarried
29110,Husband
29110,Other-relative
29110,Own-child
29110,Wife
45600,Husband
45600,Not-in-family
45600,Other-relative
45600,Own-child
45600,Unmarried
45600,Wife
36306,Husband
36306,Other-relative
36306,Own-child
36306,Wife
43578,Not-in-family
43578,Unmarried
26156,Husband
26156,Other-relative
26156,Own-child
26156,Wife
8011,Husband
8011,Not-in-family
8011,Other-relative
8011,Own-child
8011,Unmarried
8011,Wife
16530,Husband
16530,Not-in-family
16530,Other-relative
16530,Own-child
16530,Unmarried
16530,Wife
43483,Husband
43483,Other-relative
43483,Own-child
43483,Wife
16648,Husband
16648,Not-in-family
16648,Other-relative
16648,Own-child
16648,Unmarried
16648,Wife
19738,Husband
19738,Not-in-family
19738,Other-relative
19738,Own-child
19738,Unmarried
19738,Wife
42324,Not-in-family
42324,Unmarried
40891,Husband
40891,Other-relative
40891,Own-child
40891,Wife
19558,Not-in-family
19558,Unmarried
47893,Husband
47893,Not-in-family
47893,Other-relative
47893,Own-child
47893,Unmarried
47893,Wife
47109,Husband
47109,Not-in-family
47109,Other-relative
47109,Own-child
47109,Unmarried
47109,Wife
33995,Not-in-family
33995,Unmarried
27360,Husband
27360,Not-in-family
27360,Other-relative
27360,Own-child
27360,Unmarried
27360,Wife
12416,Not-in-family
12416,Unmarried
48121,Husband
48121,Other-relative
48121,Own-child
48121,Wife
46438,Husband
46438,Not-in-family
46438,Other-relative
46438,Own-child
46438,Unmarried
46438,Wife
14549,Husband
14549,Not-in-family
14549,Other-relative
14549,Own-child
14549,Unmarried
14549,Wife
43389,Husband
43389,Other-relative
43389,Own-child
43389,Wife
13286,Husband
13286,Other-relative
13286,Own-child
13286,Wife
28581,Husband
28581,Other-relative
28581,Own-child
28581,Wife
12611,Husband
12611,Not-in-family
12611,Other-relative
12611,Own-child
12611,Unmarried
12611,Wife
38346,Husband
38346,Not-in-family
38346,Other-relative
38346,Own-child
38346,Unmarried
38346,Wife
17213,Not-in-family
17213,Unmarried
24294,Husband
24294,Other-relative
24294,Own-child
24294,Wife
33346,Husband
33346,Other-relative
33346,Own-child
33346,Wife
18803,Husband
18803,Not-in-family
18803,Other-relative
18803,Own-child
18803,Unmarried
18803,Wife
8537,Husband
8537,Other-relative
8537,Own-child
8537,Wife
37192,Not-in-family
37192,Unmarried
678,Husband
678,Not-in-family
678,Other-relative
678,Own-child
678,Unmarried
678,Wife
2840,Not-in-family
2840,Unmarried
46542,Husband
46542,Not-in-family
46542,Other-relative
46542,Own-child
46542,Unmarried
46542,Wife
18202,Husband
18202,Not-in-family
18202,Other-relative
18202,Own-child
18202,Unmarried
18202,Wife
8947,Not-in-family
8947,Unmarried
45359,Husband
45359,Not-in-family
45359,Other-relative
45359,Own-child
45359,Unmarried
45359,Wife
42207,Husband
42207,Not-in-family
42207,Other-relative
42207,Own-child
42207,Unmarried
42207,Wife
48035,Husband
48035,Not-in-family
48035,Other-relative
48035,Own-child
48035,Unmarried
48035,Wife
40566,Husband
40566,Not-in-family
40566,Other-relative
40566,Own-child
40566,Unmarried
40566,Wife
29427,Husband
29427,Not-in-family
29427,Other-relative
29427,Own-child
29427,Unmarried
29427,Wife
10625,Husband
10625,Not-in-family
10625,Other-relative
10625,Own-child
10625,Unmarried
10625,Wife
2886,Husband
2886,Not-in-family
2886,Other-relative
2886,Own-child
2886,Unmarried
2886,Wife
10648,Husband
10648,Not-in-family
10648,Other-relative
10648,Own-child
10648,Unmarried
10648,Wife
43862,Husband
43862,Not-in-family
43862,Other-relative
43862,Own-child
43862,Unmarried
43862,Wife
27726,Husband
27726,Other-relative
27726,Own-child
27726,Wife
17417,Husband
17417,Other-relative
17417,Own-child
17417,Wife
31378,Husband
31378,Not-in-family
31378,Other-relative
31378,Own-child
31378,Unmarried
31378,Wife
17187,Not-in-family
17187,Unmarried
32436,Husband
32436,Other-relative
32436,Own-child
32436,Wife
17217,Husband
17217,Not-in-family
17217,Other-relative
17217,Own-child
17217,Unmarried
17217,Wife
31343,Not-in-family
31343,Unmarried
8566,Husband
8566,Not-in-family
8566,Other-relative
8566,Own-child
8566,Unmarried
8566,Wife
41815,Husband
41815,Not-in-family
41815,Other-relative
41815,Own-child
41815,Unmarried
41815,Wife
33219,Husband
33219,Not-in-family
33219,Other-relative
33219,Own-child
33219,Unmarried
33219,Wife
44903,Husband
44903,Not-in-family
44903,Other-relative
44903,Own-child
44903,Unmarried
44903,Wife
35567,Not-in-family
35567,Unmarried
1824,Husband
1824,Not-in-family
1824,Other-relative
1824,Own-child
1824,Unmarried
1824,Wife
30242,Husband
30242,Not-in-family
30242,Other-relative
30242,Own-child
30242,Unmarried
30242,Wife
35198,Not-in-family
35198,Unmarried
34477,Husband
34477,Other-relative
34477,Own-child
34477,Wife
3100,Husband
3100,Other-relative
3100,Own-child
3100,Wife
11608,Husband
11608,Not-in-family
11608,Other-relative
11608,Own-child
11608,Unmarried
11608,Wife
18815,Husband
18815,Other-relative
18815,Own-child
18815,Wife
22088,Husband
22088,Not-in-family
22088,Other-relative
22088,Own-child
22088,Unmarried
22088,Wife
27270,Husband
27270,Not-in-family
27270,Other-relative
27270,Own-child
27270,Unmarried
27270,Wife
35614,Husband
35614,Not-in-family
35614,Other-relative
35614,Own-child
35614,Unmarried
35614,Wife
10794,Husband
10794,Not-in-family
10794,Other-relative
10794,Own-child
10794,Unmarried
10794,Wife
30030,Husband
30030,Not-in-family
30030,Other-relative
30030,Own-child
30030,Unmarried
30030,Wife
36693,Husband
36693,Other-relative
36693,Own-child
36693,Wife
44494,Husband
44494,Other-relative
44494,Own-child
44494,Wife
44003,Not-in-family
44003,Unmarried
4431,Husband
4431,Not-in-family
4431,Other-relative
4431,Own-child
4431,Unmarried
4431,Wife
27671,Husband
27671,Other-relative
27671,Own-child
27671,Wife
29605,Husband
29605,Other-relative
29605,Own-child
29605,Wife
40972,Husband
40972,Not-in-family
40972,Other-relative
40972,Own-child
40972,Unmarried
40972,Wife
40381,Husband
40381,Not-in-family
40381,Other-relative
40381,Own-child
40381,Unmarried
40381,Wife
30516,Husband
30516,Other-relative
30516,Own-child
30516,Wife
5465,Husband
5465,Not-in-family
5465,Other-relative
5465,Own-child
5465,Unmarried
5465,Wife
11588,Husband
11588,Not-in-family
11588,Other-relative
11588,Own-child
11588,Unmarried
11588,Wife
22118,Husband
22118,Not-in-family
22118,Other-relative
22118,Own-child
22118,Unmarried
22118,Wife
39039,Husband
39039,Not-in-family
39039,Other-relative
39039,Own-child
39039,Unmarried
39039,Wife
18760,Not-in-family
18760,Unmarried
18210,Husband
18210,Other-relative
18210,Own-child
18210,Wife
25058,Husband
25058,Other-relative
25058,Own-child
25058,Wife
22940,Not-in-family
22940,Unmarried
22676,Not-in-family
22676,Unmarried
3030,Husband
3030,Not-in-family
3030,Other-relative
3030,Own-child
3030,Unmarried
3030,Wife
13785,Husband
13785,Other-relative
13785,Own-child
13785,Wife
28260,Husband
28260,Not-in-family
28260,Other-relative
28260,Own-child
28260,Unmarried
28260,Wife
27281,Husband
27281,Not-in-family
27281,Other-relative
27281,Own-child
27281,Unmarried
27281,Wife
25822,Husband
25822,Not-in-family
25822,Other-relative
25822,Own-child
25822,Unmarried
25822,Wife
29453,Husband
29453,Not-in-family
29453,Other-relative
29453,Own-child
29453,Unmarried
29453,Wife
37150,Husband
37150,Other-relative
37150,Own-child
37150,Wife
45697,Husband
45697,Other-relative
45697,Own-child
45697,Wife
29873,Husband
29873,Other-relative
29873,Own-child
29873,Wife
37505,Husband
37505,Other-relative
37505,Own-child
37505,Wife
4706,Husband
4706,Other-relative
4706,Own-child
4706,Wife
41684,Not-in-family
41684,Unmarried
15043,Husband
15043,Not-in-family
15043,Other-relative
15043,Own-child
15043,Unmarried
15043,Wife
48099,Husband
48099,Not-in-family
48099,Other-relative
48099,Own-child
48099,Unmarried
48099,Wife
10543,Husband
10543,Other-relative
10543,Own-child
10543,Wife
20032,Husband
20032,Not-in-family
20032,Other-relative
20032,Own-child
20032,Unmarried
20032,Wife
15259,Husband
15259,Not-in-family
15259,Other-relative
15259,Own-child
15259,Unmarried
15259,Wife
45406,Husband
45406,Other-relative
45406,Own-child
45406,Wife
27863,Husband
27863,Not-in-family
27863,Other-relative
27863,Own-child
27863,Unmarried
27863,Wife
8159,Not-in-family
8159,Unmarried
33059,Husband
33059,Not-in-family
33059,Other-relative
33059,Own-child
33059,Unmarried
33059,Wife
1001,Husband
1001,Not-in-family
1001,Other-relative
1001,Own-child
1001,Unmarried
1001,Wife
29027,Husband
29027,Not-in-family
29027,Other-relative
29027,Own-child
29027,Unmarried
29027,Wife
43871,Husband
43871,Not-in-family
43871,Other-relative
43871,Own-child
43871,Unmarried
43871,Wife
23984,Husband
23984,Other-relative
23984,Own-child
23984,Wife
16048,Husband
16048,Not-in-family
16048,Other-relative
16048,Own-child
16048,Unmarried
16048,Wife
15305,Not-in-family
15305,Unmarried
23282,Husband
23282,Other-relative
23282,Own-child
23282,Wife
22170,Husband
22170,Not-in-family
22170,Other-relative
22170,Own-child
22170,Unmarried
22170,Wife
37543,Husband
37543,Not-in-family
37543,Other-relative
37543,Own-child
37543,Unmarried
37543,Wife
4381,Husband
4381,Not-in-family
4381,Other-relative
4381,Own-child
4381,Unmarried
4381,Wife
27959,Husband
27959,Not-in-family
27959,Other-relative
27959,Own-child
27959,Unmarried
27959,Wife
36812,Husband
36812,Not-in-family
36812,Other-relative
36812,Own-child
36812,Unmarried
36812,Wife
39551,Not-in-family
39551,Unmarried
6955,Husband
6955,Not-in-family
6955,Other-relative
6955,Own-child
6955,Unmarried
6955,Wife
8017,Husband
8017,Not-in-family
8017,Other-relative
8017,Own-child
8017,Unmarried
8017,Wife
26053,Not-in-family
26053,Unmarried
3970,Husband
3970,Not-in-family
3970,Other-relative
3970,Own-child
3970,Unmarried
3970,Wife
28450,Husband
28450,Other-relative
28450,Own-child
28450,Wife
35142,Husband
35142,Not-in-family
35142,Other-relative
35142,Own-child
35142,Unmarried
35142,Wife
20497,Husband
20497,Not-in-family
20497,Other-relative
20497,Own-child
20497,Unmarried
20497,Wife
11439,Not-in-family
11439,Unmarried
23683,Husband
23683,Not-in-family
23683,Other-relative
23683,Own-child
23683,Unmarried
23683,Wife
15112,Husband
15112,Not-in-family
15112,Other-relative
15112,Own-child
15112,Unmarried
15112,Wife
15089,Husband
15089,Other-relative
15089,Own-child
15089,Wife
44243,Husband
44243,Not-in-family
44243,Other-relative
44243,Own-child
44243,Unmarried
44243,Wife
24099,Not-in-family
24099,Unmarried
24432,Husband
24432,Not-in-family
24432,Other-relative
24432,Own-child
24432,Unmarried
24432,Wife
21194,Husband
21194,Not-in-family
21194,Other-relative
21194,Own-child
21194,Unmarried
21194,Wife
9449,Husband
9449,Other-relative
9449,Own-child
9449,Wife
47891,Husband
47891,Not-in-family
47891,Other-relative
47891,Own-child
47891,Unmarried
47891,Wife
39893,Husband
39893,Not-in-family
39893,Other-relative
39893,Own-child
39893,Unmarried
39893,Wife
21948,Not-in-family
21948,Unmarried
7672,Husband
7672,Other-relative
7672,Own-child
7672,Wife
22329,Husband
22329,Not-in-family
22329,Other-relative
22329,Own-child
22329,Unmarried
22329,Wife
12151,Husband
12151,Not-in-family
12151,Other-relative
12151,Own-child
12151,Unmarried
12151,Wife
46419,Husband
46419,Not-in-family
46419,Other-relative
46419,Own-child
46419,Unmarried
46419,Wife
41724,Husband
41724,Other-relative
41724,Own-child
41724,Wife
338,Not-in-family
338,Unmarried
10651,Husband
10651,Not-in-family
10651,Other-relative
10651,Own-child
10651,Unmarried
10651,Wife
13769,Husband
13769,Not-in-family
13769,Other-relative
13769,Own-child
13769,Unmarried
13769,Wife
48806,Husband
48806,Not-in-family
48806,Other-relative
48806,Own-child
48806,Unmarried
48806,Wife
23039,Husband
23039,Other-relative
23039,Own-child
23039,Wife
33006,Husband
33006,Other-relative
33006,Own-child
33006,Wife
44581,Not-in-family
44581,Unmarried
23964,Husband
23964,Other-relative
23964,Own-child
23964,Wife
48452,Husband
48452,Not-in-family
48452,Other-relative
48452,Own-child
48452,Unmarried
48452,Wife
33439,Husband
33439,Other-relative
33439,Own-child
33439,Wife
24203,Husband
24203,Not-in-family
24203,Other-relative
24203,Own-child
24203,Unmarried
24203,Wife
5994,Husband
5994,Other-relative
5994,Own-child
5994,Wife
41307,Husband
41307,Other-relative
41307,Own-child
41307,Wife
1706,Husband
1706,Other-relative
1706,Own-child
1706,Wife
19434,Not-in-family
19434,Unmarried
942,Husband
942,Not-in-family
942,Other-relative
942,Own-child
942,Unmarried
942,Wife
2428,Husband
2428,Not-in-family
2428,Other-relative
2428,Own-child
2428,Unmarried
2428,Wife
44098,Husband
44098,Not-in-family
44098,Other-relative
44098,Own-child
44098,Unmarried
44098,Wife
22972,Husband
22972,Not-in-family
22972,Other-relative
22972,Own-child
22972,Unmarried
22972,Wife
14475,Husband
14475,Not-in-family
14475,Other-relative
14475,Own-child
14475,Unmarried
14475,Wife
28787,Husband
28787,Not-in-family
28787,Other-relative
28787,Own-child
28787,Unmarried
28787,Wife
1959,Husband
1959,Not-in-family
1959,Other-relative
1959,Own-child
1959,Unmarried
1959,Wife
3595,Husband
3595,Not-in-family
3595,Other-relative
3595,Own-child
3595,Unmarried
3595,Wife
3306,Not-in-family
3306,Unmarried
19871,Husband
19871,Not-in-family
19871,Other-relative
19871,Own-child
19871,Unmarried
19871,Wife
21898,Husband
21898,Other-relative
21898,Own-child
21898,Wife
5420,Husband
5420,Other-relative
5420,Own-child
5420,Wife
42564,Husband
42564,Not-in-family
42564,Other-relative
42564,Own-child
42564,Unmarried
42564,Wife
44480,Husband
44480,Not-in-family
44480,Other-relative
44480,Own-child
44480,Unmarried
44480,Wife
19695,Husband
19695,Other-relative
19695,Own-child
19695,Wife
26819,Husband
26819,Other-relative
26819,Own-child
26819,Wife
4064,Not-in-family
4064,Unmarried
26834,Husband
26834,Not-in-family
26834,Other-relative
26834,Own-child
26834,Unmarried
26834,Wife
42571,Husband
42571,Other-relative
42571,Own-child
42571,Wife
30887,Husband
30887,Not-in-family
30887,Other-relative
30887,Own-child
30887,Unmarried
30887,Wife
21380,Husband
21380,Not-in-family
21380,Other-relative
21380,Own-child
21380,Unmarried
21380,Wife
4307,Husband
4307,Other-relative
4307,Own-child
4307,Wife
31362,Husband
31362,Not-in-family
31362,Other-relative
31362,Own-child
31362,Unmarried
31362,Wife
16387,Husband
16387,Not-in-family
16387,Other-relative
16387,Own-child
16387,Unmarried
16387,Wife
895,Husband
895,Other-relative
895,Own-child
895,Wife
43645,Not-in-family
43645,Unmarried
5659,Not-in-family
5659,Unmarried
32518,Husband
32518,Not-in-family
32518,Other-relative
32518,Own-child
32518,Unmarried
32518,Wife
33503,Not-in-family
33503,Unmarried
44777,Husband
44777,Other-relative
44777,Own-child
44777,Wife
26006,Husband
26006,Other-relative
26006,Own-child
26006,Wife
18038,Husband
18038,Not-in-family
18038,Other-relative
18038,Own-child
18038,Unmarried
18038,Wife
7308,Husband
7308,Not-in-family
7308,Other-relative
7308,Own-child
7308,Unmarried
7308,Wife
13689,Not-in-family
13689,Unmarried
41790,Husband
41790,Not-in-family
41790,Other-relative
41790,Own-child
41790,Unmarried
41790,Wife
18133,Husband
18133,Not-in-family
18133,Other-relative
18133,Own-child
18133,Unmarried
18133,Wife
10796,Husband
10796,Not-in-family
10796,Other-relative
10796,Own-child
10796,Unmarried
10796,Wife
38990,Husband
38990,Other-relative
38990,Own-child
38990,Wife
45985,Husband
45985,Not-in-family
45985,Other-relative
45985,Own-child
45985,Unmarried
45985,Wife
7091,Husband
7091,Not-in-family
7091,Other-relative
7091,Own-child
7091,Unmarried
7091,Wife
27168,Husband
27168,Not-in-family
27168,Other-relative
27168,Own-child
27168,Unmarried
27168,Wife
240,Husband
240,Not-in-family
240,Other-relative
240,Own-child
240,Unmarried
240,Wife
45095,Husband
45095,Not-in-family
45095,Other-relative
45095,Own-child
45095,Unmarried
45095,Wife
20896,Husband
20896,Other-relative
20896,Own-child
20896,Wife
44185,Husband
44185,Not-in-family
44185,Other-relative
44185,Own-child
44185,Unmarried
44185,Wife
28256,Husband
28256,Other-relative
28256,Own-child
28256,Wife
7029,Husband
7029,Other-relative
7029,Own-child
7029,Wife
34754,Husband
34754,Not-in-family
34754,Other-relative
34754,Own-child
34754,Unmarried
34754,Wife
26576,Husband
26576,Not-in-family
26576,Other-relative
26576,Own-child
26576,Unmarried
26576,Wife
8217,Husband
8217,Other-relative
8217,Own-child
8217,Wife
40791,Husband
40791,Other-relative
40791,Own-child
40791,Wife
8933,Husband
8933,Not-in-family
8933,Other-relative
8933,Own-child
8933,Unmarried
8933,Wife
5443,Husband
5443,Not-in-family
5443,Other-relative
5443,Own-child
5443,Unmarried
5443,Wife
34174,Husband
34174,Not-in-family
34174,Other-relative
34174,Own-child
34174,Unmarried
34174,Wife
36003,Husband
36003,Not-in-family
36003,Other-relative
36003,Own-child
36003,Unmarried
36003,Wife
27670,Husband
27670,Other-relative
27670,Own-child
27670,Wife
11060,Husband
11060,Not-in-family
11060,Other-relative
11060,Own-child
11060,Unmarried
11060,Wife
14591,Husband
14591,Other-relative
14591,Own-child
14591,Wife
1372,Not-in-family
1372,Unmarried
37341,Husband
37341,Not-in-family
37341,Other-relative
37341,Own-child
37341,Unmarried
37341,Wife
48617,Husband
48617,Other-relative
48617,Own-child
48617,Wife
19759,Not-in-family
19759,Unmarried
15950,Husband
15950,Not-in-family
15950,Other-relative
15950,Own-child
15950,Unmarried
15950,Wife
16909,Husband
16909,Other-relative
16909,Own-child
16909,Wife
9019,Husband
9019,Not-in-family
9019,Other-relative
9019,Own-child
9019,Unmarried
9019,Wife
17040,Husband
17040,Not-in-family
17040,Other-relative
17040,Own-child
17040,Unmarried
17040,Wife
34531,Husband
34531,Other-relative
34531,Own-child
34531,Wife
6645,Husband
6645,Not-in-family
6645,Other-relative
6645,Own-child
6645,Unmarried
6645,Wife
30378,Husband
30378,Other-relative
30378,Own-child
30378,Wife
15445,Husband
15445,Not-in-family
15445,Other-relative
15445,Own-child
15445,Unmarried
15445,Wife
16534,Husband
16534,Not-in-family
16534,Other-relative
16534,Own-child
16534,Unmarried
16534,Wife
44657,Husband
44657,Not-in-family
44657,Other-relative
44657,Own-child
44657,Unmarried
44657,Wife
35308,Husband
35308,Not-in-family
35308,Other-relative
35308,Own-child
35308,Unmarried
35308,Wife
11152,Husband
11152,Not-in-family
11152,Other-relative
11152,Own-child
11152,Unmarried
11152,Wife
28610,Husband
28610,Not-in-family
28610,Other-relative
28610,Own-child
28610,Unmarried
28610,Wife
7446,Not-in-family
7446,Unmarried
35868,Husband
35868,Not-in-family
35868,Other-relative
35868,Own-child
35868,Unmarried
35868,Wife
29228,Husband
29228,Not-in-family
29228,Other-relative
29228,Own-child
29228,Unmarried
29228,Wife
14727,Husband
14727,Not-in-family
14727,Other-relative
14727,Own-child
14727,Unmarried
14727,Wife
48223,Husband
48223,Not-in-family
48223,Other-relative
48223,Own-child
48223,Unmarried
48223,Wife
32119,Husband
32119,Other-relative
32119,Own-child
32119,Wife
41509,Husband
41509,Not-in-family
41509,Other-relative
41509,Own-child
41509,Unmarried
41509,Wife
26792,Husband
26792,Other-relative
26792,Own-child
26792,Wife
41949,Husband
41949,Not-in-family
41949,Other-relative
41949,Own-child
41949,Unmarried
41949,Wife
40068,Husband
40068,Not-in-family
40068,Other-relative
40068,Own-child
40068,Unmarried
40068,Wife
39926,Husband
39926,Not-in-family
39926,Other-relative
39926,Own-child
39926,Unmarried
39926,Wife
13027,Husband
13027,Not-in-family
13027,Other-relative
13027,Own-child
13027,Unmarried
13027,Wife
5780,Husband
5780,Not-in-family
5780,Other-relative
5780,Own-child
5780,Unmarried
5780,Wife
42263,Husband
42263,Not-in-family
42263,Other-relative
42263,Own-child
42263,Unmarried
42263,Wife
36846,Husband
36846,Other-relative
36846,Own-child
36846,Wife
9116,Not-in-family
9116,Unmarried
38681,Not-in-family
38681,Unmarried
11490,Husband
11490,Not-in-family
11490,Other-relative
11490,Own-child
11490,Unmarried
11490,Wife
33687,Husband
33687,Not-in-family
33687,Other-relative
33687,Own-child
33687,Unmarried
33687,Wife
10153,Husband
10153,Not-in-family
10153,Other-relative
10153,Own-child
10153,Unmarried
10153,Wife
9085,Husband
9085,Not-in-family
9085,Other-relative
9085,Own-child
9085,Unmarried
9085,Wife
31438,Not-in-family
31438,Unmarried
47614,Husband
47614,Not-in-family
47614,Other-relative
47614,Own-child
47614,Unmarried
47614,Wife
16874,Husband
16874,Other-relative
16874,Own-child
16874,Wife
30210,Husband
30210,Not-in-family
30210,Other-relative
30210,Own-child
30210,Unmarried
30210,Wife
14204,Husband
14204,Not-in-family
14204,Other-relative
14204,Own-child
14204,Unmarried
14204,Wife
20311,Husband
20311,Not-in-family
20311,Other-relative
20311,Own-child
20311,Unmarried
20311,Wife
9465,Husband
9465,Not-in-family
9465,Other-relative
9465,Own-child
9465,Unmarried
9465,Wife
19911,Husband
19911,Not-in-family
19911,Other-relative
19911,Own-child
19911,Unmarried
19911,Wife
27358,Husband
27358,Not-in-family
27358,Other-relative
27358,Own-child
27358,Unmarried
27358,Wife
46143,Husband
46143,Other-relative
46143,Own-child
46143,Wife
26320,Husband
26320,Other-relative
26320,Own-child
26320,Wife
764,Husband
764,Not-in-family
764,Other-relative
764,Own-child
764,Unmarried
764,Wife
30123,Husband
30123,Not-in-family
30123,Other-relative
30123,Own-child
30123,Unmarried
30123,Wife
48169,Husband
48169,Not-in-family
48169,Other-relative
48169,Own-child
48169,Unmarried
48169,Wife
21319,Not-in-family
21319,Unmarried
42890,Husband
42890,Other-relative
42890,Own-child
42890,Wife
30312,Not-in-family
30312,Unmarried
44071,Husband
44071,Not-in-family
44071,Other-relative
44071,Own-child
44071,Unmarried
44071,Wife
33374,Husband
33374,Not-in-family
33374,Other-relative
33374,Own-child
33374,Unmarried
33374,Wife
33522,Husband
33522,Not-in-family
33522,Other-relative
33522,Own-child
33522,Unmarried
33522,Wife
5075,Husband
5075,Not-in-family
5075,Other-relative
5075,Own-child
5075,Unmarried
5075,Wife
697,Husband
697,Not-in-family
697,Other-relative
697,Own-child
697,Unmarried
697,Wife
21517,Husband
21517,Other-relative
21517,Own-child
21517,Wife
32782,Husband
32782,Not-in-family
32782,Other-relative
32782,Own-child
32782,Unmarried
32782,Wife
6548,Husband
6548,Not-in-family
6548,Other-relative
6548,Own-child
6548,Unmarried
6548,Wife
30546,Husband
30546,Other-relative
30546,Own-child
30546,Wife
41993,Not-in-family
41993,Unmarried
34764,Husband
34764,Other-relative
34764,Own-child
34764,Wife
14470,Husband
14470,Not-in-family
14470,Other-relative
14470,Own-child
14470,Unmarried
14470,Wife
5415,Husband
5415,Other-relative
5415,Own-child
5415,Wife
44642,Husband
44642,Not-in-family
44642,Other-relative
44642,Own-child
44642,Unmarried
44642,Wife
23222,Husband
23222,Not-in-family
23222,Other-relative
23222,Own-child
23222,Unmarried
23222,Wife
28401,Husband
28401,Other-relative
28401,Own-child
28401,Wife
35747,Husband
35747,Not-in-family
35747,Other-relative
35747,Own-child
35747,Unmarried
35747,Wife
3410,Husband
3410,Other-relative
3410,Own-child
3410,Wife
38976,Husband
38976,Not-in-family
38976,Other-relative
38976,Own-child
38976,Unmarried
38976,Wife
33594,Husband
33594,Not-in-family
33594,Other-relative
33594,Own-child
33594,Unmarried
33594,Wife
5166,Husband
5166,Other-relative
5166,Own-child
5166,Wife
43380,Husband
43380,Not-in-family
43380,Other-relative
43380,Own-child
43380,Unmarried
43380,Wife
6745,Husband
6745,Other-relative
6745,Own-child
6745,Wife
44277,Husband
44277,Other-relative
44277,Own-child
44277,Wife
29947,Husband
29947,Other-relative
29947,Own-child
29947,Wife
18800,Husband
18800,Not-in-family
18800,Other-relative
18800,Own-child
18800,Unmarried
18800,Wife
8878,Husband
8878,Not-in-family
8878,Other-relative
8878,Own-child
8878,Unmarried
8878,Wife
3956,Not-in-family
3956,Unmarried
5386,Husband
5386,Not-in-family
5386,Other-relative
5386,Own-child
5386,Unmarried
5386,Wife
13061,Husband
13061,Other-relative
13061,Own-child
13061,Wife
23713,Husband
23713,Other-relative
23713,Own-child
23713,Wife
15388,Husband
15388,Not-in-family
15388,Other-relative
15388,Own-child
15388,Unmarried
15388,Wife
6229,Husband
6229,Not-in-family
6229,Other-relative
6229,Own-child
6229,Unmarried
6229,Wife
13696,Husband
13696,Other-relative
13696,Own-child
13696,Wife
22268,Not-in-family
22268,Unmarried
6038,Husband
6038,Other-relative
6038,Own-child
6038,Wife
6681,Husband
6681,Other-relative
6681,Own-child
6681,Wife
14185,Not-in-family
14185,Unmarried
23448,Husband
23448,Not-in-family
23448,Other-relative
23448,Own-child
23448,Unmarried
23448,Wife
23988,Husband
23988,Not-in-family
23988,Other-relative
23988,Own-child
23988,Unmarried
23988,Wife
39251,Not-in-family
39251,Unmarried
29371,Not-in-family
29371,Unmarried
45523,Husband
45523,Not-in-family
45523,Other-relative
45523,Own-child
45523,Unmarried
45523,Wife
34283,Not-in-family
34283,Unmarried
17679,Not-in-family
17679,Unmarried
13570,Not-in-family
13570,Unmarried
37720,Not-in-family
37720,Unmarried
45545,Husband
45545,Not-in-family
45545,Other-relative
45545,Own-child
45545,Unmarried
45545,Wife
746,Husband
746,Not-in-family
746,Other-relative
746,Own-child
746,Unmarried
746,Wife
24535,Husband
24535,Other-relative
24535,Own-child
24535,Wife
47855,Husband
47855,Other-relative
47855,Own-child
47855,Wife
18079,Not-in-family
18079,Unmarried
47181,Husband
47181,Not-in-family
47181,Other-relative
47181,Own-child
47181,Unmarried
47181,Wife
15463,Not-in-family
15463,Unmarried
14753,Not-in-family
14753,Unmarried
32308,Husband
32308,Not-in-family
32308,Other-relative
32308,Own-child
32308,Unmarried
32308,Wife
9371,Husband
9371,Other-relative
9371,Own-child
9371,Wife
14004,Husband
14004,Other-relative
14004,Own-child
14004,Wife
35065,Husband
35065,Not-in-family
35065,Other-relative
35065,Own-child
35065,Unmarried
35065,Wife
39759,Husband
39759,Other-relative
39759,Own-child
39759,Wife
13474,Not-in-family
13474,Unmarried
26458,Husband
26458,Other-relative
26458,Own-child
26458,Wife
39007,Husband
39007,Not-in-family
39007,Other-relative
39007,Own-child
39007,Unmarried
39007,Wife
16623,Husband
16623,Not-in-family
16623,Other-relative
16623,Own-child
16623,Unmarried
16623,Wife
6596,Not-in-family
6596,Unmarried
7206,Husband
7206,Not-in-family
7206,Other-relative
7206,Own-child
7206,Unmarried
7206,Wife
13833,Husband
13833,Other-relative
13833,Own-child
13833,Wife
340,Husband
340,Not-in-family
340,Other-relative
340,Own-child
340,Unmarried
340,Wife
25411,Husband
25411,Not-in-family
25411,Other-relative
25411,Own-child
25411,Unmarried
25411,Wife
44696,Husband
44696,Not-in-family
44696,Other-relative
44696,Own-child
44696,Unmarried
44696,Wife
4921,Husband
4921,Not-in-family
4921,Other-relative
4921,Own-child
4921,Unmarried
4921,Wife
35717,Husband
35717,Not-in-family
35717,Other-relative
35717,Own-child
35717,Unmarried
35717,Wife
6696,Husband
6696,Not-in-family
6696,Other-relative
6696,Own-child
6696,Unmarried
6696,Wife
21771,Husband
21771,Other-relative
21771,Own-child
21771,Wife
40125,Husband
40125,Not-in-family
40125,Other-relative
40125,Own-child
40125,Unmarried
40125,Wife
34127,Husband
34127,Other-relative
34127,Own-child
34127,Wife
12638,Not-in-family
12638,Unmarried
29462,Husband
29462,Not-in-family
29462,Other-relative
29462,Own-child
29462,Unmarried
29462,Wife
31334,Not-in-family
31334,Unmarried
30540,Husband
30540,Not-in-family
30540,Other-relative
30540,Own-child
30540,Unmarried
30540,Wife
231,Husband
231,Not-in-family
231,Other-relative
231,Own-child
231,Unmarried
231,Wife
17006,Husband
17006,Other-relative
17006,Own-child
17006,Wife
25510,Husband
25510,Not-in-family
25510,Other-relative
25510,Own-child
25510,Unmarried
25510,Wife
35625,Husband
35625,Other-relative
35625,Own-child
35625,Wife
9634,Not-in-family
9634,Unmarried
8468,Husband
8468,Not-in-family
8468,Other-relative
8468,Own-child
8468,Unmarried
8468,Wife
11021,Husband
11021,Other-relative
11021,Own-child
11021,Wife
16253,Husband
16253,Not-in-family
16253,Other-relative
16253,Own-child
16253,Unmarried
16253,Wife
10974,Not-in-family
10974,Unmarried
8390,Husband
8390,Not-in-family
8390,Other-relative
8390,Own-child
8390,Unmarried
8390,Wife
32220,Husband
32220,Not-in-family
32220,Other-relative
32220,Own-child
32220,Unmarried
32220,Wife
29544,Not-in-family
29544,Unmarried
224,Not-in-family
224,Unmarried
7476,Husband
7476,Not-in-family
7476,Other-relative
7476,Own-child
7476,Unmarried
7476,Wife
29512,Husband
29512,Not-in-family
29512,Other-relative
29512,Own-child
29512,Unmarried
29512,Wife
33081,Husband
33081,Not-in-family
33081,Other-relative
33081,Own-child
33081,Unmarried
33081,Wife
11420,Husband
11420,Not-in-family
11420,Other-relative
11420,Own-child
11420,Unmarried
11420,Wife
13434,Husband
13434,Not-in-family
13434,Other-relative
13434,Own-child
13434,Unmarried
13434,Wife
39810,Husband
39810,Other-relative
39810,Own-child
39810,Wife
2918,Husband
2918,Other-relative
2918,Own-child
2918,Wife
40243,Husband
40243,Not-in-family
40243,Other-relative
40243,Own-child
40243,Unmarried
40243,Wife
17699,Husband
17699,Not-in-family
17699,Other-relative
17699,Own-child
17699,Unmarried
17699,Wife
42469,Husband
42469,Not-in-family
42469,Other-relative
42469,Own-child
42469,Unmarried
42469,Wife
17938,Husband
17938,Not-in-family
17938,Other-relative
17938,Own-child
17938,Unmarried
17938,Wife
14244,Husband
14244,Other-relative
14244,Own-child
14244,Wife
47014,Husband
47014,Not-in-family
47014,Other-relative
47014,Own-child
47014,Unmarried
47014,Wife
47401,Husband
47401,Other-relative
47401,Own-child
47401,Wife
27338,Husband
27338,Other-relative
27338,Own-child
27338,Wife
40166,Husband
40166,Other-relative
40166,Own-child
40166,Wife
5636,Husband
5636,Not-in-family
5636,Other-relative
5636,Own-child
5636,Unmarried
5636,Wife
36180,Husband
36180,Not-in-family
36180,Other-relative
36180,Own-child
36180,Unmarried
36180,Wife
33628,Not-in-family
33628,Unmarried
19387,Husband
19387,Other-relative
19387,Own-child
19387,Wife
36173,Husband
36173,Other-relative
36173,Own-child
36173,Wife
48745,Husband
48745,Other-relative
48745,Own-child
48745,Wife
10436,Not-in-family
10436,Unmarried
25127,Husband
25127,Not-in-family
25127,Other-relative
25127,Own-child
25127,Unmarried
25127,Wife
26514,Husband
26514,Not-in-family
26514,Other-relative
26514,Own-child
26514,Unmarried
26514,Wife
12614,Husband
12614,Not-in-family
12614,Other-relative
12614,Own-child
12614,Unmarried
12614,Wife
27427,Husband
27427,Not-in-family
27427,Other-relative
27427,Own-child
27427,Unmarried
27427,Wife
29118,Husband
29118,Not-in-family
29118,Other-relative
29118,Own-child
29118,Unmarried
29118,Wife
47622,Husband
47622,Not-in-family
47622,Other-relative
47622,Own-child
47622,Unmarried
47622,Wife
19807,Husband
19807,Not-in-family
19807,Other-relative
19807,Own-child
19807,Unmarried
19807,Wife
38350,Not-in-family
38350,Unmarried
25202,Husband
25202,Not-in-family
25202,Other-relative
25202,Own-child
25202,Unmarried
25202,Wife
23943,Husband
23943,Not-in-family
23943,Other-relative
23943,Own-child
23943,Unmarried
23943,Wife
22862,Husband
22862,Not-in-family
22862,Other-relative
22862,Own-child
22862,Unmarried
22862,Wife
28888,Husband
28888,Other-relative
28888,Own-child
28888,Wife
33862,Not-in-family
33862,Unmarried
48578,Husband
48578,Other-relative
48578,Own-child
48578,Wife
39180,Not-in-family
39180,Unmarried
39840,Husband
39840,Other-relative
39840,Own-child
39840,Wife
42133,Husband
42133,Not-in-family
42133,Other-relative
42133,Own-child
42133,Unmarried
42133,Wife
37617,Husband
37617,Other-relative
37617,Own-child
37617,Wife
46104,Husband
46104,Other-relative
46104,Own-child
46104,Wife
36698,Husband
36698,Not-in-family
36698,Other-relative
36698,Own-child
36698,Unmarried
36698,Wife
27585,Husband
27585,Not-in-family
27585,Other-relative
27585,Own-child
27585,Unmarried
27585,Wife
18886,Husband
18886,Other-relative
18886,Own-child
18886,Wife
30447,Husband
30447,Not-in-family
30447,Other-relative
30447,Own-child
30447,Unmarried
30447,Wife
29169,Husband
29169,Not-in-family
29169,Other-relative
29169,Own-child
29169,Unmarried
29169,Wife
27541,Not-in-family
27541,Unmarried
41450,Not-in-family
41450,Unmarried
24897,Husband
24897,Other-relative
24897,Own-child
24897,Wife
32882,Husband
32882,Other-relative
32882,Own-child
32882,Wife
48327,Husband
48327,Other-relative
48327,Own-child
48327,Wife
43154,Husband
43154,Other-relative
43154,Own-child
43154,Wife
26653,Husband
26653,Not-in-family
26653,Other-relative
26653,Own-child
26653,Unmarried
26653,Wife
16923,Husband
16923,Not-in-family
16923,Other-relative
16923,Own-child
16923,Unmarried
16923,Wife
28527,Husband
28527,Not-in-family
28527,Other-relative
28527,Own-child
28527,Unmarried
28527,Wife
22819,Not-in-family
22819,Unmarried
19659,Husband
19659,Not-in-family
19659,Other-relative
19659,Own-child
19659,Unmarried
19659,Wife
42261,Husband
42261,Other-relative
42261,Own-child
42261,Wife
20897,Husband
20897,Other-relative
20897,Own-child
20897,Wife
6986,Husband
6986,Other-relative
6986,Own-child
6986,Wife
8735,Husband
8735,Not-in-family
8735,Other-relative
8735,Own-child
8735,Unmarried
8735,Wife
47971,Husband
47971,Other-relative
47971,Own-child
47971,Wife
30562,Husband
30562,Not-in-family
30562,Other-relative
30562,Own-child
30562,Unmarried
30562,Wife
22506,Not-in-family
22506,Unmarried
6437,Husband
6437,Other-relative
6437,Own-child
6437,Wife
44006,Husband
44006,Other-relative
44006,Own-child
44006,Wife
21113,Husband
21113,Other-relative
21113,Own-child
21113,Wife
41103,Not-in-family
41103,Unmarried
42339,Husband
42339,Not-in-family
42339,Other-relative
42339,Own-child
42339,Unmarried
42339,Wife
48404,Not-in-family
48404,Unmarried
33099,Husband
33099,Not-in-family
33099,Other-relative
33099,Own-child
33099,Unmarried
33099,Wife
27039,Husband
27039,Other-relative
27039,Own-child
27039,Wife
18146,Husband
18146,Not-in-family
18146,Other-relative
18146,Own-child
18146,Unmarried
18146,Wife
16169,Husband
16169,Not-in-family
16169,Other-relative
16169,Own-child
16169,Unmarried
16169,Wife
44046,Husband
44046,Other-relative
44046,Own-child
44046,Wife
43568,Husband
43568,Other-relative
43568,Own-child
43568,Wife
3961,Husband
3961,Not-in-family
3961,Other-relative
3961,Own-child
3961,Unmarried
3961,Wife
6972,Husband
6972,Not-in-family
6972,Other-relative
6972,Own-child
6972,Unmarried
6972,Wife
26577,Not-in-family
26577,Unmarried
31921,Husband
31921,Not-in-family
31921,Other-relative
31921,Own-child
31921,Unmarried
31921,Wife
38610,Husband
38610,Not-in-family
38610,Other-relative
38610,Own-child
38610,Unmarried
38610,Wife
31740,Husband
31740,Other-relative
31740,Own-child
31740,Wife
25740,Not-in-family
25740,Unmarried
42903,Husband
42903,Not-in-family
42903,Other-relative
42903,Own-child
42903,Unmarried
42903,Wife
30143,Husband
30143,Not-in-family
30143,Other-relative
30143,Own-child
30143,Unmarried
30143,Wife
13186,Husband
13186,Other-relative
13186,Own-child
13186,Wife
20623,Not-in-family
20623,Unmarried
21760,Husband
21760,Not-in-family
21760,Other-relative
21760,Own-child
21760,Unmarried
21760,Wife
33120,Husband
33120,Not-in-family
33120,Other-relative
33120,Own-child
33120,Unmarried
33120,Wife
42000,Not-in-family
42000,Unmarried
39084,Husband
39084,Not-in-family
39084,Other-relative
39084,Own-child
39084,Unmarried
39084,Wife
37752,Husband
37752,Not-in-family
37752,Other-relative
37752,Own-child
37752,Unmarried
37752,Wife
4533,Husband
4533,Not-in-family
4533,Other-relative
4533,Own-child
4533,Unmarried
4533,Wife
27210,Husband
27210,Not-in-family
27210,Other-relative
27210,Own-child
27210,Unmarried
27210,Wife
17915,Husband
17915,Not-in-family
17915,Other-relative
17915,Own-child
17915,Unmarried
17915,Wife
38632,Husband
38632,Not-in-family
38632,Other-relative
38632,Own-child
38632,Unmarried
38632,Wife
15522,Husband
15522,Not-in-family
15522,Other-relative
15522,Own-child
15522,Unmarried
15522,Wife
12785,Husband
12785,Not-in-family
12785,Other-relative
12785,Own-child
12785,Unmarried
12785,Wife
32760,Husband
32760,Not-in-family
32760,Other-relative
32760,Own-child
32760,Unmarried
32760,Wife
31746,Husband
31746,Other-relative
31746,Own-child
31746,Wife
17320,Not-in-family
17320,Unmarried
38074,Husband
38074,Not-in-family
38074,Other-relative
38074,Own-child
38074,Unmarried
38074,Wife
11699,Not-in-family
11699,Unmarried
43324,Husband
43324,Not-in-family
43324,Other-relative
43324,Own-child
43324,Unmarried
43324,Wife
7048,Husband
7048,Not-in-family
7048,Other-relative
7048,Own-child
7048,Unmarried
7048,Wife
41485,Husband
41485,Not-in-family
41485,Other-relative
41485,Own-child
41485,Unmarried
41485,Wife
32699,Husband
32699,Other-relative
32699,Own-child
32699,Wife
34201,Husband
34201,Not-in-family
34201,Other-relative
34201,Own-child
34201,Unmarried
34201,Wife
31856,Husband
31856,Not-in-family
31856,Other-relative
31856,Own-child
31856,Unmarried
31856,Wife
36943,Husband
36943,Not-in-family
36943,Other-relative
36943,Own-child
36943,Unmarried
36943,Wife
47407,Husband
47407,Other-relative
47407,Own-child
47407,Wife
39689,Husband
39689,Not-in-family
39689,Other-relative
39689,Own-child
39689,Unmarried
39689,Wife
42757,Husband
42757,Not-in-family
42757,Other-relative
42757,Own-child
42757,Unmarried
42757,Wife
21080,Husband
21080,Other-relative
21080,Own-child
21080,Wife
27069,Husband
27069,Not-in-family
27069,Other-relative
27069,Own-child
27069,Unmarried
27069,Wife
14619,Not-in-family
14619,Unmarried
11043,Not-in-family
11043,Unmarried
13875,Not-in-family
13875,Unmarried
44920,Not-in-family
44920,Unmarried
19984,Husband
19984,Other-relative
19984,Own-child
19984,Wife
45252,Husband
45252,Not-in-family
45252,Other-relative
45252,Own-child
45252,Unmarried
45252,Wife
23483,Husband
23483,Not-in-family
23483,Other-relative
23483,Own-child
23483,Unmarried
23483,Wife
8666,Husband
8666,Not-in-family
8666,Other-relative
8666,Own-child
8666,Unmarried
8666,Wife
35523,Husband
35523,Not-in-family
35523,Other-relative
35523,Own-child
35523,Unmarried
35523,Wife
27090,Not-in-family
27090,Unmarried
30454,Husband
30454,Not-in-family
30454,Other-relative
30454,Own-child
30454,Unmarried
30454,Wife
43809,Husband
43809,Not-in-family
43809,Other-relative
43809,Own-child
43809,Unmarried
43809,Wife
31859,Husband
31859,Not-in-family
31859,Other-relative
31859,Own-child
31859,Unmarried
31859,Wife
29877,Husband
29877,Not-in-family
29877,Other-relative
29877,Own-child
29877,Unmarried
29877,Wife
5086,Husband
5086,Other-relative
5086,Own-child
5086,Wife
31610,Husband
31610,Not-in-family
31610,Other-relative
31610,Own-child
31610,Unmarried
31610,Wife
1210,Husband
1210,Other-relative
1210,Own-child
1210,Wife
37567,Husband
37567,Not-in-family
37567,Other-relative
37567,Own-child
37567,Unmarried
37567,Wife
8155,Not-in-family
8155,Unmarried
18053,Husband
18053,Not-in-family
18053,Other-relative
18053,Own-child
18053,Unmarried
18053,Wife
5379,Husband
5379,Other-relative
5379,Own-child
5379,Wife
24372,Not-in-family
24372,Unmarried
18501,Not-in-family
18501,Unmarried
38588,Husband
38588,Other-relative
38588,Own-child
38588,Wife
18252,Husband
18252,Not-in-family
18252,Other-relative
18252,Own-child
18252,Unmarried
18252,Wife
16316,Husband
16316,Other-relative
16316,Own-child
16316,Wife
12070,Husband
12070,Not-in-family
12070,Other-relative
12070,Own-child
12070,Unmarried
12070,Wife
16095,Husband
16095,Other-relative
16095,Own-child
16095,Wife
24882,Not-in-family
24882,Unmarried
24629,Husband
24629,Not-in-family
24629,Other-relative
24629,Own-child
24629,Unmarried
24629,Wife
6978,Husband
6978,Other-relative
6978,Own-child
6978,Wife
48810,Not-in-family
48810,Unmarried
17026,Husband
17026,Not-in-family
17026,Other-relative
17026,Own-child
17026,Unmarried
17026,Wife
42749,Husband
42749,Not-in-family
42749,Other-relative
42749,Own-child
42749,Unmarried
42749,Wife
39905,Husband
39905,Other-relative
39905,Own-child
39905,Wife
48117,Husband
48117,Other-relative
48117,Own-child
48117,Wife
36075,Husband
36075,Not-in-family
36075,Other-relative
36075,Own-child
36075,Unmarried
36075,Wife
24910,Not-in-family
24910,Unmarried
24316,Husband
24316,Other-relative
24316,Own-child
24316,Wife
9110,Not-in-family
9110,Unmarried
2982,Husband
2982,Other-relative
2982,Own-child
2982,Wife
21377,Not-in-family
21377,Unmarried
35352,Husband
35352,Not-in-family
35352,Other-relative
35352,Own-child
35352,Unmarried
35352,Wife
20787,Husband
20787,Not-in-family
20787,Other-relative
20787,Own-child
20787,Unmarried
20787,Wife
21572,Husband
21572,Other-relative
21572,Own-child
21572,Wife
18265,Husband
18265,Other-relative
18265,Own-child
18265,Wife
29396,Not-in-family
29396,Unmarried
35698,Husband
35698,Not-in-family
35698,Other-relative
35698,Own-child
35698,Unmarried
35698,Wife
9279,Husband
9279,Not-in-family
9279,Other-relative
9279,Own-child
9279,Unmarried
9279,Wife
28956,Husband
28956,Not-in-family
28956,Other-relative
28956,Own-child
28956,Unmarried
28956,Wife
35183,Husband
35183,Not-in-family
35183,Other-relative
35183,Own-child
35183,Unmarried
35183,Wife
27692,Husband
27692,Not-in-family
27692,Other-relative
27692,Own-child
27692,Unmarried
27692,Wife
31924,Husband
31924,Not-in-family
31924,Other-relative
31924,Own-child
31924,Unmarried
31924,Wife
32238,Husband
32238,Not-in-family
32238,Other-relative
32238,Own-child
32238,Unmarried
32238,Wife
48052,Not-in-family
48052,Unmarried
2482,Husband
2482,Not-in-family
2482,Other-relative
2482,Own-child
2482,Unmarried
2482,Wife
17304,Husband
17304,Other-relative
17304,Own-child
17304,Wife
44286,Husband
44286,Not-in-family
44286,Other-relative
44286,Own-child
44286,Unmarried
44286,Wife
17779,Husband
17779,Not-in-family
17779,Other-relative
17779,Own-child
17779,Unmarried
17779,Wife
31620,Husband
31620,Other-relative
31620,Own-child
31620,Wife
14846,Husband
14846,Other-relative
14846,Own-child
14846,Wife
20225,Husband
20225,Other-relative
20225,Own-child
20225,Wife
29783,Husband
29783,Other-relative
29783,Own-child
29783,Wife
47581,Husband
47581,Not-in-family
47581,Other-relative
47581,Own-child
47581,Unmarried
47581,Wife
10654,Husband
10654,Not-in-family
10654,Other-relative
10654,Own-child
10654,Unmarried
10654,Wife
13214,Husband
13214,Other-relative
13214,Own-child
13214,Wife
16643,Husband
16643,Other-relative
16643,Own-child
16643,Wife
31148,Husband
31148,Other-relative
31148,Own-child
31148,Wife
9130,Husband
9130,Other-relative
9130,Own-child
9130,Wife
43352,Husband
43352,Other-relative
43352,Own-child
43352,Wife
10124,Not-in-family
10124,Unmarried
38009,Husband
38009,Not-in-family
38009,Other-relative
38009,Own-child
38009,Unmarried
38009,Wife
15865,Husband
15865,Not-in-family
15865,Other-relative
15865,Own-child
15865,Unmarried
15865,Wife
824,Husband
824,Not-in-family
824,Other-relative
824,Own-child
824,Unmarried
824,Wife
18522,Husband
18522,Not-in-family
18522,Other-relative
18522,Own-child
18522,Unmarried
18522,Wife
16075,Not-in-family
16075,Unmarried
24293,Husband
24293,Not-in-family
24293,Other-relative
24293,Own-child
24293,Unmarried
24293,Wife
33193,Not-in-family
33193,Unmarried
36594,Husband
36594,Not-in-family
36594,Other-relative
36594,Own-child
36594,Unmarried
36594,Wife
12721,Husband
12721,Other-relative
12721,Own-child
12721,Wife
9062,Husband
9062,Other-relative
9062,Own-child
9062,Wife
21198,Husband
21198,Not-in-family
21198,Other-relative
21198,Own-child
21198,Unmarried
21198,Wife
28240,Husband
28240,Not-in-family
28240,Other-relative
28240,Own-child
28240,Unmarried
28240,Wife
25649,Husband
25649,Not-in-family
25649,Other-relative
25649,Own-child
25649,Unmarried
25649,Wife
17802,Not-in-family
17802,Unmarried
34210,Husband
34210,Not-in-family
34210,Other-relative
34210,Own-child
34210,Unmarried
34210,Wife
40985,Husband
40985,Not-in-family
40985,Other-relative
40985,Own-child
40985,Unmarried
40985,Wife
18245,Husband
18245,Other-relative
18245,Own-child
18245,Wife
17332,Husband
17332,Not-in-family
17332,Other-relative
17332,Own-child
17332,Unmarried
17332,Wife
46082,Husband
46082,Not-in-family
46082,Other-relative
46082,Own-child
46082,Unmarried
46082,Wife
44898,Husband
44898,Other-relative
44898,Own-child
44898,Wife
17387,Husband
17387,Not-in-family
17387,Other-relative
17387,Own-child
17387,Unmarried
17387,Wife
25298,Not-in-family
25298,Unmarried
29475,Husband
29475,Other-relative
29475,Own-child
29475,Wife
22926,Husband
22926,Not-in-family
22926,Other-relative
22926,Own-child
22926,Unmarried
22926,Wife
33378,Not-in-family
33378,Unmarried
45389,Husband
45389,Other-relative
45389,Own-child
45389,Wife
46760,Husband
46760,Other-relative
46760,Own-child
46760,Wife
11350,Not-in-family
11350,Unmarried
25027,Husband
25027,Other-relative
25027,Own-child
25027,Wife
31135,Husband
31135,Not-in-family
31135,Other-relative
31135,Own-child
31135,Unmarried
31135,Wife
6052,Husband
6052,Not-in-family
6052,Other-relative
6052,Own-child
6052,Unmarried
6052,Wife
11822,Husband
11822,Not-in-family
11822,Other-relative
11822,Own-child
11822,Unmarried
11822,Wife
38503,Husband
38503,Other-relative
38503,Own-child
38503,Wife
16565,Husband
16565,Not-in-family
16565,Other-relative
16565,Own-child
16565,Unmarried
16565,Wife
28539,Husband
28539,Other-relative
28539,Own-child
28539,Wife
14649,Husband
14649,Not-in-family
14649,Other-relative
14649,Own-child
14649,Unmarried
14649,Wife
20305,Husband
20305,Other-relative
20305,Own-child
20305,Wife
32873,Husband
32873,Other-relative
32873,Own-child
32873,Wife
16819,Husband
16819,Not-in-family
16819,Other-relative
16819,Own-child
16819,Unmarried
16819,Wife
42454,Husband
42454,Not-in-family
42454,Other-relative
42454,Own-child
42454,Unmarried
42454,Wife
13851,Husband
13851,Not-in-family
13851,Other-relative
13851,Own-child
13851,Unmarried
13851,Wife
19357,Not-in-family
19357,Unmarried
12687,Husband
12687,Not-in-family
12687,Other-relative
12687,Own-child
12687,Unmarried
12687,Wife
38612,Not-in-family
38612,Unmarried
19591,Husband
19591,Not-in-family
19591,Other-relative
19591,Own-child
19591,Unmarried
19591,Wife
7685,Husband
7685,Other-relative
7685,Own-child
7685,Wife
48073,Husband
48073,Not-in-family
48073,Other-relative
48073,Own-child
48073,Unmarried
48073,Wife
26213,Husband
26213,Not-in-family
26213,Other-relative
26213,Own-child
26213,Unmarried
26213,Wife
13401,Husband
13401,Other-relative
13401,Own-child
13401,Wife
47397,Husband
47397,Not-in-family
47397,Other-relative
47397,Own-child
47397,Unmarried
47397,Wife
29127,Husband
29127,Not-in-family
29127,Other-relative
29127,Own-child
29127,Unmarried
29127,Wife
39589,Not-in-family
39589,Unmarried
42808,Husband
42808,Other-relative
42808,Own-child
42808,Wife
42505,Husband
42505,Other-relative
42505,Own-child
42505,Wife
31847,Husband
31847,Not-in-family
31847,Other-relative
31847,Own-child
31847,Unmarried
31847,Wife
21687,Not-in-family
21687,Unmarried
6025,Husband
6025,Not-in-family
6025,Other-relative
6025,Own-child
6025,Unmarried
6025,Wife
16536,Husband
16536,Not-in-family
16536,Other-relative
16536,Own-child
16536,Unmarried
16536,Wife
39975,Not-in-family
39975,Unmarried
11298,Husband
11298,Not-in-family
11298,Other-relative
11298,Own-child
11298,Unmarried
11298,Wife
20743,Not-in-family
20743,Unmarried
12632,Husband
12632,Not-in-family
12632,Other-relative
12632,Own-child
12632,Unmarried
12632,Wife
24096,Husband
24096,Not-in-family
24096,Other-relative
24096,Own-child
24096,Unmarried
24096,Wife
21418,Husband
21418,Not-in-family
21418,Other-relative
21418,Own-child
21418,Unmarried
21418,Wife
7390,Husband
7390,Other-relative
7390,Own-child
7390,Wife
11020,Not-in-family
11020,Unmarried
40711,Husband
40711,Not-in-family
40711,Other-relative
40711,Own-child
40711,Unmarried
40711,Wife
34848,Not-in-family
34848,Unmarried
15211,Not-in-family
15211,Unmarried
34966,Husband
34966,Not-in-family
34966,Other-relative
34966,Own-child
34966,Unmarried
34966,Wife
696,Not-in-family
696,Unmarried
26746,Husband
26746,Not-in-family
26746,Other-relative
26746,Own-child
26746,Unmarried
26746,Wife
1248,Husband
1248,Not-in-family
1248,Other-relative
1248,Own-child
1248,Unmarried
1248,Wife
10573,Husband
10573,Not-in-family
10573,Other-relative
10573,Own-child
10573,Unmarried
10573,Wife
31040,Husband
31040,Not-in-family
31040,Other-relative
31040,Own-child
31040,Unmarried
31040,Wife
28592,Not-in-family
28592,Unmarried
14421,Husband
14421,Other-relative
14421,Own-child
14421,Wife
8469,Husband
8469,Not-in-family
8469,Other-relative
8469,Own-child
8469,Unmarried
8469,Wife
40000,Husband
40000,Not-in-family
40000,Other-relative
40000,Own-child
40000,Unmarried
40000,Wife
13857,Husband
13857,Not-in-family
13857,Other-relative
13857,Own-child
13857,Unmarried
13857,Wife
7297,Husband
7297,Not-in-family
7297,Other-relative
7297,Own-child
7297,Unmarried
7297,Wife
45576,Husband
45576,Other-relative
45576,Own-child
45576,Wife
33546,Not-in-family
33546,Unmarried
8971,Husband
8971,Other-relative
8971,Own-child
8971,Wife
13892,Husband
13892,Other-relative
13892,Own-child
13892,Wife
18743,Husband
18743,Not-in-family
18743,Other-relative
18743,Own-child
18743,Unmarried
18743,Wife
23779,Husband
23779,Other-relative
23779,Own-child
23779,Wife
1984,Husband
1984,Not-in-family
1984,Other-relative
1984,Own-child
1984,Unmarried
1984,Wife
4850,Husband
4850,Other-relative
4850,Own-child
4850,Wife
20058,Husband
20058,Not-in-family
20058,Other-relative
20058,Own-child
20058,Unmarried
20058,Wife
25702,Husband
25702,Not-in-family
25702,Other-relative
25702,Own-child
25702,Unmarried
25702,Wife
2215,Husband
2215,Other-relative
2215,Own-child
2215,Wife
48626,Husband
48626,Not-in-family
48626,Other-relative
48626,Own-child
48626,Unmarried
48626,Wife
10091,Husband
10091,Not-in-family
10091,Other-relative
10091,Own-child
10091,Unmarried
10091,Wife
31919,Husband
31919,Other-relative
31919,Own-child
31919,Wife
20162,Husband
20162,Other-relative
20162,Own-child
20162,Wife
32649,Not-in-family
32649,Unmarried
26849,Husband
26849,Other-relative
26849,Own-child
26849,Wife
23795,Husband
23795,Not-in-family
23795,Other-relative
23795,Own-child
23795,Unmarried
23795,Wife
34488,Husband
34488,Not-in-family
34488,Other-relative
34488,Own-child
34488,Unmarried
34488,Wife
45621,Not-in-family
45621,Unmarried
25534,Husband
25534,Other-relative
25534,Own-child
25534,Wife
38445,Husband
38445,Other-relative
38445,Own-child
38445,Wife
29736,Husband
29736,Other-relative
29736,Own-child
29736,Wife
14076,Husband
14076,Other-relative
14076,Own-child
14076,Wife
2411,Husband
2411,Not-in-family
2411,Other-relative
2411,Own-child
2411,Unmarried
2411,Wife
26690,Husband
26690,Other-relative
26690,Own-child
26690,Wife
4133,Husband
4133,Other-relative
4133,Own-child
4133,Wife
47952,Husband
47952,Not-in-family
47952,Other-relative
47952,Own-child
47952,Unmarried
47952,Wife
15707,Husband
15707,Not-in-family
15707,Other-relative
15707,Own-child
15707,Unmarried
15707,Wife
31582,Not-in-family
31582,Unmarried
4643,Husband
4643,Not-in-family
4643,Other-relative
4643,Own-child
4643,Unmarried
4643,Wife
46662,Husband
46662,Other-relative
46662,Own-child
46662,Wife
19895,Husband
19895,Other-relative
19895,Own-child
19895,Wife
24190,Husband
24190,Not-in-family
24190,Other-relative
24190,Own-child
24190,Unmarried
24190,Wife
23491,Husband
23491,Not-in-family
23491,Other-relative
23491,Own-child
23491,Unmarried
23491,Wife
31090,Husband
31090,Not-in-family
31090,Other-relative
31090,Own-child
31090,Unmarried
31090,Wife
47779,Not-in-family
47779,Unmarried
8000,Husband
8000,Other-relative
8000,Own-child
8000,Wife
9150,Husband
9150,Other-relative
9150,Own-child
9150,Wife
42510,Husband
42510,Not-in-family
42510,Other-relative
42510,Own-child
42510,Unmarried
42510,Wife
38472,Husband
38472,Not-in-family
38472,Other-relative
38472,Own-child
38472,Unmarried
38472,Wife
33552,Husband
33552,Not-in-family
33552,Other-relative
33552,Own-child
33552,Unmarried
33552,Wife
28886,Husband
28886,Not-in-family
28886,Other-relative
28886,Own-child
28886,Unmarried
28886,Wife
11515,Not-in-family
11515,Unmarried
31857,Husband
31857,Other-relative
31857,Own-child
31857,Wife
28535,Husband
28535,Not-in-family
28535,Other-relative
28535,Own-child
28535,Unmarried
28535,Wife
48841,Husband
48841,Other-relative
48841,Own-child
48841,Wife
25090,Husband
25090,Not-in-family
25090,Other-relative
25090,Own-child
25090,Unmarried
25090,Wife
19581,Husband
19581,Not-in-family
19581,Other-relative
19581,Own-child
19581,Unmarried
19581,Wife
3168,Husband
3168,Not-in-family
3168,Other-relative
3168,Own-child
3168,Unmarried
3168,Wife
8335,Husband
8335,Not-in-family
8335,Other-relative
8335,Own-child
8335,Unmarried
8335,Wife
4161,Husband
4161,Not-in-family
4161,Other-relative
4161,Own-child
4161,Unmarried
4161,Wife
29294,Husband
29294,Not-in-family
29294,Other-relative
29294,Own-child
29294,Unmarried
29294,Wife
15198,Husband
15198,Not-in-family
15198,Other-relative
15198,Own-child
15198,Unmarried
15198,Wife
5338,Husband
5338,Not-in-family
5338,Other-relative
5338,Own-child
5338,Unmarried
5338,Wife
31282,Husband
31282,Not-in-family
31282,Other-relative
31282,Own-child
31282,Unmarried
31282,Wife
11653,Husband
11653,Other-relative
11653,Own-child
11653,Wife
45478,Husband
45478,Not-in-family
45478,Other-relative
45478,Own-child
45478,Unmarried
45478,Wife
8854,Husband
8854,Other-relative
8854,Own-child
8854,Wife
25719,Not-in-family
25719,Unmarried
42430,Husband
42430,Other-relative
42430,Own-child
42430,Wife
15018,Husband
15018,Not-in-family
15018,Other-relative
15018,Own-child
15018,Unmarried
15018,Wife
18124,Not-in-family
18124,Unmarried
12739,Husband
12739,Not-in-family
12739,Other-relative
12739,Own-child
12739,Unmarried
12739,Wife
31811,Husband
31811,Other-relative
31811,Own-child
31811,Wife
43803,Husband
43803,Not-in-family
43803,Other-relative
43803,Own-child
43803,Unmarried
43803,Wife
32759,Not-in-family
32759,Unmarried
12389,Husband
12389,Not-in-family
12389,Other-relative
12389,Own-child
12389,Unmarried
12389,Wife
31933,Not-in-family
31933,Unmarried
19209,Husband
19209,Other-relative
19209,Own-child
19209,Wife
22546,Husband
22546,Other-relative
22546,Own-child
22546,Wife
45242,Husband
45242,Not-in-family
45242,Other-relative
45242,Own-child
45242,Unmarried
45242,Wife
15348,Husband
15348,Other-relative
15348,Own-child
15348,Wife
33403,Husband
33403,Other-relative
33403,Own-child
33403,Wife
12618,Not-in-family
12618,Unmarried
25203,Husband
25203,Other-relative
25203,Own-child
25203,Wife
23082,Husband
23082,Not-in-family
23082,Other-relative
23082,Own-child
23082,Unmarried
23082,Wife
5557,Husband
5557,Not-in-family
5557,Other-relative
5557,Own-child
5557,Unmarried
5557,Wife
22436,Husband
22436,Other-relative
22436,Own-child
22436,Wife
30563,Husband
30563,Not-in-family
30563,Other-relative
30563,Own-child
30563,Unmarried
30563,Wife
14380,Husband
14380,Not-in-family
14380,Other-relative
14380,Own-child
14380,Unmarried
14380,Wife
8955,Husband
8955,Not-in-family
8955,Other-relative
8955,Own-child
8955,Unmarried
8955,Wife
3658,Husband
3658,Other-relative
3658,Own-child
3658,Wife
20503,Husband
20503,Not-in-family
20503,Other-relative
20503,Own-child
20503,Unmarried
20503,Wife
22166,Husband
22166,Not-in-family
22166,Other-relative
22166,Own-child
22166,Unmarried
22166,Wife
3505,Husband
3505,Other-relative
3505,Own-child
3505,Wife
10467,Husband
10467,Not-in-family
10467,Other-relative
10467,Own-child
10467,Unmarried
10467,Wife
39653,Husband
39653,Other-relative
39653,Own-child
39653,Wife
36080,Husband
36080,Other-relative
36080,Own-child
36080,Wife
36645,Husband
36645,Not-in-family
36645,Other-relative
36645,Own-child
36645,Unmarried
36645,Wife
40229,Husband
40229,Not-in-family
40229,Other-relative
40229,Own-child
40229,Unmarried
40229,Wife
23220,Not-in-family
23220,Unmarried
47852,Husband
47852,Other-relative
47852,Own-child
47852,Wife
5276,Husband
5276,Other-relative
5276,Own-child
5276,Wife
1132,Husband
1132,Not-in-family
1132,Other-relative
1132,Own-child
1132,Unmarried
1132,Wife
30179,Husband
30179,Not-in-family
30179,Other-relative
30179,Own-child
30179,Unmarried
30179,Wife
37912,Not-in-family
37912,Unmarried
1637,Not-in-family
1637,Unmarried
23157,Husband
23157,Not-in-family
23157,Other-relative
23157,Own-child
23157,Unmarried
23157,Wife
38177,Husband
38177,Not-in-family
38177,Other-relative
38177,Own-child
38177,Unmarried
38177,Wife
38585,Husband
38585,Not-in-family
38585,Other-relative
38585,Own-child
38585,Unmarried
38585,Wife
2068,Husband
2068,Not-in-family
2068,Other-relative
2068,Own-child
2068,Unmarried
2068,Wife
10758,Husband
10758,Not-in-family
10758,Other-relative
10758,Own-child
10758,Unmarried
10758,Wife
11828,Husband
11828,Other-relative
11828,Own-child
11828,Wife
46242,Husband
46242,Not-in-family
46242,Other-relative
46242,Own-child
46242,Unmarried
46242,Wife
3515,Husband
3515,Not-in-family
3515,Other-relative
3515,Own-child
3515,Unmarried
3515,Wife
9641,Not-in-family
9641,Unmarried
9769,Husband
9769,Not-in-family
9769,Other-relative
9769,Own-child
9769,Unmarried
9769,Wife
13004,Husband
13004,Other-relative
13004,Own-child
13004,Wife
30597,Husband
30597,Not-in-family
30597,Other-relative
30597,Own-child
30597,Unmarried
30597,Wife
41767,Husband
41767,Not-in-family
41767,Other-relative
41767,Own-child
41767,Unmarried
41767,Wife
42288,Husband
42288,Not-in-family
42288,Other-relative
42288,Own-child
42288,Unmarried
42288,Wife
1976,Not-in-family
1976,Unmarried
33343,Husband
33343,Other-relative
33343,Own-child
33343,Wife
29995,Not-in-family
29995,Unmarried
6628,Husband
6628,Not-in-family
6628,Other-relative
6628,Own-child
6628,Unmarried
6628,Wife
31404,Husband
31404,Not-in-family
31404,Other-relative
31404,Own-child
31404,Unmarried
31404,Wife
45585,Husband
45585,Other-relative
45585,Own-child
45585,Wife
37307,Husband
37307,Not-in-family
37307,Other-relative
37307,Own-child
37307,Unmarried
37307,Wife
45219,Husband
45219,Other-relative
45219,Own-child
45219,Wife
31513,Not-in-family
31513,Unmarried
6821,Not-in-family
6821,Unmarried
11996,Husband
11996,Not-in-family
11996,Other-relative
11996,Own-child
11996,Unmarried
11996,Wife
105,Husband
105,Not-in-family
105,Other-relative
105,Own-child
105,Unmarried
105,Wife
8921,Not-in-family
8921,Unmarried
23317,Husband
23317,Other-relative
23317,Own-child
23317,Wife
8571,Husband
8571,Other-relative
8571,Own-child
8571,Wife
42703,Husband
42703,Not-in-family
42703,Other-relative
42703,Own-child
42703,Unmarried
42703,Wife
44202,Husband
44202,Other-relative
44202,Own-child
44202,Wife
8041,Husband
8041,Not-in-family
8041,Other-relative
8041,Own-child
8041,Unmarried
8041,Wife
17956,Husband
17956,Not-in-family
17956,Other-relative
17956,Own-child
17956,Unmarried
17956,Wife
16697,Husband
16697,Not-in-family
16697,Other-relative
16697,Own-child
16697,Unmarried
16697,Wife
8762,Not-in-family
8762,Unmarried
40693,Husband
40693,Not-in-family
40693,Other-relative
40693,Own-child
40693,Unmarried
40693,Wife
20807,Husband
20807,Other-relative
20807,Own-child
20807,Wife
5176,Husband
5176,Not-in-family
5176,Other-relative
5176,Own-child
5176,Unmarried
5176,Wife
27864,Husband
27864,Not-in-family
27864,Other-relative
27864,Own-child
27864,Unmarried
27864,Wife
35318,Husband
35318,Not-in-family
35318,Other-relative
35318,Own-child
35318,Unmarried
35318,Wife
48399,Husband
48399,Not-in-family
48399,Other-relative
48399,Own-child
48399,Unmarried
48399,Wife
16204,Husband
16204,Other-relative
16204,Own-child
16204,Wife
42825,Husband
42825,Not-in-family
42825,Other-relative
42825,Own-child
42825,Unmarried
42825,Wife
33850,Husband
33850,Other-relative
33850,Own-child
33850,Wife
29792,Not-in-family
29792,Unmarried
39293,Not-in-family
39293,Unmarried
25589,Husband
25589,Other-relative
25589,Own-child
25589,Wife
13909,Not-in-family
13909,Unmarried
24812,Husband
24812,Not-in-family
24812,Other-relative
24812,Own-child
24812,Unmarried
24812,Wife
27577,Husband
27577,Not-in-family
27577,Other-relative
27577,Own-child
27577,Unmarried
27577,Wife
35969,Husband
35969,Not-in-family
35969,Other-relative
35969,Own-child
35969,Unmarried
35969,Wife
43721,Not-in-family
43721,Unmarried
39035,Husband
39035,Not-in-family
39035,Other-relative
39035,Own-child
39035,Unmarried
39035,Wife
41690,Husband
41690,Not-in-family
41690,Other-relative
41690,Own-child
41690,Unmarried
41690,Wife
18578,Husband
18578,Other-relative
18578,Own-child
18578,Wife
43505,Husband
43505,Other-relative
43505,Own-child
43505,Wife
31713,Husband
31713,Other-relative
31713,Own-child
31713,Wife
39160,Husband
39160,Not-in-family
39160,Other-relative
39160,Own-child
39160,Unmarried
39160,Wife
31640,Husband
31640,Not-in-family
31640,Other-relative
31640,Own-child
31640,Unmarried
31640,Wife
29243,Husband
29243,Other-relative
29243,Own-child
29243,Wife
46325,Not-in-family
46325,Unmarried
4180,Husband
4180,Other-relative
4180,Own-child
4180,Wife
26166,Husband
26166,Not-in-family
26166,Other-relative
26166,Own-child
26166,Unmarried
26166,Wife
35937,Husband
35937,Not-in-family
35937,Other-relative
35937,Own-child
35937,Unmarried
35937,Wife
367,Not-in-family
367,Unmarried
27766,Husband
27766,Not-in-family
27766,Other-relative
27766,Own-child
27766,Unmarried
27766,Wife
11887,Not-in-family
11887,Unmarried
27455,Not-in-family
27455,Unmarried
12242,Not-in-family
12242,Unmarried
42764,Husband
42764,Not-in-family
42764,Other-relative
42764,Own-child
42764,Unmarried
42764,Wife
47527,Husband
47527,Not-in-family
47527,Other-relative
47527,Own-child
47527,Unmarried
47527,Wife
43875,Not-in-family
43875,Unmarried
7315,Husband
7315,Not-in-family
7315,Other-relative
7315,Own-child
7315,Unmarried
7315,Wife
41085,Husband
41085,Other-relative
41085,Own-child
41085,Wife
35729,Husband
35729,Other-relative
35729,Own-child
35729,Wife
11796,Husband
11796,Not-in-family
11796,Other-relative
11796,Own-child
11796,Unmarried
11796,Wife
6657,Husband
6657,Not-in-family
6657,Other-relative
6657,Own-child
6657,Unmarried
6657,Wife
35244,Husband
35244,Not-in-family
35244,Other-relative
35244,Own-child
35244,Unmarried
35244,Wife
17844,Not-in-family
17844,Unmarried
16652,Not-in-family
16652,Unmarried
18222,Husband
18222,Other-relative
18222,Own-child
18222,Wife
28898,Husband
28898,Not-in-family
28898,Other-relative
28898,Own-child
28898,Unmarried
28898,Wife
25464,Not-in-family
25464,Unmarried
14947,Not-in-family
14947,Unmarried
1498,Husband
1498,Other-relative
1498,Own-child
1498,Wife
48311,Husband
48311,Other-relative
48311,Own-child
48311,Wife
25908,Husband
25908,Other-relative
25908,Own-child
25908,Wife
20734,Husband
20734,Not-in-family
20734,Other-relative
20734,Own-child
20734,Unmarried
20734,Wife
46978,Husband
46978,Not-in-family
46978,Other-relative
46978,Own-child
46978,Unmarried
46978,Wife
25593,Husband
25593,Not-in-family
25593,Other-relative
25593,Own-child
25593,Unmarried
25593,Wife
37958,Not-in-family
37958,Unmarried
1632,Husband
1632,Other-relative
1632,Own-child
1632,Wife
28627,Husband
28627,Other-relative
28627,Own-child
28627,Wife
47721,Husband
47721,Not-in-family
47721,Other-relative
47721,Own-child
47721,Unmarried
47721,Wife
8357,Husband
8357,Not-in-family
8357,Other-relative
8357,Own-child
8357,Unmarried
8357,Wife
27142,Husband
27142,Other-relative
27142,Own-child
27142,Wife
14970,Husband
14970,Not-in-family
14970,Other-relative
14970,Own-child
14970,Unmarried
14970,Wife
13736,Husband
13736,Other-relative
13736,Own-child
13736,Wife
9003,Husband
9003,Not-in-family
9003,Other-relative
9003,Own-child
9003,Unmarried
9003,Wife
48206,Husband
48206,Not-in-family
48206,Other-relative
48206,Own-child
48206,Unmarried
48206,Wife
28583,Husband
28583,Not-in-family
28583,Other-relative
28583,Own-child
28583,Unmarried
28583,Wife
30916,Not-in-family
30916,Unmarried
9294,Husband
9294,Not-in-family
9294,Other-relative
9294,Own-child
9294,Unmarried
9294,Wife
31638,Not-in-family
31638,Unmarried
12670,Husband
12670,Other-relative
12670,Own-child
12670,Wife
6960,Husband
6960,Other-relative
6960,Own-child
6960,Wife
6763,Husband
6763,Not-in-family
6763,Other-relative
6763,Own-child
6763,Unmarried
6763,Wife
10252,Husband
10252,Not-in-family
10252,Other-relative
10252,Own-child
10252,Unmarried
10252,Wife
46079,Husband
46079,Not-in-family
46079,Other-relative
46079,Own-child
46079,Unmarried
46079,Wife
21546,Husband
21546,Not-in-family
21546,Other-relative
21546,Own-child
21546,Unmarried
21546,Wife
39505,Husband
39505,Not-in-family
39505,Other-relative
39505,Own-child
39505,Unmarried
39505,Wife
34143,Husband
34143,Other-relative
34143,Own-child
34143,Wife
25618,Husband
25618,Not-in-family
25618,Other-relative
25618,Own-child
25618,Unmarried
25618,Wife
41590,Husband
41590,Other-relative
41590,Own-child
41590,Wife
45925,Husband
45925,Not-in-family
45925,Other-relative
45925,Own-child
45925,Unmarried
45925,Wife
16288,Husband
16288,Other-relative
16288,Own-child
16288,Wife
10393,Husband
10393,Not-in-family
10393,Other-relative
10393,Own-child
10393,Unmarried
10393,Wife
13480,Husband
13480,Other-relative
13480,Own-child
13480,Wife
42,Husband
42,Not-in-family
42,Other-relative
42,Own-child
42,Unmarried
42,Wife
44752,Husband
44752,Not-in-family
44752,Other-relative
44752,Own-child
44752,Unmarried
44752,Wife
40914,Husband
40914,Not-in-family
40914,Other-relative
40914,Own-child
40914,Unmarried
40914,Wife
13576,Not-in-family
13576,Unmarried
31730,Husband
31730,Other-relative
31730,Own-child
31730,Wife
26133,Husband
26133,Not-in-family
26133,Other-relative
26133,Own-child
26133,Unmarried
26133,Wife
44590,Husband
44590,Other-relative
44590,Own-child
44590,Wife
32293,Husband
32293,Not-in-family
32293,Other-relative
32293,Own-child
32293,Unmarried
32293,Wife
21906,Husband
21906,Not-in-family
21906,Other-relative
21906,Own-child
21906,Unmarried
21906,Wife
11882,Not-in-family
11882,Unmarried
3176,Husband
3176,Other-relative
3176,Own-child
3176,Wife
21708,Husband
21708,Not-in-family
21708,Other-relative
21708,Own-child
21708,Unmarried
21708,Wife
7389,Husband
7389,Not-in-family
7389,Other-relative
7389,Own-child
7389,Unmarried
7389,Wife
4916,Husband
4916,Not-in-family
4916,Other-relative
4916,Own-child
4916,Unmarried
4916,Wife
14032,Husband
14032,Not-in-family
14032,Other-relative
14032,Own-child
14032,Unmarried
14032,Wife
30548,Husband
30548,Other-relative
30548,Own-child
30548,Wife
6671,Husband
6671,Not-in-family
6671,Other-relative
6671,Own-child
6671,Unmarried
6671,Wife
47977,Not-in-family
47977,Unmarried
37227,Husband
37227,Other-relative
37227,Own-child
37227,Wife
10454,Husband
10454,Not-in-family
10454,Other-relative
10454,Own-child
10454,Unmarried
10454,Wife
38539,Husband
38539,Not-in-family
38539,Other-relative
38539,Own-child
38539,Unmarried
38539,Wife
178,Husband
178,Other-relative
178,Own-child
178,Wife
48592,Husband
48592,Other-relative
48592,Own-child
48592,Wife
30602,Husband
30602,Other-relative
30602,Own-child
30602,Wife
20778,Husband
20778,Other-relative
20778,Own-child
20778,Wife
13034,Husband
13034,Other-relative
13034,Own-child
13034,Wife
39183,Husband
39183,Other-relative
39183,Own-child
39183,Wife
25705,Husband
25705,Not-in-family
25705,Other-relative
25705,Own-child
25705,Unmarried
25705,Wife
28312,Husband
28312,Other-relative
28312,Own-child
28312,Wife
37943,Husband
37943,Not-in-family
37943,Other-relative
37943,Own-child
37943,Unmarried
37943,Wife
4376,Husband
4376,Other-relative
4376,Own-child
4376,Wife
33168,Husband
33168,Not-in-family
33168,Other-relative
33168,Own-child
33168,Unmarried
33168,Wife
18096,Husband
18096,Not-in-family
18096,Other-relative
18096,Own-child
18096,Unmarried
18096,Wife
10121,Husband
10121,Not-in-family
10121,Other-relative
10121,Own-child
10121,Unmarried
10121,Wife
20010,Not-in-family
20010,Unmarried
21736,Husband
21736,Other-relative
21736,Own-child
21736,Wife
26545,Husband
26545,Other-relative
26545,Own-child
26545,Wife
31639,Husband
31639,Not-in-family
31639,Other-relative
31639,Own-child
31639,Unmarried
31639,Wife
13630,Husband
13630,Not-in-family
13630,Other-relative
13630,Own-child
13630,Unmarried
13630,Wife
15906,Husband
15906,Other-relative
15906,Own-child
15906,Wife
21904,Husband
21904,Other-relative
21904,Own-child
21904,Wife
18776,Not-in-family
18776,Unmarried
15041,Husband
15041,Not-in-family
15041,Other-relative
15041,Own-child
15041,Unmarried
15041,Wife
3148,Husband
3148,Other-relative
3148,Own-child
3148,Wife
29339,Husband
29339,Not-in-family
29339,Other-relative
29339,Own-child
29339,Unmarried
29339,Wife
16394,Husband
16394,Not-in-family
16394,Other-relative
16394,Own-child
16394,Unmarried
16394,Wife
39997,Not-in-family
39997,Unmarried
343,Not-in-family
343,Unmarried
27644,Husband
27644,Not-in-family
27644,Other-relative
27644,Own-child
27644,Unmarried
27644,Wife
15882,Husband
15882,Not-in-family
15882,Other-relative
15882,Own-child
15882,Unmarried
15882,Wife
46994,Husband
46994,Other-relative
46994,Own-child
46994,Wife
34386,Not-in-family
34386,Unmarried
48323,Not-in-family
48323,Unmarried
21068,Not-in-family
21068,Unmarried
38556,Husband
38556,Not-in-family
38556,Other-relative
38556,Own-child
38556,Unmarried
38556,Wife
8016,Husband
8016,Not-in-family
8016,Other-relative
8016,Own-child
8016,Unmarried
8016,Wife
25631,Husband
25631,Not-in-family
25631,Other-relative
25631,Own-child
25631,Unmarried
25631,Wife
32468,Husband
32468,Not-in-family
32468,Other-relative
32468,Own-child
32468,Unmarried
32468,Wife
4993,Husband
4993,Not-in-family
4993,Other-relative
4993,Own-child
4993,Unmarried
4993,Wife
45207,Not-in-family
45207,Unmarried
33435,Husband
33435,Not-in-family
33435,Other-relative
33435,Own-child
33435,Unmarried
33435,Wife
29937,Husband
29937,Not-in-family
29937,Other-relative
29937,Own-child
29937,Unmarried
29937,Wife
40609,Husband
40609,Not-in-family
40609,Other-relative
40609,Own-child
40609,Unmarried
40609,Wife
12905,Husband
12905,Not-in-family
12905,Other-relative
12905,Own-child
12905,Unmarried
12905,Wife
22642,Husband
22642,Not-in-family
22642,Other-relative
22642,Own-child
22642,Unmarried
22642,Wife
27211,Husband
27211,Not-in-family
27211,Other-relative
27211,Own-child
27211,Unmarried
27211,Wife
30442,Husband
30442,Other-relative
30442,Own-child
30442,Wife
21401,Husband
21401,Not-in-family
21401,Other-relative
21401,Own-child
21401,Unmarried
21401,Wife
33147,Husband
33147,Not-in-family
33147,Other-relative
33147,Own-child
33147,Unmarried
33147,Wife
39527,Husband
39527,Not-in-family
39527,Other-relative
39527,Own-child
39527,Unmarried
39527,Wife
33777,Husband
33777,Other-relative
33777,Own-child
33777,Wife
40803,Not-in-family
40803,Unmarried
37477,Husband
37477,Not-in-family
37477,Other-relative
37477,Own-child
37477,Unmarried
37477,Wife
21445,Not-in-family
21445,Unmarried
2074,Husband
2074,Other-relative
2074,Own-child
2074,Wife
1234,Husband
1234,Not-in-family
1234,Other-relative
1234,Own-child
1234,Unmarried
1234,Wife
28463,Husband
28463,Not-in-family
28463,Other-relative
28463,Own-child
28463,Unmarried
28463,Wife
8667,Husband
8667,Other-relative
8667,Own-child
8667,Wife
24166,Husband
24166,Other-relative
24166,Own-child
24166,Wife
38376,Husband
38376,Not-in-family
38376,Other-relative
38376,Own-child
38376,Unmarried
38376,Wife
39142,Husband
39142,Not-in-family
39142,Other-relative
39142,Own-child
39142,Unmarried
39142,Wife
23036,Husband
23036,Not-in-family
23036,Other-relative
23036,Own-child
23036,Unmarried
23036,Wife
45601,Husband
45601,Not-in-family
45601,Other-relative
45601,Own-child
45601,Unmarried
45601,Wife
13400,Not-in-family
13400,Unmarried
16763,Husband
16763,Other-relative
16763,Own-child
16763,Wife
20720,Husband
20720,Not-in-family
20720,Other-relative
20720,Own-child
20720,Unmarried
20720,Wife
6769,Husband
6769,Not-in-family
6769,Other-relative
6769,Own-child
6769,Unmarried
6769,Wife
28689,Husband
28689,Not-in-family
28689,Other-relative
28689,Own-child
28689,Unmarried
28689,Wife
21748,Husband
21748,Not-in-family
21748,Other-relative
21748,Own-child
21748,Unmarried
21748,Wife
45492,Not-in-family
45492,Unmarried
41394,Husband
41394,Not-in-family
41394,Other-relative
41394,Own-child
41394,Unmarried
41394,Wife
4708,Husband
4708,Not-in-family
4708,Other-relative
4708,Own-child
4708,Unmarried
4708,Wife
25727,Husband
25727,Other-relative
25727,Own-child
25727,Wife
20226,Husband
20226,Other-relative
20226,Own-child
20226,Wife
42930,Husband
42930,Not-in-family
42930,Other-relative
42930,Own-child
42930,Unmarried
42930,Wife
41675,Husband
41675,Not-in-family
41675,Other-relative
41675,Own-child
41675,Unmarried
41675,Wife
38456,Husband
38456,Not-in-family
38456,Other-relative
38456,Own-child
38456,Unmarried
38456,Wife
8498,Husband
8498,Other-relative
8498,Own-child
8498,Wife
20011,Husband
20011,Not-in-family
20011,Other-relative
20011,Own-child
20011,Unmarried
20011,Wife
2774,Husband
2774,Not-in-family
2774,Other-relative
2774,Own-child
2774,Unmarried
2774,Wife
31782,Not-in-family
31782,Unmarried
31414,Not-in-family
31414,Unmarried
7710,Husband
7710,Other-relative
7710,Own-child
7710,Wife
877,Husband
877,Not-in-family
877,Other-relative
877,Own-child
877,Unmarried
877,Wife
12541,Husband
12541,Not-in-family
12541,Other-relative
12541,Own-child
12541,Unmarried
12541,Wife
29649,Husband
29649,Not-in-family
29649,Other-relative
29649,Own-child
29649,Unmarried
29649,Wife
19126,Husband
19126,Not-in-family
19126,Other-relative
19126,Own-child
19126,Unmarried
19126,Wife
24354,Not-in-family
24354,Unmarried
9308,Husband
9308,Not-in-family
9308,Other-relative
9308,Own-child
9308,Unmarried
9308,Wife
42951,Husband
42951,Other-relative
42951,Own-child
42951,Wife
12572,Husband
12572,Not-in-family
12572,Other-relative
12572,Own-child
12572,Unmarried
12572,Wife
38693,Husband
38693,Other-relative
38693,Own-child
38693,Wife
39519,Not-in-family
39519,Unmarried
15059,Not-in-family
15059,Unmarried
24859,Husband
24859,Other-relative
24859,Own-child
24859,Wife
14724,Husband
14724,Not-in-family
14724,Other-relative
14724,Own-child
14724,Unmarried
14724,Wife
36248,Husband
36248,Other-relative
36248,Own-child
36248,Wife
31140,Not-in-family
31140,Unmarried
4487,Husband
4487,Other-relative
4487,Own-child
4487,Wife
16119,Husband
16119,Not-in-family
16119,Other-relative
16119,Own-child
16119,Unmarried
16119,Wife
42314,Husband
42314,Not-in-family
42314,Other-relative
42314,Own-child
42314,Unmarried
42314,Wife
42572,Husband
42572,Other-relative
42572,Own-child
42572,Wife
21457,Husband
21457,Other-relative
21457,Own-child
21457,Wife
36330,Husband
36330,Not-in-family
36330,Other-relative
36330,Own-child
36330,Unmarried
36330,Wife
9668,Husband
9668,Not-in-family
9668,Other-relative
9668,Own-child
9668,Unmarried
9668,Wife
23195,Husband
23195,Other-relative
23195,Own-child
23195,Wife
23423,Husband
23423,Other-relative
23423,Own-child
23423,Wife
5730,Husband
5730,Not-in-family
5730,Other-relative
5730,Own-child
5730,Unmarried
5730,Wife
40548,Husband
40548,Other-relative
40548,Own-child
40548,Wife
31206,Husband
31206,Not-in-family
31206,Other-relative
31206,Own-child
31206,Unmarried
31206,Wife
35826,Not-in-family
35826,Unmarried
40204,Husband
40204,Not-in-family
40204,Other-relative
40204,Own-child
40204,Unmarried
40204,Wife
26488,Husband
26488,Not-in-family
26488,Other-relative
26488,Own-child
26488,Unmarried
26488,Wife
12225,Husband
12225,Not-in-family
12225,Other-relative
12225,Own-child
12225,Unmarried
12225,Wife
6031,Husband
6031,Not-in-family
6031,Other-relative
6031,Own-child
6031,Unmarried
6031,Wife
4481,Husband
4481,Not-in-family
4481,Other-relative
4481,Own-child
4481,Unmarried
4481,Wife
27710,Husband
27710,Other-relative
27710,Own-child
27710,Wife
36351,Husband
36351,Not-in-family
36351,Other-relative
36351,Own-child
36351,Unmarried
36351,Wife
34263,Not-in-family
34263,Unmarried
32479,Husband
32479,Other-relative
32479,Own-child
32479,Wife
19760,Husband
19760,Not-in-family
19760,Other-relative
19760,Own-child
19760,Unmarried
19760,Wife
24570,Husband
24570,Not-in-family
24570,Other-relative
24570,Own-child
24570,Unmarried
24570,Wife
39165,Not-in-family
39165,Unmarried
1910,Husband
1910,Not-in-family
1910,Other-relative
1910,Own-child
1910,Unmarried
1910,Wife
9788,Husband
9788,Not-in-family
9788,Other-relative
9788,Own-child
9788,Unmarried
9788,Wife
1786,Husband
1786,Not-in-family
1786,Other-relative
1786,Own-child
1786,Unmarried
1786,Wife
13796,Husband
13796,Other-relative
13796,Own-child
13796,Wife
40590,Husband
40590,Other-relative
40590,Own-child
40590,Wife
45088,Husband
45088,Not-in-family
45088,Other-relative
45088,Own-child
45088,Unmarried
45088,Wife
42555,Husband
42555,Other-relative
42555,Own-child
42555,Wife
30017,Husband
30017,Not-in-family
30017,Other-relative
30017,Own-child
30017,Unmarried
30017,Wife
46909,Husband
46909,Not-in-family
46909,Other-relative
46909,Own-child
46909,Unmarried
46909,Wife
3610,Husband
3610,Other-relative
3610,Own-child
3610,Wife
8135,Husband
8135,Not-in-family
8135,Other-relative
8135,Own-child
8135,Unmarried
8135,Wife
19585,Husband
19585,Not-in-family
19585,Other-relative
19585,Own-child
19585,Unmarried
19585,Wife
25613,Not-in-family
25613,Unmarried
9446,Husband
9446,Other-relative
9446,Own-child
9446,Wife
40679,Husband
40679,Not-in-family
40679,Other-relative
40679,Own-child
40679,Unmarried
40679,Wife
4428,Husband
4428,Not-in-family
4428,Other-relative
4428,Own-child
4428,Unmarried
4428,Wife
33774,Husband
33774,Not-in-family
33774,Other-relative
33774,Own-child
33774,Unmarried
33774,Wife
39952,Husband
39952,Other-relative
39952,Own-child
39952,Wife
9081,Husband
9081,Not-in-family
9081,Other-relative
9081,Own-child
9081,Unmarried
9081,Wife
44023,Husband
44023,Other-relative
44023,Own-child
44023,Wife
2364,Husband
2364,Not-in-family
2364,Other-relative
2364,Own-child
2364,Unmarried
2364,Wife
44237,Not-in-family
44237,Unmarried
9805,Husband
9805,Other-relative
9805,Own-child
9805,Wife
7408,Not-in-family
7408,Unmarried
8438,Not-in-family
8438,Unmarried
11514,Husband
11514,Other-relative
11514,Own-child
11514,Wife
4529,Husband
4529,Not-in-family
4529,Other-relative
4529,Own-child
4529,Unmarried
4529,Wife
566,Husband
566,Other-relative
566,Own-child
566,Wife
2406,Husband
2406,Not-in-family
2406,Other-relative
2406,Own-child
2406,Unmarried
2406,Wife
33362,Husband
33362,Not-in-family
33362,Other-relative
33362,Own-child
33362,Unmarried
33362,Wife
21303,Not-in-family
21303,Unmarried
26662,Husband
26662,Other-relative
26662,Own-child
26662,Wife
14496,Not-in-family
14496,Unmarried
24253,Husband
24253,Other-relative
24253,Own-child
24253,Wife
45083,Husband
45083,Not-in-family
45083,Other-relative
45083,Own-child
45083,Unmarried
45083,Wife
44658,Husband
44658,Not-in-family
44658,Other-relative
44658,Own-child
44658,Unmarried
44658,Wife
10244,Husband
10244,Not-in-family
10244,Other-relative
10244,Own-child
10244,Unmarried
10244,Wife
2367,Not-in-family
2367,Unmarried
44700,Husband
44700,Not-in-family
44700,Other-relative
44700,Own-child
44700,Unmarried
44700,Wife
46782,Husband
46782,Not-in-family
46782,Other-relative
46782,Own-child
46782,Unmarried
46782,Wife
23399,Not-in-family
23399,Unmarried
1830,Husband
1830,Not-in-family
1830,Other-relative
1830,Own-child
1830,Unmarried
1830,Wife
2604,Husband
2604,Other-relative
2604,Own-child
2604,Wife
40667,Husband
40667,Not-in-family
40667,Other-relative
40667,Own-child
40667,Unmarried
40667,Wife
41175,Husband
41175,Not-in-family
41175,Other-relative
41175,Own-child
41175,Unmarried
41175,Wife
37026,Husband
37026,Other-relative
37026,Own-child
37026,Wife
27637,Husband
27637,Other-relative
27637,Own-child
27637,Wife
1042,Husband
1042,Not-in-family
1042,Other-relative
1042,Own-child
1042,Unmarried
1042,Wife
25325,Husband
25325,Not-in-family
25325,Other-relative
25325,Own-child
25325,Unmarried
25325,Wife
38465,Husband
38465,Not-in-family
38465,Other-relative
38465,Own-child
38465,Unmarried
38465,Wife
83,Husband
83,Not-in-family
83,Other-relative
83,Own-child
83,Unmarried
83,Wife
7551,Husband
7551,Not-in-family
7551,Other-relative
7551,Own-child
7551,Unmarried
7551,Wife
8680,Husband
8680,Other-relative
8680,Own-child
8680,Wife
11274,Not-in-family
11274,Unmarried
28950,Husband
28950,Not-in-family
28950,Other-relative
28950,Own-child
28950,Unmarried
28950,Wife
21518,Husband
21518,Not-in-family
21518,Other-relative
21518,Own-child
21518,Unmarried
21518,Wife
37060,Husband
37060,Not-in-family
37060,Other-relative
37060,Own-child
37060,Unmarried
37060,Wife
34839,Husband
34839,Other-relative
34839,Own-child
34839,Wife
15539,Husband
15539,Not-in-family
15539,Other-relative
15539,Own-child
15539,Unmarried
15539,Wife
15852,Husband
15852,Other-relative
15852,Own-child
15852,Wife
14799,Husband
14799,Not-in-family
14799,Other-relative
14799,Own-child
14799,Unmarried
14799,Wife
10257,Not-in-family
10257,Unmarried
11965,Not-in-family
11965,Unmarried
38795,Husband
38795,Other-relative
38795,Own-child
38795,Wife
20568,Husband
20568,Not-in-family
20568,Other-relative
20568,Own-child
20568,Unmarried
20568,Wife
3633,Husband
3633,Not-in-family
3633,Other-relative
3633,Own-child
3633,Unmarried
3633,Wife
38679,Not-in-family
38679,Unmarried
40420,Husband
40420,Not-in-family
40420,Other-relative
40420,Own-child
40420,Unmarried
40420,Wife
47928,Husband
47928,Other-relative
47928,Own-child
47928,Wife
26870,Not-in-family
26870,Unmarried
15552,Husband
15552,Other-relative
15552,Own-child
15552,Wife
27893,Husband
27893,Not-in-family
27893,Other-relative
27893,Own-child
27893,Unmarried
27893,Wife
639,Husband
639,Other-relative
639,Own-child
639,Wife
17224,Husband
17224,Other-relative
17224,Own-child
17224,Wife
6970,Husband
6970,Other-relative
6970,Own-child
6970,Wife
30072,Husband
30072,Not-in-family
30072,Other-relative
30072,Own-child
30072,Unmarried
30072,Wife
8460,Not-in-family
8460,Unmarried
46322,Not-in-family
46322,Unmarried
13926,Not-in-family
13926,Unmarried
9118,Husband
9118,Not-in-family
9118,Other-relative
9118,Own-child
9118,Unmarried
9118,Wife
25080,Not-in-family
25080,Unmarried
30328,Husband
30328,Not-in-family
30328,Other-relative
30328,Own-child
30328,Unmarried
30328,Wife
31960,Husband
31960,Not-in-family
31960,Other-relative
31960,Own-child
31960,Unmarried
31960,Wife
36504,Husband
36504,Other-relative
36504,Own-child
36504,Wife
42816,Husband
42816,Not-in-family
42816,Other-relative
42816,Own-child
42816,Unmarried
42816,Wife
4429,Husband
4429,Other-relative
4429,Own-child
4429,Wife
8829,Husband
8829,Other-relative
8829,Own-child
8829,Wife
9119,Husband
9119,Not-in-family
9119,Other-relative
9119,Own-child
9119,Unmarried
9119,Wife
41176,Husband
41176,Not-in-family
41176,Other-relative
41176,Own-child
41176,Unmarried
41176,Wife
6987,Not-in-family
6987,Unmarried
19378,Husband
19378,Not-in-family
19378,Other-relative
19378,Own-child
19378,Unmarried
19378,Wife
22150,Husband
22150,Other-relative
22150,Own-child
22150,Wife
22050,Husband
22050,Not-in-family
22050,Other-relative
22050,Own-child
22050,Unmarried
22050,Wife
37633,Husband
37633,Not-in-family
37633,Other-relative
37633,Own-child
37633,Unmarried
37633,Wife
46775,Not-in-family
46775,Unmarried
34988,Husband
34988,Not-in-family
34988,Other-relative
34988,Own-child
34988,Unmarried
34988,Wife
38190,Husband
38190,Not-in-family
38190,Other-relative
38190,Own-child
38190,Unmarried
38190,Wife
4434,Not-in-family
4434,Unmarried
48307,Husband
48307,Not-in-family
48307,Other-relative
48307,Own-child
48307,Unmarried
48307,Wife
27491,Husband
27491,Not-in-family
27491,Other-relative
27491,Own-child
27491,Unmarried
27491,Wife
3911,Husband
3911,Not-in-family
3911,Other-relative
3911,Own-child
3911,Unmarried
3911,Wife
38373,Husband
38373,Other-relative
38373,Own-child
38373,Wife
47864,Husband
47864,Not-in-family
47864,Other-relative
47864,Own-child
47864,Unmarried
47864,Wife
28523,Husband
28523,Not-in-family
28523,Other-relative
28523,Own-child
28523,Unmarried
28523,Wife
1891,Not-in-family
1891,Unmarried
35429,Not-in-family
35429,Unmarried
5393,Not-in-family
5393,Unmarried
31627,Husband
31627,Not-in-family
31627,Other-relative
31627,Own-child
31627,Unmarried
31627,Wife
40428,Not-in-family
40428,Unmarried
271,Husband
271,Other-relative
271,Own-child
271,Wife
19670,Husband
19670,Other-relative
19670,Own-child
19670,Wife
11376,Husband
11376,Other-relative
11376,Own-child
11376,Wife
43592,Husband
43592,Not-in-family
43592,Other-relative
43592,Own-child
43592,Unmarried
43592,Wife
40790,Not-in-family
40790,Unmarried
6485,Husband
6485,Not-in-family
6485,Other-relative
6485,Own-child
6485,Unmarried
6485,Wife
45952,Husband
45952,Other-relative
45952,Own-child
45952,Wife
7240,Husband
7240,Other-relative
7240,Own-child
7240,Wife
24677,Husband
24677,Not-in-family
24677,Other-relative
24677,Own-child
24677,Unmarried
24677,Wife
48634,Husband
48634,Not-in-family
48634,Other-relative
48634,Own-child
48634,Unmarried
48634,Wife
4717,Husband
4717,Not-in-family
4717,Other-relative
4717,Own-child
4717,Unmarried
4717,Wife
42079,Husband
42079,Not-in-family
42079,Other-relative
42079,Own-child
42079,Unmarried
42079,Wife
14282,Husband
14282,Not-in-family
14282,Other-relative
14282,Own-child
14282,Unmarried
14282,Wife
3435,Husband
3435,Other-relative
3435,Own-child
3435,Wife
15921,Husband
15921,Other-relative
15921,Own-child
15921,Wife
31077,Husband
31077,Not-in-family
31077,Other-relative
31077,Own-child
31077,Unmarried
31077,Wife
15179,Husband
15179,Not-in-family
15179,Other-relative
15179,Own-child
15179,Unmarried
15179,Wife
33416,Husband
33416,Not-in-family
33416,Other-relative
33416,Own-child
33416,Unmarried
33416,Wife
4498,Not-in-family
4498,Unmarried
32599,Husband
32599,Not-in-family
32599,Other-relative
32599,Own-child
32599,Unmarried
32599,Wife
34118,Husband
34118,Other-relative
34118,Own-child
34118,Wife
40948,Not-in-family
40948,Unmarried
964,Husband
964,Not-in-family
964,Other-relative
964,Own-child
964,Unmarried
964,Wife
4338,Husband
4338,Other-relative
4338,Own-child
4338,Wife
17614,Husband
17614,Other-relative
17614,Own-child
17614,Wife
43865,Not-in-family
43865,Unmarried
39491,Husband
39491,Not-in-family
39491,Other-relative
39491,Own-child
39491,Unmarried
39491,Wife
31901,Husband
31901,Not-in-family
31901,Other-relative
31901,Own-child
31901,Unmarried
31901,Wife
10860,Husband
10860,Other-relative
10860,Own-child
10860,Wife
4728,Husband
4728,Not-in-family
4728,Other-relative
4728,Own-child
4728,Unmarried
4728,Wife
5394,Husband
5394,Not-in-family
5394,Other-relative
5394,Own-child
5394,Unmarried
5394,Wife
32673,Husband
32673,Not-in-family
32673,Other-relative
32673,Own-child
32673,Unmarried
32673,Wife
1187,Husband
1187,Not-in-family
1187,Other-relative
1187,Own-child
1187,Unmarried
1187,Wife
40014,Husband
40014,Other-relative
40014,Own-child
40014,Wife
47068,Not-in-family
47068,Unmarried
24346,Husband
24346,Other-relative
24346,Own-child
24346,Wife
17499,Husband
17499,Not-in-family
17499,Other-relative
17499,Own-child
17499,Unmarried
17499,Wife
41765,Husband
41765,Other-relative
41765,Own-child
41765,Wife
9045,Husband
9045,Other-relative
9045,Own-child
9045,Wife
5516,Husband
5516,Other-relative
5516,Own-child
5516,Wife
29697,Husband
29697,Not-in-family
29697,Other-relative
29697,Own-child
29697,Unmarried
29697,Wife
17703,Not-in-family
17703,Unmarried
39532,Not-in-family
39532,Unmarried
30306,Not-in-family
30306,Unmarried
21022,Husband
21022,Not-in-family
21022,Other-relative
21022,Own-child
21022,Unmarried
21022,Wife
18230,Husband
18230,Other-relative
18230,Own-child
18230,Wife
38156,Husband
38156,Not-in-family
38156,Other-relative
38156,Own-child
38156,Unmarried
38156,Wife
48289,Husband
48289,Not-in-family
48289,Other-relative
48289,Own-child
48289,Unmarried
48289,Wife
19486,Husband
19486,Other-relative
19486,Own-child
19486,Wife
36752,Husband
36752,Not-in-family
36752,Other-relative
36752,Own-child
36752,Unmarried
36752,Wife
22359,Husband
22359,Not-in-family
22359,Other-relative
22359,Own-child
22359,Unmarried
22359,Wife
33656,Husband
33656,Other-relative
33656,Own-child
33656,Wife
40614,Husband
40614,Not-in-family
40614,Other-relative
40614,Own-child
40614,Unmarried
40614,Wife
4834,Husband
4834,Not-in-family
4834,Other-relative
4834,Own-child
4834,Unmarried
4834,Wife
33676,Husband
33676,Not-in-family
33676,Other-relative
33676,Own-child
33676,Unmarried
33676,Wife
33237,Husband
33237,Other-relative
33237,Own-child
33237,Wife
8426,Husband
8426,Other-relative
8426,Own-child
8426,Wife
39616,Not-in-family
39616,Unmarried
15283,Husband
15283,Other-relative
15283,Own-child
15283,Wife
5063,Husband
5063,Not-in-family
5063,Other-relative
5063,Own-child
5063,Unmarried
5063,Wife
44747,Not-in-family
44747,Unmarried
14486,Husband
14486,Other-relative
14486,Own-child
14486,Wife
10429,Husband
10429,Not-in-family
10429,Other-relative
10429,Own-child
10429,Unmarried
10429,Wife
48764,Not-in-family
48764,Unmarried
3356,Husband
3356,Not-in-family
3356,Other-relative
3356,Own-child
3356,Unmarried
3356,Wife
22367,Husband
22367,Not-in-family
22367,Other-relative
22367,Own-child
22367,Unmarried
22367,Wife
19201,Not-in-family
19201,Unmarried
33667,Husband
33667,Not-in-family
33667,Other-relative
33667,Own-child
33667,Unmarried
33667,Wife
17672,Husband
17672,Other-relative
17672,Own-child
17672,Wife
32260,Husband
32260,Not-in-family
32260,Other-relative
32260,Own-child
32260,Unmarried
32260,Wife
30367,Husband
30367,Other-relative
30367,Own-child
30367,Wife
17145,Not-in-family
17145,Unmarried
40986,Husband
40986,Other-relative
40986,Own-child
40986,Wife
21007,Not-in-family
21007,Unmarried
37672,Husband
37672,Other-relative
37672,Own-child
37672,Wife
12019,Husband
12019,Other-relative
12019,Own-child
12019,Wife
24016,Husband
24016,Other-relative
24016,Own-child
24016,Wife
15492,Husband
15492,Not-in-family
15492,Other-relative
15492,Own-child
15492,Unmarried
15492,Wife
16675,Husband
16675,Not-in-family
16675,Other-relative
16675,Own-child
16675,Unmarried
16675,Wife
3126,Husband
3126,Not-in-family
3126,Other-relative
3126,Own-child
3126,Unmarried
3126,Wife
41855,Not-in-family
41855,Unmarried
10511,Husband
10511,Other-relative
10511,Own-child
10511,Wife
7989,Husband
7989,Not-in-family
7989,Other-relative
7989,Own-child
7989,Unmarried
7989,Wife
33298,Husband
33298,Not-in-family
33298,Other-relative
33298,Own-child
33298,Unmarried
33298,Wife
13068,Husband
13068,Not-in-family
13068,Other-relative
13068,Own-child
13068,Unmarried
13068,Wife
5242,Husband
5242,Other-relative
5242,Own-child
5242,Wife
35751,Husband
35751,Not-in-family
35751,Other-relative
35751,Own-child
35751,Unmarried
35751,Wife
31174,Husband
31174,Not-in-family
31174,Other-relative
31174,Own-child
31174,Unmarried
31174,Wife
48472,Husband
48472,Not-in-family
48472,Other-relative
48472,Own-child
48472,Unmarried
48472,Wife
21740,Husband
21740,Not-in-family
21740,Other-relative
21740,Own-child
21740,Unmarried
21740,Wife
13891,Husband
13891,Not-in-family
13891,Other-relative
13891,Own-child
13891,Unmarried
13891,Wife
39387,Husband
39387,Not-in-family
39387,Other-relative
39387,Own-child
39387,Unmarried
39387,Wife
2194,Husband
2194,Not-in-family
2194,Other-relative
2194,Own-child
2194,Unmarried
2194,Wife
554,Husband
554,Not-in-family
554,Other-relative
554,Own-child
554,Unmarried
554,Wife
39929,Not-in-family
39929,Unmarried
12620,Husband
12620,Not-in-family
12620,Other-relative
12620,Own-child
12620,Unmarried
12620,Wife
33034,Not-in-family
33034,Unmarried
46546,Husband
46546,Not-in-family
46546,Other-relative
46546,Own-child
46546,Unmarried
46546,Wife
30271,Husband
30271,Not-in-family
30271,Other-relative
30271,Own-child
30271,Unmarried
30271,Wife
7709,Not-in-family
7709,Unmarried
40136,Husband
40136,Not-in-family
40136,Other-relative
40136,Own-child
40136,Unmarried
40136,Wife
11707,Husband
11707,Other-relative
11707,Own-child
11707,Wife
1914,Not-in-family
1914,Unmarried
8334,Husband
8334,Not-in-family
8334,Other-relative
8334,Own-child
8334,Unmarried
8334,Wife
43623,Husband
43623,Not-in-family
43623,Other-relative
43623,Own-child
43623,Unmarried
43623,Wife
8939,Husband
8939,Other-relative
8939,Own-child
8939,Wife
2686,Husband
2686,Not-in-family
2686,Other-relative
2686,Own-child
2686,Unmarried
2686,Wife
9189,Husband
9189,Not-in-family
9189,Other-relative
9189,Own-child
9189,Unmarried
9189,Wife
34402,Not-in-family
34402,Unmarried
16273,Husband
16273,Not-in-family
16273,Other-relative
16273,Own-child
16273,Unmarried
16273,Wife
23746,Not-in-family
23746,Unmarried
4649,Not-in-family
4649,Unmarried
7086,Husband
7086,Not-in-family
7086,Other-relative
7086,Own-child
7086,Unmarried
7086,Wife
5142,Husband
5142,Not-in-family
5142,Other-relative
5142,Own-child
5142,Unmarried
5142,Wife
47288,Husband
47288,Not-in-family
47288,Other-relative
47288,Own-child
47288,Unmarried
47288,Wife
39127,Husband
39127,Not-in-family
39127,Other-relative
39127,Own-child
39127,Unmarried
39127,Wife
39019,Husband
39019,Other-relative
39019,Own-child
39019,Wife
48386,Husband
48386,Other-relative
48386,Own-child
48386,Wife
27976,Husband
27976,Not-in-family
27976,Other-relative
27976,Own-child
27976,Unmarried
27976,Wife
29651,Husband
29651,Other-relative
29651,Own-child
29651,Wife
36151,Husband
36151,Other-relative
36151,Own-child
36151,Wife
39644,Not-in-family
39644,Unmarried
39504,Husband
39504,Not-in-family
39504,Other-relative
39504,Own-child
39504,Unmarried
39504,Wife
31301,Husband
31301,Not-in-family
31301,Other-relative
31301,Own-child
31301,Unmarried
31301,Wife
38049,Husband
38049,Not-in-family
38049,Other-relative
38049,Own-child
38049,Unmarried
38049,Wife
7523,Husband
7523,Other-relative
7523,Own-child
7523,Wife
32373,Not-in-family
32373,Unmarried
43195,Husband
43195,Other-relative
43195,Own-child
43195,Wife
36048,Husband
36048,Not-in-family
36048,Other-relative
36048,Own-child
36048,Unmarried
36048,Wife
7393,Husband
7393,Other-relative
7393,Own-child
7393,Wife
21144,Husband
21144,Not-in-family
21144,Other-relative
21144,Own-child
21144,Unmarried
21144,Wife
14711,Not-in-family
14711,Unmarried
21404,Husband
21404,Not-in-family
21404,Other-relative
21404,Own-child
21404,Unmarried
21404,Wife
2223,Husband
2223,Other-relative
2223,Own-child
2223,Wife
28331,Husband
28331,Not-in-family
28331,Other-relative
28331,Own-child
28331,Unmarried
28331,Wife
7946,Husband
7946,Not-in-family
7946,Other-relative
7946,Own-child
7946,Unmarried
7946,Wife
19174,Not-in-family
19174,Unmarried
15994,Husband
15994,Other-relative
15994,Own-child
15994,Wife
48765,Husband
48765,Not-in-family
48765,Other-relative
48765,Own-child
48765,Unmarried
48765,Wife
6863,Husband
6863,Not-in-family
6863,Other-relative
6863,Own-child
6863,Unmarried
6863,Wife
24706,Husband
24706,Other-relative
24706,Own-child
24706,Wife
2863,Husband
2863,Other-relative
2863,Own-child
2863,Wife
5289,Husband
5289,Other-relative
5289,Own-child
5289,Wife
38427,Husband
38427,Not-in-family
38427,Other-relative
38427,Own-child
38427,Unmarried
38427,Wife
33409,Husband
33409,Other-relative
33409,Own-child
33409,Wife
1435,Husband
1435,Other-relative
1435,Own-child
1435,Wife
1280,Not-in-family
1280,Unmarried
21834,Husband
21834,Other-relative
21834,Own-child
21834,Wife
9054,Husband
9054,Not-in-family
9054,Other-relative
9054,Own-child
9054,Unmarried
9054,Wife
7402,Husband
7402,Not-in-family
7402,Other-relative
7402,Own-child
7402,Unmarried
7402,Wife
4475,Husband
4475,Other-relative
4475,Own-child
4475,Wife
44152,Husband
44152,Not-in-family
44152,Other-relative
44152,Own-child
44152,Unmarried
44152,Wife
40553,Husband
40553,Not-in-family
40553,Other-relative
40553,Own-child
40553,Unmarried
40553,Wife
45275,Husband
45275,Other-relative
45275,Own-child
45275,Wife
11042,Husband
11042,Not-in-family
11042,Other-relative
11042,Own-child
11042,Unmarried
11042,Wife
28261,Husband
28261,Not-in-family
28261,Other-relative
28261,Own-child
28261,Unmarried
28261,Wife
18,Husband
18,Other-relative
18,Own-child
18,Wife
34428,Husband
34428,Not-in-family
34428,Other-relative
34428,Own-child
34428,Unmarried
34428,Wife
39452,Not-in-family
39452,Unmarried
9472,Husband
9472,Not-in-family
9472,Other-relative
9472,Own-child
9472,Unmarried
9472,Wife
41516,Not-in-family
41516,Unmarried
27989,Husband
27989,Not-in-family
27989,Other-relative
27989,Own-child
27989,Unmarried
27989,Wife
35255,Husband
35255,Not-in-family
35255,Other-relative
35255,Own-child
35255,Unmarried
35255,Wife
22188,Not-in-family
22188,Unmarried
34972,Husband
34972,Other-relative
34972,Own-child
34972,Wife
4773,Husband
4773,Not-in-family
4773,Other-relative
4773,Own-child
4773,Unmarried
4773,Wife
37769,Husband
37769,Other-relative
37769,Own-child
37769,Wife
40091,Husband
40091,Other-relative
40091,Own-child
40091,Wife
15093,Husband
15093,Other-relative
15093,Own-child
15093,Wife
37259,Husband
37259,Not-in-family
37259,Other-relative
37259,Own-child
37259,Unmarried
37259,Wife
40471,Husband
40471,Not-in-family
40471,Other-relative
40471,Own-child
40471,Unmarried
40471,Wife
23866,Not-in-family
23866,Unmarried
1423,Not-in-family
1423,Unmarried
43931,Husband
43931,Not-in-family
43931,Other-relative
43931,Own-child
43931,Unmarried
43931,Wife
47466,Husband
47466,Not-in-family
47466,Other-relative
47466,Own-child
47466,Unmarried
47466,Wife
12269,Husband
12269,Other-relative
12269,Own-child
12269,Wife
20703,Husband
20703,Not-in-family
20703,Other-relative
20703,Own-child
20703,Unmarried
20703,Wife
10537,Husband
10537,Not-in-family
10537,Other-relative
10537,Own-child
10537,Unmarried
10537,Wife
24868,Not-in-family
24868,Unmarried
14624,Husband
14624,Other-relative
14624,Own-child
14624,Wife
47486,Husband
47486,Not-in-family
47486,Other-relative
47486,Own-child
47486,Unmarried
47486,Wife
35453,Husband
35453,Not-in-family
35453,Other-relative
35453,Own-child
35453,Unmarried
35453,Wife
13887,Husband
13887,Not-in-family
13887,Other-relative
13887,Own-child
13887,Unmarried
13887,Wife
24095,Husband
24095,Not-in-family
24095,Other-relative
24095,Own-child
24095,Unmarried
24095,Wife
48009,Husband
48009,Not-in-family
48009,Other-relative
48009,Own-child
48009,Unmarried
48009,Wife
26804,Husband
26804,Not-in-family
26804,Other-relative
26804,Own-child
26804,Unmarried
26804,Wife
43261,Husband
43261,Other-relative
43261,Own-child
43261,Wife
351,Husband
351,Other-relative
351,Own-child
351,Wife
2695,Husband
2695,Other-relative
2695,Own-child
2695,Wife
20513,Husband
20513,Other-relative
20513,Own-child
20513,Wife
9233,Husband
9233,Other-relative
9233,Own-child
9233,Wife
28585,Husband
28585,Not-in-family
28585,Other-relative
28585,Own-child
28585,Unmarried
28585,Wife
21091,Husband
21091,Not-in-family
21091,Other-relative
21091,Own-child
21091,Unmarried
21091,Wife
39666,Husband
39666,Not-in-family
39666,Other-relative
39666,Own-child
39666,Unmarried
39666,Wife
33184,Not-in-family
33184,Unmarried
10095,Husband
10095,Not-in-family
10095,Other-relative
10095,Own-child
10095,Unmarried
10095,Wife
21261,Husband
21261,Not-in-family
21261,Other-relative
21261,Own-child
21261,Unmarried
21261,Wife
31425,Husband
31425,Not-in-family
31425,Other-relative
31425,Own-child
31425,Unmarried
31425,Wife
16785,Husband
16785,Other-relative
16785,Own-child
16785,Wife
48026,Husband
48026,Not-in-family
48026,Other-relative
48026,Own-child
48026,Unmarried
48026,Wife
19656,Husband
19656,Not-in-family
19656,Other-relative
19656,Own-child
19656,Unmarried
19656,Wife
46006,Husband
46006,Other-relative
46006,Own-child
46006,Wife
13242,Not-in-family
13242,Unmarried
1533,Husband
1533,Not-in-family
1533,Other-relative
1533,Own-child
1533,Unmarried
1533,Wife
42461,Husband
42461,Not-in-family
42461,Other-relative
42461,Own-child
42461,Unmarried
42461,Wife
12432,Husband
12432,Not-in-family
12432,Other-relative
12432,Own-child
12432,Unmarried
12432,Wife
34547,Husband
34547,Not-in-family
34547,Other-relative
34547,Own-child
34547,Unmarried
34547,Wife
42664,Husband
42664,Other-relative
42664,Own-child
42664,Wife
38851,Husband
38851,Not-in-family
38851,Other-relative
38851,Own-child
38851,Unmarried
38851,Wife
42601,Not-in-family
42601,Unmarried
4391,Husband
4391,Not-in-family
4391,Other-relative
4391,Own-child
4391,Unmarried
4391,Wife
9946,Not-in-family
9946,Unmarried
1162,Husband
1162,Not-in-family
1162,Other-relative
1162,Own-child
1162,Unmarried
1162,Wife
31875,Husband
31875,Other-relative
31875,Own-child
31875,Wife
4084,Not-in-family
4084,Unmarried
3881,Husband
3881,Not-in-family
3881,Other-relative
3881,Own-child
3881,Unmarried
3881,Wife
34669,Not-in-family
34669,Unmarried
45683,Husband
45683,Not-in-family
45683,Other-relative
45683,Own-child
45683,Unmarried
45683,Wife
42274,Husband
42274,Other-relative
42274,Own-child
42274,Wife
39501,Husband
39501,Other-relative
39501,Own-child
39501,Wife
34906,Husband
34906,Not-in-family
34906,Other-relative
34906,Own-child
34906,Unmarried
34906,Wife
43251,Husband
43251,Not-in-family
43251,Other-relative
43251,Own-child
43251,Unmarried
43251,Wife
35423,Husband
35423,Not-in-family
35423,Other-relative
35423,Own-child
35423,Unmarried
35423,Wife
44444,Husband
44444,Other-relative
44444,Own-child
44444,Wife
33257,Husband
33257,Not-in-family
33257,Other-relative
33257,Own-child
33257,Unmarried
33257,Wife
24663,Husband
24663,Other-relative
24663,Own-child
24663,Wife
47638,Husband
47638,Not-in-family
47638,Other-relative
47638,Own-child
47638,Unmarried
47638,Wife
31454,Husband
31454,Other-relative
31454,Own-child
31454,Wife
32393,Husband
32393,Not-in-family
32393,Other-relative
32393,Own-child
32393,Unmarried
32393,Wife
18579,Husband
18579,Not-in-family
18579,Other-relative
18579,Own-child
18579,Unmarried
18579,Wife
29384,Husband
29384,Other-relative
29384,Own-child
29384,Wife
18445,Not-in-family
18445,Unmarried
18369,Not-in-family
18369,Unmarried
3143,Husband
3143,Other-relative
3143,Own-child
3143,Wife
28624,Husband
28624,Other-relative
28624,Own-child
28624,Wife
26041,Husband
26041,Other-relative
26041,Own-child
26041,Wife
4492,Husband
4492,Not-in-family
4492,Other-relative
4492,Own-child
4492,Unmarried
4492,Wife
38968,Not-in-family
38968,Unmarried
45729,Husband
45729,Not-in-family
45729,Other-relative
45729,Own-child
45729,Unmarried
45729,Wife
32522,Husband
32522,Not-in-family
32522,Other-relative
32522,Own-child
32522,Unmarried
32522,Wife
31780,Husband
31780,Not-in-family
31780,Other-relative
31780,Own-child
31780,Unmarried
31780,Wife
40482,Husband
40482,Not-in-family
40482,Other-relative
40482,Own-child
40482,Unmarried
40482,Wife
9006,Not-in-family
9006,Unmarried
29628,Husband
29628,Not-in-family
29628,Other-relative
29628,Own-child
29628,Unmarried
29628,Wife
7696,Not-in-family
7696,Unmarried
45877,Husband
45877,Not-in-family
45877,Other-relative
45877,Own-child
45877,Unmarried
45877,Wife
714,Husband
714,Not-in-family
714,Other-relative
714,Own-child
714,Unmarried
714,Wife
10040,Husband
10040,Other-relative
10040,Own-child
10040,Wife
15319,Not-in-family
15319,Unmarried
23706,Husband
23706,Other-relative
23706,Own-child
23706,Wife
33,Husband
33,Not-in-family
33,Other-relative
33,Own-child
33,Unmarried
33,Wife
39176,Husband
39176,Not-in-family
39176,Other-relative
39176,Own-child
39176,Unmarried
39176,Wife
1950,Husband
1950,Not-in-family
1950,Other-relative
1950,Own-child
1950,Unmarried
1950,Wife
32597,Husband
32597,Other-relative
32597,Own-child
32597,Wife
34710,Husband
34710,Not-in-family
34710,Other-relative
34710,Own-child
34710,Unmarried
34710,Wife
30079,Husband
30079,Not-in-family
30079,Other-relative
30079,Own-child
30079,Unmarried
30079,Wife
24210,Husband
24210,Other-relative
24210,Own-child
24210,Wife
35349,Husband
35349,Not-in-family
35349,Other-relative
35349,Own-child
35349,Unmarried
35349,Wife
24063,Husband
24063,Other-relative
24063,Own-child
24063,Wife
19610,Not-in-family
19610,Unmarried
19781,Husband
19781,Not-in-family
19781,Other-relative
19781,Own-child
19781,Unmarried
19781,Wife
26808,Husband
26808,Not-in-family
26808,Other-relative
26808,Own-child
26808,Unmarried
26808,Wife
34094,Husband
34094,Other-relative
34094,Own-child
34094,Wife
4580,Husband
4580,Not-in-family
4580,Other-relative
4580,Own-child
4580,Unmarried
4580,Wife
32618,Husband
32618,Other-relative
32618,Own-child
32618,Wife
26556,Not-in-family
26556,Unmarried
17522,Husband
17522,Other-relative
17522,Own-child
17522,Wife
28163,Husband
28163,Other-relative
28163,Own-child
28163,Wife
46919,Not-in-family
46919,Unmarried
46445,Husband
46445,Not-in-family
46445,Other-relative
46445,Own-child
46445,Unmarried
46445,Wife
16405,Husband
16405,Not-in-family
16405,Other-relative
16405,Own-child
16405,Unmarried
16405,Wife
1111,Husband
1111,Not-in-family
1111,Other-relative
1111,Own-child
1111,Unmarried
1111,Wife
15640,Husband
15640,Other-relative
15640,Own-child
15640,Wife
18424,Husband
18424,Not-in-family
18424,Other-relative
18424,Own-child
18424,Unmarried
18424,Wife
48609,Not-in-family
48609,Unmarried
47707,Husband
47707,Not-in-family
47707,Other-relative
47707,Own-child
47707,Unmarried
47707,Wife
640,Not-in-family
640,Unmarried
7474,Husband
7474,Other-relative
7474,Own-child
7474,Wife
15830,Husband
15830,Other-relative
15830,Own-child
15830,Wife
40992,Not-in-family
40992,Unmarried
28827,Husband
28827,Other-relative
28827,Own-child
28827,Wife
25006,Husband
25006,Not-in-family
25006,Other-relative
25006,Own-child
25006,Unmarried
25006,Wife
23765,Husband
23765,Not-in-family
23765,Other-relative
23765,Own-child
23765,Unmarried
23765,Wife
29363,Husband
29363,Other-relative
29363,Own-child
29363,Wife
20473,Husband
20473,Not-in-family
20473,Other-relative
20473,Own-child
20473,Unmarried
20473,Wife
14284,Husband
14284,Other-relative
14284,Own-child
14284,Wife
34677,Husband
34677,Not-in-family
34677,Other-relative
34677,Own-child
34677,Unmarried
34677,Wife
39196,Husband
39196,Other-relative
39196,Own-child
39196,Wife
9822,Husband
9822,Other-relative
9822,Own-child
9822,Wife
2542,Not-in-family
2542,Unmarried
42425,Husband
42425,Not-in-family
42425,Other-relative
42425,Own-child
42425,Unmarried
42425,Wife
2808,Husband
2808,Not-in-family
2808,Other-relative
2808,Own-child
2808,Unmarried
2808,Wife
35515,Husband
35515,Not-in-family
35515,Other-relative
35515,Own-child
35515,Unmarried
35515,Wife
11268,Not-in-family
11268,Unmarried
606,Husband
606,Other-relative
606,Own-child
606,Wife
15391,Not-in-family
15391,Unmarried
29499,Husband
29499,Not-in-family
29499,Other-relative
29499,Own-child
29499,Unmarried
29499,Wife
44949,Not-in-family
44949,Unmarried
3609,Husband
3609,Not-in-family
3609,Other-relative
3609,Own-child
3609,Unmarried
3609,Wife
44353,Husband
44353,Not-in-family
44353,Other-relative
44353,Own-child
44353,Unmarried
44353,Wife
28485,Husband
28485,Not-in-family
28485,Other-relative
28485,Own-child
28485,Unmarried
28485,Wife
21529,Husband
21529,Other-relative
21529,Own-child
21529,Wife
30263,Husband
30263,Not-in-family
30263,Other-relative
30263,Own-child
30263,Unmarried
30263,Wife
766,Husband
766,Not-in-family
766,Other-relative
766,Own-child
766,Unmarried
766,Wife
7133,Husband
7133,Not-in-family
7133,Other-relative
7133,Own-child
7133,Unmarried
7133,Wife
11270,Not-in-family
11270,Unmarried
33726,Not-in-family
33726,Unmarried
16856,Husband
16856,Not-in-family
16856,Other-relative
16856,Own-child
16856,Unmarried
16856,Wife
23553,Husband
23553,Not-in-family
23553,Other-relative
23553,Own-child
23553,Unmarried
23553,Wife
17573,Husband
17573,Not-in-family
17573,Other-relative
17573,Own-child
17573,Unmarried
17573,Wife
29809,Husband
29809,Other-relative
29809,Own-child
29809,Wife
31009,Husband
31009,Not-in-family
31009,Other-relative
31009,Own-child
31009,Unmarried
31009,Wife
181,Not-in-family
181,Unmarried
22925,Husband
22925,Other-relative
22925,Own-child
22925,Wife
16209,Husband
16209,Not-in-family
16209,Other-relative
16209,Own-child
16209,Unmarried
16209,Wife
45414,Husband
45414,Other-relative
45414,Own-child
45414,Wife
15658,Husband
15658,Not-in-family
15658,Other-relative
15658,Own-child
15658,Unmarried
15658,Wife
42698,Husband
42698,Not-in-family
42698,Other-relative
42698,Own-child
42698,Unmarried
42698,Wife
41755,Husband
41755,Other-relative
41755,Own-child
41755,Wife
31566,Not-in-family
31566,Unmarried
23008,Husband
23008,Other-relative
23008,Own-child
23008,Wife
36295,Husband
36295,Not-in-family
36295,Other-relative
36295,Own-child
36295,Unmarried
36295,Wife
46446,Not-in-family
46446,Unmarried
3919,Husband
3919,Not-in-family
3919,Other-relative
3919,Own-child
3919,Unmarried
3919,Wife
12539,Husband
12539,Other-relative
12539,Own-child
12539,Wife
40564,Husband
40564,Other-relative
40564,Own-child
40564,Wife
23258,Husband
23258,Other-relative
23258,Own-child
23258,Wife
11049,Husband
11049,Not-in-family
11049,Other-relative
11049,Own-child
11049,Unmarried
11049,Wife
988,Not-in-family
988,Unmarried
47777,Husband
47777,Other-relative
47777,Own-child
47777,Wife
39146,Husband
39146,Not-in-family
39146,Other-relative
39146,Own-child
39146,Unmarried
39146,Wife
17864,Husband
17864,Other-relative
17864,Own-child
17864,Wife
38856,Husband
38856,Not-in-family
38856,Other-relative
38856,Own-child
38856,Unmarried
38856,Wife
5943,Husband
5943,Not-in-family
5943,Other-relative
5943,Own-child
5943,Unmarried
5943,Wife
35564,Husband
35564,Other-relative
35564,Own-child
35564,Wife
13957,Husband
13957,Not-in-family
13957,Other-relative
13957,Own-child
13957,Unmarried
13957,Wife
12725,Husband
12725,Other-relative
12725,Own-child
12725,Wife
44264,Husband
44264,Not-in-family
44264,Other-relative
44264,Own-child
44264,Unmarried
44264,Wife
6963,Husband
6963,Not-in-family
6963,Other-relative
6963,Own-child
6963,Unmarried
6963,Wife
32857,Husband
32857,Not-in-family
32857,Other-relative
32857,Own-child
32857,Unmarried
32857,Wife
24609,Husband
24609,Other-relative
24609,Own-child
24609,Wife
9836,Not-in-family
9836,Unmarried
10897,Husband
10897,Not-in-family
10897,Other-relative
10897,Own-child
10897,Unmarried
10897,Wife
29155,Husband
29155,Other-relative
29155,Own-child
29155,Wife
28779,Husband
28779,Not-in-family
28779,Other-relative
28779,Own-child
28779,Unmarried
28779,Wife
38104,Husband
38104,Not-in-family
38104,Other-relative
38104,Own-child
38104,Unmarried
38104,Wife
19115,Husband
19115,Not-in-family
19115,Other-relative
19115,Own-child
19115,Unmarried
19115,Wife
13807,Husband
13807,Other-relative
13807,Own-child
13807,Wife
25079,Husband
25079,Other-relative
25079,Own-child
25079,Wife
48654,Husband
48654,Other-relative
48654,Own-child
48654,Wife
9825,Husband
9825,Not-in-family
9825,Other-relative
9825,Own-child
9825,Unmarried
9825,Wife
31523,Husband
31523,Not-in-family
31523,Other-relative
31523,Own-child
31523,Unmarried
31523,Wife
9092,Husband
9092,Not-in-family
9092,Other-relative
9092,Own-child
9092,Unmarried
9092,Wife
36270,Husband
36270,Other-relative
36270,Own-child
36270,Wife
42093,Husband
42093,Not-in-family
42093,Other-relative
42093,Own-child
42093,Unmarried
42093,Wife
9593,Husband
9593,Other-relative
9593,Own-child
9593,Wife
19467,Husband
19467,Not-in-family
19467,Other-relative
19467,Own-child
19467,Unmarried
19467,Wife
10910,Husband
10910,Other-relative
10910,Own-child
10910,Wife
13853,Not-in-family
13853,Unmarried
14079,Not-in-family
14079,Unmarried
32903,Husband
32903,Not-in-family
32903,Other-relative
32903,Own-child
32903,Unmarried
32903,Wife
6579,Not-in-family
6579,Unmarried
44316,Husband
44316,Other-relative
44316,Own-child
44316,Wife
20169,Husband
20169,Other-relative
20169,Own-child
20169,Wife
1005,Husband
1005,Not-in-family
1005,Other-relative
1005,Own-child
1005,Unmarried
1005,Wife
5668,Husband
5668,Not-in-family
5668,Other-relative
5668,Own-child
5668,Unmarried
5668,Wife
4623,Husband
4623,Other-relative
4623,Own-child
4623,Wife
5497,Husband
5497,Not-in-family
5497,Other-relative
5497,Own-child
5497,Unmarried
5497,Wife
762,Not-in-family
762,Unmarried
3862,Husband
3862,Not-in-family
3862,Other-relative
3862,Own-child
3862,Unmarried
3862,Wife
5468,Not-in-family
5468,Unmarried
40052,Husband
40052,Not-in-family
40052,Other-relative
40052,Own-child
40052,Unmarried
40052,Wife
38534,Husband
38534,Other-relative
38534,Own-child
38534,Wife
47115,Husband
47115,Not-in-family
47115,Other-relative
47115,Own-child
47115,Unmarried
47115,Wife
36314,Not-in-family
36314,Unmarried
33195,Husband
33195,Not-in-family
33195,Other-relative
33195,Own-child
33195,Unmarried
33195,Wife
28845,Husband
28845,Not-in-family
28845,Other-relative
28845,Own-child
28845,Unmarried
28845,Wife
43024,Husband
43024,Not-in-family
43024,Other-relative
43024,Own-child
43024,Unmarried
43024,Wife
19855,Husband
19855,Not-in-family
19855,Other-relative
19855,Own-child
19855,Unmarried
19855,Wife
36934,Husband
36934,Other-relative
36934,Own-child
36934,Wife
35896,Husband
35896,Not-in-family
35896,Other-relative
35896,Own-child
35896,Unmarried
35896,Wife
24545,Husband
24545,Not-in-family
24545,Other-relative
24545,Own-child
24545,Unmarried
24545,Wife
24879,Husband
24879,Not-in-family
24879,Other-relative
24879,Own-child
24879,Unmarried
24879,Wife
2864,Husband
2864,Not-in-family
2864,Other-relative
2864,Own-child
2864,Unmarried
2864,Wife
10945,Husband
10945,Not-in-family
10945,Other-relative
10945,Own-child
10945,Unmarried
10945,Wife
4795,Husband
4795,Not-in-family
4795,Other-relative
4795,Own-child
4795,Unmarried
4795,Wife
18269,Husband
18269,Not-in-family
18269,Other-relative
18269,Own-child
18269,Unmarried
18269,Wife
13368,Not-in-family
13368,Unmarried
35617,Husband
35617,Other-relative
35617,Own-child
35617,Wife
2467,Husband
2467,Other-relative
2467,Own-child
2467,Wife
16900,Husband
16900,Other-relative
16900,Own-child
16900,Wife
47441,Not-in-family
47441,Unmarried
12778,Husband
12778,Not-in-family
12778,Other-relative
12778,Own-child
12778,Unmarried
12778,Wife
2331,Not-in-family
2331,Unmarried
13585,Not-in-family
13585,Unmarried
46673,Husband
46673,Not-in-family
46673,Other-relative
46673,Own-child
46673,Unmarried
46673,Wife
4478,Not-in-family
4478,Unmarried
39631,Husband
39631,Other-relative
39631,Own-child
39631,Wife
29361,Husband
29361,Not-in-family
29361,Other-relative
29361,Own-child
29361,Unmarried
29361,Wife
12102,Husband
12102,Not-in-family
12102,Other-relative
12102,Own-child
12102,Unmarried
12102,Wife
34917,Not-in-family
34917,Unmarried
48460,Husband
48460,Not-in-family
48460,Other-relative
48460,Own-child
48460,Unmarried
48460,Wife
7856,Husband
7856,Not-in-family
7856,Other-relative
7856,Own-child
7856,Unmarried
7856,Wife
42573,Husband
42573,Other-relative
42573,Own-child
42573,Wife
45058,Husband
45058,Other-relative
45058,Own-child
45058,Wife
28409,Husband
28409,Not-in-family
28409,Other-relative
28409,Own-child
28409,Unmarried
28409,Wife
18179,Husband
18179,Not-in-family
18179,Other-relative
18179,Own-child
18179,Unmarried
18179,Wife
1628,Husband
1628,Not-in-family
1628,Other-relative
1628,Own-child
1628,Unmarried
1628,Wife
33510,Not-in-family
33510,Unmarried
48243,Husband
48243,Not-in-family
48243,Other-relative
48243,Own-child
48243,Unmarried
48243,Wife
36976,Husband
36976,Other-relative
36976,Own-child
36976,Wife
26845,Husband
26845,Other-relative
26845,Own-child
26845,Wife
27058,Husband
27058,Other-relative
27058,Own-child
27058,Wife
28236,Husband
28236,Not-in-family
28236,Other-relative
28236,Own-child
28236,Unmarried
28236,Wife
47405,Not-in-family
47405,Unmarried
30924,Husband
30924,Other-relative
30924,Own-child
30924,Wife
26000,Husband
26000,Not-in-family
26000,Other-relative
26000,Own-child
26000,Unmarried
26000,Wife
23810,Husband
23810,Other-relative
23810,Own-child
23810,Wife
24349,Not-in-family
24349,Unmarried
16038,Not-in-family
16038,Unmarried
30362,Husband
30362,Not-in-family
30362,Other-relative
30362,Own-child
30362,Unmarried
30362,Wife
16692,Not-in-family
16692,Unmarried
47429,Husband
47429,Other-relative
47429,Own-child
47429,Wife
14813,Not-in-family
14813,Unmarried
28073,Not-in-family
28073,Unmarried
46057,Not-in-family
46057,Unmarried
16845,Husband
16845,Not-in-family
16845,Other-relative
16845,Own-child
16845,Unmarried
16845,Wife
2817,Husband
2817,Other-relative
2817,Own-child
2817,Wife
30503,Husband
30503,Not-in-family
30503,Other-relative
30503,Own-child
30503,Unmarried
30503,Wife
44977,Husband
44977,Not-in-family
44977,Other-relative
44977,Own-child
44977,Unmarried
44977,Wife
22195,Not-in-family
22195,Unmarried
35063,Husband
35063,Other-relative
35063,Own-child
35063,Wife
24322,Husband
24322,Other-relative
24322,Own-child
24322,Wife
38677,Husband
38677,Not-in-family
38677,Other-relative
38677,Own-child
38677,Unmarried
38677,Wife
14075,Husband
14075,Not-in-family
14075,Other-relative
14075,Own-child
14075,Unmarried
14075,Wife
19499,Husband
19499,Other-relative
19499,Own-child
19499,Wife
2264,Husband
2264,Not-in-family
2264,Other-relative
2264,Own-child
2264,Unmarried
2264,Wife
40078,Husband
40078,Other-relative
40078,Own-child
40078,Wife
47532,Husband
47532,Other-relative
47532,Own-child
47532,Wife
1296,Husband
1296,Not-in-family
1296,Other-relative
1296,Own-child
1296,Unmarried
1296,Wife
21075,Husband
21075,Not-in-family
21075,Other-relative
21075,Own-child
21075,Unmarried
21075,Wife
28484,Not-in-family
28484,Unmarried
1320,Not-in-family
1320,Unmarried
28289,Husband
28289,Other-relative
28289,Own-child
28289,Wife
23997,Not-in-family
23997,Unmarried
34281,Husband
34281,Other-relative
34281,Own-child
34281,Wife
19633,Husband
19633,Not-in-family
19633,Other-relative
19633,Own-child
19633,Unmarried
19633,Wife
13264,Husband
13264,Not-in-family
13264,Other-relative
13264,Own-child
13264,Unmarried
13264,Wife
11182,Husband
11182,Not-in-family
11182,Other-relative
11182,Own-child
11182,Unmarried
11182,Wife
25591,Husband
25591,Not-in-family
25591,Other-relative
25591,Own-child
25591,Unmarried
25591,Wife
47637,Husband
47637,Other-relative
47637,Own-child
47637,Wife
29290,Husband
29290,Not-in-family
29290,Other-relative
29290,Own-child
29290,Unmarried
29290,Wife
11726,Husband
11726,Not-in-family
11726,Other-relative
11726,Own-child
11726,Unmarried
11726,Wife
42700,Husband
42700,Not-in-family
42700,Other-relative
42700,Own-child
42700,Unmarried
42700,Wife
7766,Husband
7766,Other-relative
7766,Own-child
7766,Wife
32948,Not-in-family
32948,Unmarried
40977,Husband
40977,Other-relative
40977,Own-child
40977,Wife
38229,Not-in-family
38229,Unmarried
3452,Husband
3452,Other-relative
3452,Own-child
3452,Wife
38435,Husband
38435,Other-relative
38435,Own-child
38435,Wife
22711,Husband
22711,Not-in-family
22711,Other-relative
22711,Own-child
22711,Unmarried
22711,Wife
30889,Husband
30889,Other-relative
30889,Own-child
30889,Wife
46482,Husband
46482,Not-in-family
46482,Other-relative
46482,Own-child
46482,Unmarried
46482,Wife
16386,Husband
16386,Other-relative
16386,Own-child
16386,Wife
46533,Husband
46533,Not-in-family
46533,Other-relative
46533,Own-child
46533,Unmarried
46533,Wife
35311,Husband
35311,Not-in-family
35311,Other-relative
35311,Own-child
35311,Unmarried
35311,Wife
39914,Husband
39914,Not-in-family
39914,Other-relative
39914,Own-child
39914,Unmarried
39914,Wife
12146,Husband
12146,Not-in-family
12146,Other-relative
12146,Own-child
12146,Unmarried
12146,Wife
26385,Husband
26385,Other-relative
26385,Own-child
26385,Wife
26825,Husband
26825,Not-in-family
26825,Other-relative
26825,Own-child
26825,Unmarried
26825,Wife
15457,Husband
15457,Other-relative
15457,Own-child
15457,Wife
33749,Husband
33749,Not-in-family
33749,Other-relative
33749,Own-child
33749,Unmarried
33749,Wife
6532,Husband
6532,Not-in-family
6532,Other-relative
6532,Own-child
6532,Unmarried
6532,Wife
23102,Husband
23102,Other-relative
23102,Own-child
23102,Wife
40478,Husband
40478,Not-in-family
40478,Other-relative
40478,Own-child
40478,Unmarried
40478,Wife
22660,Husband
22660,Other-relative
22660,Own-child
22660,Wife
1398,Husband
1398,Not-in-family
1398,Other-relative
1398,Own-child
1398,Unmarried
1398,Wife
28307,Husband
28307,Not-in-family
28307,Other-relative
28307,Own-child
28307,Unmarried
28307,Wife
30750,Husband
30750,Not-in-family
30750,Other-relative
30750,Own-child
30750,Unmarried
30750,Wife
18716,Husband
18716,Other-relative
18716,Own-child
18716,Wife
45006,Husband
45006,Other-relative
45006,Own-child
45006,Wife
25913,Husband
25913,Not-in-family
25913,Other-relative
25913,Own-child
25913,Unmarried
25913,Wife
21173,Not-in-family
21173,Unmarried
34998,Husband
34998,Not-in-family
34998,Other-relative
34998,Own-child
34998,Unmarried
34998,Wife
48786,Husband
48786,Other-relative
48786,Own-child
48786,Wife
36879,Husband
36879,Other-relative
36879,Own-child
36879,Wife
27320,Husband
27320,Not-in-family
27320,Other-relative
27320,Own-child
27320,Unmarried
27320,Wife
42887,Husband
42887,Not-in-family
42887,Other-relative
42887,Own-child
42887,Unmarried
42887,Wife
27904,Husband
27904,Other-relative
27904,Own-child
27904,Wife
7154,Not-in-family
7154,Unmarried
14810,Not-in-family
14810,Unmarried
22209,Husband
22209,Other-relative
22209,Own-child
22209,Wife
16891,Husband
16891,Not-in-family
16891,Other-relative
16891,Own-child
16891,Unmarried
16891,Wife
39685,Not-in-family
39685,Unmarried
37006,Husband
37006,Not-in-family
37006,Other-relative
37006,Own-child
37006,Unmarried
37006,Wife
13280,Husband
13280,Not-in-family
13280,Other-relative
13280,Own-child
13280,Unmarried
13280,Wife
28519,Husband
28519,Other-relative
28519,Own-child
28519,Wife
44720,Husband
44720,Not-in-family
44720,Other-relative
44720,Own-child
44720,Unmarried
44720,Wife
34609,Husband
34609,Other-relative
34609,Own-child
34609,Wife
30926,Husband
30926,Not-in-family
30926,Other-relative
30926,Own-child
30926,Unmarried
30926,Wife
8070,Husband
8070,Other-relative
8070,Own-child
8070,Wife
17259,Husband
17259,Not-in-family
17259,Other-relative
17259,Own-child
17259,Unmarried
17259,Wife
11928,Husband
11928,Other-relative
11928,Own-child
11928,Wife
29932,Husband
29932,Not-in-family
29932,Other-relative
29932,Own-child
29932,Unmarried
29932,Wife
34194,Husband
34194,Not-in-family
34194,Other-relative
34194,Own-child
34194,Unmarried
34194,Wife
11715,Husband
11715,Other-relative
11715,Own-child
11715,Wife
6312,Husband
6312,Other-relative
6312,Own-child
6312,Wife
21712,Husband
21712,Not-in-family
21712,Other-relative
21712,Own-child
21712,Unmarried
21712,Wife
17584,Husband
17584,Other-relative
17584,Own-child
17584,Wife
34593,Not-in-family
34593,Unmarried
12692,Not-in-family
12692,Unmarried
47197,Husband
47197,Not-in-family
47197,Other-relative
47197,Own-child
47197,Unmarried
47197,Wife
4078,Husband
4078,Not-in-family
4078,Other-relative
4078,Own-child
4078,Unmarried
4078,Wife
5144,Husband
5144,Not-in-family
5144,Other-relative
5144,Own-child
5144,Unmarried
5144,Wife
1197,Husband
1197,Not-in-family
1197,Other-relative
1197,Own-child
1197,Unmarried
1197,Wife
1739,Husband
1739,Not-in-family
1739,Other-relative
1739,Own-child
1739,Unmarried
1739,Wife
13166,Husband
13166,Not-in-family
13166,Other-relative
13166,Own-child
13166,Unmarried
13166,Wife
38358,Not-in-family
38358,Unmarried
17106,Husband
17106,Not-in-family
17106,Other-relative
17106,Own-child
17106,Unmarried
17106,Wife
7835,Husband
7835,Other-relative
7835,Own-child
7835,Wife
40865,Husband
40865,Other-relative
40865,Own-child
40865,Wife
48001,Husband
48001,Not-in-family
48001,Other-relative
48001,Own-child
48001,Unmarried
48001,Wife
8714,Husband
8714,Not-in-family
8714,Other-relative
8714,Own-child
8714,Unmarried
8714,Wife
46891,Husband
46891,Not-in-family
46891,Other-relative
46891,Own-child
46891,Unmarried
46891,Wife
37416,Husband
37416,Other-relative
37416,Own-child
37416,Wife
30586,Husband
30586,Not-in-family
30586,Other-relative
30586,Own-child
30586,Unmarried
30586,Wife
22783,Not-in-family
22783,Unmarried
41691,Husband
41691,Other-relative
41691,Own-child
41691,Wife
27198,Husband
27198,Not-in-family
27198,Other-relative
27198,Own-child
27198,Unmarried
27198,Wife
16025,Husband
16025,Not-in-family
16025,Other-relative
16025,Own-child
16025,Unmarried
16025,Wife
31990,Husband
31990,Not-in-family
31990,Other-relative
31990,Own-child
31990,Unmarried
31990,Wife
1266,Husband
1266,Other-relative
1266,Own-child
1266,Wife
35151,Husband
35151,Not-in-family
35151,Other-relative
35151,Own-child
35151,Unmarried
35151,Wife
35588,Husband
35588,Other-relative
35588,Own-child
35588,Wife
38063,Not-in-family
38063,Unmarried
38706,Husband
38706,Not-in-family
38706,Other-relative
38706,Own-child
38706,Unmarried
38706,Wife
36775,Not-in-family
36775,Unmarried
46740,Husband
46740,Other-relative
46740,Own-child
46740,Wife
2178,Husband
2178,Other-relative
2178,Own-child
2178,Wife
40925,Husband
40925,Not-in-family
40925,Other-relative
40925,Own-child
40925,Unmarried
40925,Wife
32301,Husband
32301,Not-in-family
32301,Other-relative
32301,Own-child
32301,Unmarried
32301,Wife
9451,Husband
9451,Not-in-family
9451,Other-relative
9451,Own-child
9451,Unmarried
9451,Wife
13855,Husband
13855,Not-in-family
13855,Other-relative
13855,Own-child
13855,Unmarried
13855,Wife
48829,Husband
48829,Not-in-family
48829,Other-relative
48829,Own-child
48829,Unmarried
48829,Wife
35225,Husband
35225,Not-in-family
35225,Other-relative
35225,Own-child
35225,Unmarried
35225,Wife
8226,Husband
8226,Other-relative
8226,Own-child
8226,Wife
18557,Husband
18557,Not-in-family
18557,Other-relative
18557,Own-child
18557,Unmarried
18557,Wife
34183,Husband
34183,Other-relative
34183,Own-child
34183,Wife
48231,Husband
48231,Not-in-family
48231,Other-relative
48231,Own-child
48231,Unmarried
48231,Wife
29797,Not-in-family
29797,Unmarried
30097,Husband
30097,Not-in-family
30097,Other-relative
30097,Own-child
30097,Unmarried
30097,Wife
2928,Husband
2928,Not-in-family
2928,Other-relative
2928,Own-child
2928,Unmarried
2928,Wife
48716,Not-in-family
48716,Unmarried
17764,Husband
17764,Other-relative
17764,Own-child
17764,Wife
17333,Husband
17333,Other-relative
17333,Own-child
17333,Wife
24483,Husband
24483,Not-in-family
24483,Other-relative
24483,Own-child
24483,Unmarried
24483,Wife
2756,Husband
2756,Not-in-family
2756,Other-relative
2756,Own-child
2756,Unmarried
2756,Wife
9632,Husband
9632,Not-in-family
9632,Other-relative
9632,Own-child
9632,Unmarried
9632,Wife
36316,Husband
36316,Not-in-family
36316,Other-relative
36316,Own-child
36316,Unmarried
36316,Wife
34134,Husband
34134,Not-in-family
34134,Other-relative
34134,Own-child
34134,Unmarried
34134,Wife
16418,Husband
16418,Not-in-family
16418,Other-relative
16418,Own-child
16418,Unmarried
16418,Wife
25946,Not-in-family
25946,Unmarried
18817,Husband
18817,Not-in-family
18817,Other-relative
18817,Own-child
18817,Unmarried
18817,Wife
6983,Husband
6983,Other-relative
6983,Own-child
6983,Wife
24227,Husband
24227,Not-in-family
24227,Other-relative
24227,Own-child
24227,Unmarried
24227,Wife
34996,Not-in-family
34996,Unmarried
9652,Husband
9652,Other-relative
9652,Own-child
9652,Wife
46086,Husband
46086,Not-in-family
46086,Other-relative
46086,Own-child
46086,Unmarried
46086,Wife
17618,Husband
17618,Not-in-family
17618,Other-relative
17618,Own-child
17618,Unmarried
17618,Wife
29687,Not-in-family
29687,Unmarried
17497,Husband
17497,Not-in-family
17497,Other-relative
17497,Own-child
17497,Unmarried
17497,Wife
3132,Husband
3132,Other-relative
3132,Own-child
3132,Wife
28397,Husband
28397,Not-in-family
28397,Other-relative
28397,Own-child
28397,Unmarried
28397,Wife
1757,Husband
1757,Not-in-family
1757,Other-relative
1757,Own-child
1757,Unmarried
1757,Wife
36291,Husband
36291,Other-relative
36291,Own-child
36291,Wife
23084,Husband
23084,Not-in-family
23084,Other-relative
23084,Own-child
23084,Unmarried
23084,Wife
15209,Husband
15209,Not-in-family
15209,Other-relative
15209,Own-child
15209,Unmarried
15209,Wife
38081,Husband
38081,Other-relative
38081,Own-child
38081,Wife
19272,Husband
19272,Not-in-family
19272,Other-relative
19272,Own-child
19272,Unmarried
19272,Wife
42334,Husband
42334,Not-in-family
42334,Other-relative
42334,Own-child
42334,Unmarried
42334,Wife
26104,Husband
26104,Other-relative
26104,Own-child
26104,Wife
41935,Husband
41935,Not-in-family
41935,Other-relative
41935,Own-child
41935,Unmarried
41935,Wife
9420,Not-in-family
9420,Unmarried
30475,Husband
30475,Other-relative
30475,Own-child
30475,Wife
40770,Husband
40770,Not-in-family
40770,Other-relative
40770,Own-child
40770,Unmarried
40770,Wife
9246,Husband
9246,Not-in-family
9246,Other-relative
9246,Own-child
9246,Unmarried
9246,Wife
42337,Husband
42337,Not-in-family
42337,Other-relative
42337,Own-child
42337,Unmarried
42337,Wife
46930,Husband
46930,Not-in-family
46930,Other-relative
46930,Own-child
46930,Unmarried
46930,Wife
40018,Husband
40018,Other-relative
40018,Own-child
40018,Wife
6440,Husband
6440,Not-in-family
6440,Other-relative
6440,Own-child
6440,Unmarried
6440,Wife
3819,Husband
3819,Not-in-family
3819,Other-relative
3819,Own-child
3819,Unmarried
3819,Wife
2805,Husband
2805,Other-relative
2805,Own-child
2805,Wife
35442,Husband
35442,Not-in-family
35442,Other-relative
35442,Own-child
35442,Unmarried
35442,Wife
36530,Not-in-family
36530,Unmarried
25407,Husband
25407,Other-relative
25407,Own-child
25407,Wife
32462,Husband
32462,Not-in-family
32462,Other-relative
32462,Own-child
32462,Unmarried
32462,Wife
26069,Husband
26069,Other-relative
26069,Own-child
26069,Wife
29341,Husband
29341,Not-in-family
29341,Other-relative
29341,Own-child
29341,Unmarried
29341,Wife
8455,Husband
8455,Not-in-family
8455,Other-relative
8455,Own-child
8455,Unmarried
8455,Wife
24969,Not-in-family
24969,Unmarried
22437,Not-in-family
22437,Unmarried
18361,Husband
18361,Other-relative
18361,Own-child
18361,Wife
13316,Not-in-family
13316,Unmarried
28880,Husband
28880,Other-relative
28880,Own-child
28880,Wife
18071,Husband
18071,Not-in-family
18071,Other-relative
18071,Own-child
18071,Unmarried
18071,Wife
33341,Not-in-family
33341,Unmarried
4011,Husband
4011,Not-in-family
4011,Other-relative
4011,Own-child
4011,Unmarried
4011,Wife
13355,Not-in-family
13355,Unmarried
27223,Husband
27223,Not-in-family
27223,Other-relative
27223,Own-child
27223,Unmarried
27223,Wife
39558,Husband
39558,Not-in-family
39558,Other-relative
39558,Own-child
39558,Unmarried
39558,Wife
36462,Husband
36462,Not-in-family
36462,Other-relative
36462,Own-child
36462,Unmarried
36462,Wife
7755,Husband
7755,Other-relative
7755,Own-child
7755,Wife
32322,Husband
32322,Other-relative
32322,Own-child
32322,Wife
8562,Husband
8562,Other-relative
8562,Own-child
8562,Wife
34253,Husband
34253,Other-relative
34253,Own-child
34253,Wife
39420,Not-in-family
39420,Unmarried
31993,Husband
31993,Not-in-family
31993,Other-relative
31993,Own-child
31993,Unmarried
31993,Wife
9564,Husband
9564,Other-relative
9564,Own-child
9564,Wife
14435,Husband
14435,Other-relative
14435,Own-child
14435,Wife
44062,Husband
44062,Not-in-family
44062,Other-relative
44062,Own-child
44062,Unmarried
44062,Wife
16011,Not-in-family
16011,Unmarried
12158,Husband
12158,Other-relative
12158,Own-child
12158,Wife
3558,Husband
3558,Other-relative
3558,Own-child
3558,Wife
9701,Husband
9701,Not-in-family
9701,Other-relative
9701,Own-child
9701,Unmarried
9701,Wife
19966,Husband
19966,Not-in-family
19966,Other-relative
19966,Own-child
19966,Unmarried
19966,Wife
4271,Husband
4271,Not-in-family
4271,Other-relative
4271,Own-child
4271,Unmarried
4271,Wife
45161,Husband
45161,Other-relative
45161,Own-child
45161,Wife
6345,Not-in-family
6345,Unmarried
25944,Not-in-family
25944,Unmarried
2390,Husband
2390,Other-relative
2390,Own-child
2390,Wife
20655,Husband
20655,Not-in-family
20655,Other-relative
20655,Own-child
20655,Unmarried
20655,Wife
45375,Husband
45375,Not-in-family
45375,Other-relative
45375,Own-child
45375,Unmarried
45375,Wife
14297,Husband
14297,Other-relative
14297,Own-child
14297,Wife
1328,Husband
1328,Other-relative
1328,Own-child
1328,Wife
24224,Husband
24224,Other-relative
24224,Own-child
24224,Wife
4251,Husband
4251,Not-in-family
4251,Other-relative
4251,Own-child
4251,Unmarried
4251,Wife
21480,Husband
21480,Not-in-family
21480,Other-relative
21480,Own-child
21480,Unmarried
21480,Wife
34927,Husband
34927,Other-relative
34927,Own-child
34927,Wife
25965,Husband
25965,Not-in-family
25965,Other-relative
25965,Own-child
25965,Unmarried
25965,Wife
14837,Not-in-family
14837,Unmarried
4632,Husband
4632,Not-in-family
4632,Other-relative
4632,Own-child
4632,Unmarried
4632,Wife
17805,Husband
17805,Not-in-family
17805,Other-relative
17805,Own-child
17805,Unmarried
17805,Wife
43889,Husband
43889,Not-in-family
43889,Other-relative
43889,Own-child
43889,Unmarried
43889,Wife
43157,Husband
43157,Not-in-family
43157,Other-relative
43157,Own-child
43157,Unmarried
43157,Wife
870,Husband
870,Not-in-family
870,Other-relative
870,Own-child
870,Unmarried
870,Wife
42960,Husband
42960,Other-relative
42960,Own-child
42960,Wife
47077,Not-in-family
47077,Unmarried
48131,Not-in-family
48131,Unmarried
25362,Husband
25362,Other-relative
25362,Own-child
25362,Wife
30520,Husband
30520,Not-in-family
30520,Other-relative
30520,Own-child
30520,Unmarried
30520,Wife
9319,Husband
9319,Not-in-family
9319,Other-relative
9319,Own-child
9319,Unmarried
9319,Wife
7109,Husband
7109,Not-in-family
7109,Other-relative
7109,Own-child
7109,Unmarried
7109,Wife
6507,Husband
6507,Other-relative
6507,Own-child
6507,Wife
35784,Not-in-family
35784,Unmarried
43366,Husband
43366,Not-in-family
43366,Other-relative
43366,Own-child
43366,Unmarried
43366,Wife
8190,Not-in-family
8190,Unmarried
15034,Husband
15034,Not-in-family
15034,Other-relative
15034,Own-child
15034,Unmarried
15034,Wife
5861,Husband
5861,Not-in-family
5861,Other-relative
5861,Own-child
5861,Unmarried
5861,Wife
25951,Husband
25951,Other-relative
25951,Own-child
25951,Wife
19429,Husband
19429,Not-in-family
19429,Other-relative
19429,Own-child
19429,Unmarried
19429,Wife
37694,Husband
37694,Not-in-family
37694,Other-relative
37694,Own-child
37694,Unmarried
37694,Wife
1985,Not-in-family
1985,Unmarried
40047,Husband
40047,Not-in-family
40047,Other-relative
40047,Own-child
40047,Unmarried
40047,Wife
47763,Not-in-family
47763,Unmarried
20151,Not-in-family
20151,Unmarried
23494,Husband
23494,Other-relative
23494,Own-child
23494,Wife
46788,Husband
46788,Not-in-family
46788,Other-relative
46788,Own-child
46788,Unmarried
46788,Wife
253,Husband
253,Not-in-family
253,Other-relative
253,Own-child
253,Unmarried
253,Wife
35375,Husband
35375,Not-in-family
35375,Other-relative
35375,Own-child
35375,Unmarried
35375,Wife
43268,Husband
43268,Other-relative
43268,Own-child
43268,Wife
10108,Husband
10108,Other-relative
10108,Own-child
10108,Wife
24320,Husband
24320,Other-relative
24320,Own-child
24320,Wife
10552,Husband
10552,Other-relative
10552,Own-child
10552,Wife
39321,Not-in-family
39321,Unmarried
24130,Husband
24130,Other-relative
24130,Own-child
24130,Wife
22965,Husband
22965,Not-in-family
22965,Other-relative
22965,Own-child
22965,Unmarried
22965,Wife
19380,Husband
19380,Not-in-family
19380,Other-relative
19380,Own-child
19380,Unmarried
19380,Wife
13175,Husband
13175,Not-in-family
13175,Other-relative
13175,Own-child
13175,Unmarried
13175,Wife
18373,Husband
18373,Other-relative
18373,Own-child
18373,Wife
4616,Husband
4616,Not-in-family
4616,Other-relative
4616,Own-child
4616,Unmarried
4616,Wife
16223,Husband
16223,Not-in-family
16223,Other-relative
16223,Own-child
16223,Unmarried
16223,Wife
22394,Husband
22394,Other-relative
22394,Own-child
22394,Wife
36285,Husband
36285,Not-in-family
36285,Other-relative
36285,Own-child
36285,Unmarried
36285,Wife
47031,Not-in-family
47031,Unmarried
14600,Husband
14600,Other-relative
14600,Own-child
14600,Wife
15080,Husband
15080,Other-relative
15080,Own-child
15080,Wife
26306,Husband
26306,Other-relative
26306,Own-child
26306,Wife
3441,Husband
3441,Not-in-family
3441,Other-relative
3441,Own-child
3441,Unmarried
3441,Wife
18637,Husband
18637,Not-in-family
18637,Other-relative
18637,Own-child
18637,Unmarried
18637,Wife
43732,Husband
43732,Not-in-family
43732,Other-relative
43732,Own-child
43732,Unmarried
43732,Wife
692,Husband
692,Not-in-family
692,Other-relative
692,Own-child
692,Unmarried
692,Wife
25501,Husband
25501,Other-relative
25501,Own-child
25501,Wife
36609,Husband
36609,Not-in-family
36609,Other-relative
36609,Own-child
36609,Unmarried
36609,Wife
40922,Husband
40922,Not-in-family
40922,Other-relative
40922,Own-child
40922,Unmarried
40922,Wife
24726,Husband
24726,Not-in-family
24726,Other-relative
24726,Own-child
24726,Unmarried
24726,Wife
43023,Husband
43023,Not-in-family
43023,Other-relative
43023,Own-child
43023,Unmarried
43023,Wife
40418,Husband
40418,Other-relative
40418,Own-child
40418,Wife
42524,Husband
42524,Other-relative
42524,Own-child
42524,Wife
7431,Not-in-family
7431,Unmarried
30321,Not-in-family
30321,Unmarried
9502,Husband
9502,Other-relative
9502,Own-child
9502,Wife
30685,Husband
30685,Not-in-family
30685,Other-relative
30685,Own-child
30685,Unmarried
30685,Wife
36463,Husband
36463,Other-relative
36463,Own-child
36463,Wife
11898,Husband
11898,Not-in-family
11898,Other-relative
11898,Own-child
11898,Unmarried
11898,Wife
10639,Husband
10639,Other-relative
10639,Own-child
10639,Wife
16774,Husband
16774,Not-in-family
16774,Other-relative
16774,Own-child
16774,Unmarried
16774,Wife
19894,Not-in-family
19894,Unmarried
25910,Husband
25910,Not-in-family
25910,Other-relative
25910,Own-child
25910,Unmarried
25910,Wife
15795,Husband
15795,Other-relative
15795,Own-child
15795,Wife
132,Husband
132,Other-relative
132,Own-child
132,Wife
48024,Husband
48024,Not-in-family
48024,Other-relative
48024,Own-child
48024,Unmarried
48024,Wife
916,Husband
916,Other-relative
916,Own-child
916,Wife
1193,Husband
1193,Other-relative
1193,Own-child
1193,Wife
5955,Husband
5955,Other-relative
5955,Own-child
5955,Wife
39223,Husband
39223,Not-in-family
39223,Other-relative
39223,Own-child
39223,Unmarried
39223,Wife
44812,Husband
44812,Not-in-family
44812,Other-relative
44812,Own-child
44812,Unmarried
44812,Wife
4179,Husband
4179,Not-in-family
4179,Other-relative
4179,Own-child
4179,Unmarried
4179,Wife
28035,Husband
28035,Not-in-family
28035,Other-relative
28035,Own-child
28035,Unmarried
28035,Wife
26881,Husband
26881,Other-relative
26881,Own-child
26881,Wife
7334,Husband
7334,Other-relative
7334,Own-child
7334,Wife
28105,Husband
28105,Other-relative
28105,Own-child
28105,Wife
33527,Husband
33527,Not-in-family
33527,Other-relative
33527,Own-child
33527,Unmarried
33527,Wife
35095,Husband
35095,Not-in-family
35095,Other-relative
35095,Own-child
35095,Unmarried
35095,Wife
29372,Not-in-family
29372,Unmarried
6278,Husband
6278,Other-relative
6278,Own-child
6278,Wife
11031,Husband
11031,Other-relative
11031,Own-child
11031,Wife
47393,Husband
47393,Other-relative
47393,Own-child
47393,Wife
8279,Husband
8279,Other-relative
8279,Own-child
8279,Wife
23977,Husband
23977,Not-in-family
23977,Other-relative
23977,Own-child
23977,Unmarried
23977,Wife
9532,Husband
9532,Not-in-family
9532,Other-relative
9532,Own-child
9532,Unmarried
9532,Wife
36138,Husband
36138,Not-in-family
36138,Other-relative
36138,Own-child
36138,Unmarried
36138,Wife
9770,Husband
9770,Not-in-family
9770,Other-relative
9770,Own-child
9770,Unmarried
9770,Wife
39115,Husband
39115,Other-relative
39115,Own-child
39115,Wife
10742,Husband
10742,Other-relative
10742,Own-child
10742,Wife
36110,Husband
36110,Not-in-family
36110,Other-relative
36110,Own-child
36110,Unmarried
36110,Wife
22624,Husband
22624,Not-in-family
22624,Other-relative
22624,Own-child
22624,Unmarried
22624,Wife
20145,Husband
20145,Other-relative
20145,Own-child
20145,Wife
43551,Husband
43551,Not-in-family
43551,Other-relative
43551,Own-child
43551,Unmarried
43551,Wife
23802,Husband
23802,Not-in-family
23802,Other-relative
23802,Own-child
23802,Unmarried
23802,Wife
37866,Not-in-family
37866,Unmarried
9555,Husband
9555,Not-in-family
9555,Other-relative
9555,Own-child
9555,Unmarried
9555,Wife
20538,Husband
20538,Not-in-family
20538,Other-relative
20538,Own-child
20538,Unmarried
20538,Wife
34343,Husband
34343,Other-relative
34343,Own-child
34343,Wife
25996,Husband
25996,Not-in-family
25996,Other-relative
25996,Own-child
25996,Unmarried
25996,Wife
12596,Husband
12596,Other-relative
12596,Own-child
12596,Wife
36496,Husband
36496,Other-relative
36496,Own-child
36496,Wife
33620,Not-in-family
33620,Unmarried
47270,Husband
47270,Other-relative
47270,Own-child
47270,Wife
38137,Not-in-family
38137,Unmarried
28336,Husband
28336,Not-in-family
28336,Other-relative
28336,Own-child
28336,Unmarried
28336,Wife
23630,Not-in-family
23630,Unmarried
16812,Husband
16812,Other-relative
16812,Own-child
16812,Wife
22670,Husband
22670,Other-relative
22670,Own-child
22670,Wife
25716,Not-in-family
25716,Unmarried
31057,Not-in-family
31057,Unmarried
7848,Husband
7848,Not-in-family
7848,Other-relative
7848,Own-child
7848,Unmarried
7848,Wife
29087,Husband
29087,Other-relative
29087,Own-child
29087,Wife
30457,Husband
30457,Not-in-family
30457,Other-relative
30457,Own-child
30457,Unmarried
30457,Wife
6793,Not-in-family
6793,Unmarried
31508,Not-in-family
31508,Unmarried
23570,Husband
23570,Other-relative
23570,Own-child
23570,Wife
19413,Husband
19413,Not-in-family
19413,Other-relative
19413,Own-child
19413,Unmarried
19413,Wife
29645,Husband
29645,Other-relative
29645,Own-child
29645,Wife
5278,Husband
5278,Other-relative
5278,Own-child
5278,Wife
21685,Husband
21685,Not-in-family
21685,Other-relative
21685,Own-child
21685,Unmarried
21685,Wife
32112,Husband
32112,Other-relative
32112,Own-child
32112,Wife
35615,Husband
35615,Not-in-family
35615,Other-relative
35615,Own-child
35615,Unmarried
35615,Wife
5813,Husband
5813,Not-in-family
5813,Other-relative
5813,Own-child
5813,Unmarried
5813,Wife
11419,Husband
11419,Other-relative
11419,Own-child
11419,Wife
7159,Husband
7159,Other-relative
7159,Own-child
7159,Wife
39015,Not-in-family
39015,Unmarried
43580,Not-in-family
43580,Unmarried
1178,Not-in-family
1178,Unmarried
6647,Husband
6647,Not-in-family
6647,Other-relative
6647,Own-child
6647,Unmarried
6647,Wife
3675,Husband
3675,Other-relative
3675,Own-child
3675,Wife
13605,Husband
13605,Not-in-family
13605,Other-relative
13605,Own-child
13605,Unmarried
13605,Wife
33284,Husband
33284,Not-in-family
33284,Other-relative
33284,Own-child
33284,Unmarried
33284,Wife
34110,Husband
34110,Not-in-family
34110,Other-relative
34110,Own-child
34110,Unmarried
34110,Wife
3751,Husband
3751,Not-in-family
3751,Other-relative
3751,Own-child
3751,Unmarried
3751,Wife
44860,Husband
44860,Other-relative
44860,Own-child
44860,Wife
5237,Husband
5237,Other-relative
5237,Own-child
5237,Wife
22222,Not-in-family
22222,Unmarried
29742,Husband
29742,Other-relative
29742,Own-child
29742,Wife
26786,Not-in-family
26786,Unmarried
39080,Husband
39080,Not-in-family
39080,Other-relative
39080,Own-child
39080,Unmarried
39080,Wife
31152,Husband
31152,Not-in-family
31152,Other-relative
31152,Own-child
31152,Unmarried
31152,Wife
24641,Husband
24641,Not-in-family
24641,Other-relative
24641,Own-child
24641,Unmarried
24641,Wife
37272,Husband
37272,Not-in-family
37272,Other-relative
37272,Own-child
37272,Unmarried
37272,Wife
28294,Husband
28294,Not-in-family
28294,Other-relative
28294,Own-child
28294,Unmarried
28294,Wife
5437,Husband
5437,Other-relative
5437,Own-child
5437,Wife
14669,Not-in-family
14669,Unmarried
21653,Husband
21653,Not-in-family
21653,Other-relative
21653,Own-child
21653,Unmarried
21653,Wife
47123,Husband
47123,Not-in-family
47123,Other-relative
47123,Own-child
47123,Unmarried
47123,Wife
31801,Husband
31801,Other-relative
31801,Own-child
31801,Wife
48771,Not-in-family
48771,Unmarried
32161,Husband
32161,Other-relative
32161,Own-child
32161,Wife
5711,Husband
5711,Other-relative
5711,Own-child
5711,Wife
20413,Husband
20413,Not-in-family
20413,Other-relative
20413,Own-child
20413,Unmarried
20413,Wife
39664,Husband
39664,Not-in-family
39664,Other-relative
39664,Own-child
39664,Unmarried
39664,Wife
7359,Husband
7359,Other-relative
7359,Own-child
7359,Wife
45515,Not-in-family
45515,Unmarried
7196,Husband
7196,Other-relative
7196,Own-child
7196,Wife
5422,Husband
5422,Not-in-family
5422,Other-relative
5422,Own-child
5422,Unmarried
5422,Wife
32812,Not-in-family
32812,Unmarried
7017,Not-in-family
7017,Unmarried
13309,Not-in-family
13309,Unmarried
6163,Husband
6163,Not-in-family
6163,Other-relative
6163,Own-child
6163,Unmarried
6163,Wife
2086,Husband
2086,Not-in-family
2086,Other-relative
2086,Own-child
2086,Unmarried
2086,Wife
17795,Husband
17795,Not-in-family
17795,Other-relative
17795,Own-child
17795,Unmarried
17795,Wife
40848,Husband
40848,Not-in-family
40848,Other-relative
40848,Own-child
40848,Unmarried
40848,Wife
31529,Not-in-family
31529,Unmarried
46018,Husband
46018,Other-relative
46018,Own-child
46018,Wife
23073,Husband
23073,Not-in-family
23073,Other-relative
23073,Own-child
23073,Unmarried
23073,Wife
5701,Husband
5701,Not-in-family
5701,Other-relative
5701,Own-child
5701,Unmarried
5701,Wife
1505,Husband
1505,Other-relative
1505,Own-child
1505,Wife
42580,Husband
42580,Other-relative
42580,Own-child
42580,Wife
32627,Husband
32627,Other-relative
32627,Own-child
32627,Wife
8745,Husband
8745,Not-in-family
8745,Other-relative
8745,Own-child
8745,Unmarried
8745,Wife
42289,Husband
42289,Other-relative
42289,Own-child
42289,Wife
21873,Not-in-family
21873,Unmarried
37447,Husband
37447,Not-in-family
37447,Other-relative
37447,Own-child
37447,Unmarried
37447,Wife
43327,Husband
43327,Not-in-family
43327,Other-relative
43327,Own-child
43327,Unmarried
43327,Wife
35646,Husband
35646,Other-relative
35646,Own-child
35646,Wife
28676,Husband
28676,Not-in-family
28676,Other-relative
28676,Own-child
28676,Unmarried
28676,Wife
21739,Not-in-family
21739,Unmarried
35909,Husband
35909,Not-in-family
35909,Other-relative
35909,Own-child
35909,Unmarried
35909,Wife
40546,Husband
40546,Other-relative
40546,Own-child
40546,Wife
12402,Husband
12402,Not-in-family
12402,Other-relative
12402,Own-child
12402,Unmarried
12402,Wife
22386,Husband
22386,Not-in-family
22386,Other-relative
22386,Own-child
22386,Unmarried
22386,Wife
33444,Husband
33444,Not-in-family
33444,Other-relative
33444,Own-child
33444,Unmarried
33444,Wife
11277,Husband
11277,Not-in-family
11277,Other-relative
11277,Own-child
11277,Unmarried
11277,Wife
22837,Husband
22837,Not-in-family
22837,Other-relative
22837,Own-child
22837,Unmarried
22837,Wife
3500,Husband
3500,Other-relative
3500,Own-child
3500,Wife
16901,Husband
16901,Not-in-family
16901,Other-relative
16901,Own-child
16901,Unmarried
16901,Wife
19276,Not-in-family
19276,Unmarried
39889,Husband
39889,Not-in-family
39889,Other-relative
39889,Own-child
39889,Unmarried
39889,Wife
12311,Husband
12311,Other-relative
12311,Own-child
12311,Wife
2565,Husband
2565,Other-relative
2565,Own-child
2565,Wife
40908,Husband
40908,Not-in-family
40908,Other-relative
40908,Own-child
40908,Unmarried
40908,Wife
38152,Husband
38152,Other-relative
38152,Own-child
38152,Wife
1274,Not-in-family
1274,Unmarried
23355,Husband
23355,Other-relative
23355,Own-child
23355,Wife
15235,Husband
15235,Not-in-family
15235,Other-relative
15235,Own-child
15235,Unmarried
15235,Wife
30319,Husband
30319,Other-relative
30319,Own-child
30319,Wife
12145,Husband
12145,Not-in-family
12145,Other-relative
12145,Own-child
12145,Unmarried
12145,Wife
39486,Husband
39486,Not-in-family
39486,Other-relative
39486,Own-child
39486,Unmarried
39486,Wife
13279,Husband
13279,Not-in-family
13279,Other-relative
13279,Own-child
13279,Unmarried
13279,Wife
10479,Husband
10479,Other-relative
10479,Own-child
10479,Wife
36772,Husband
36772,Other-relative
36772,Own-child
36772,Wife
7958,Husband
7958,Not-in-family
7958,Other-relative
7958,Own-child
7958,Unmarried
7958,Wife
5077,Husband
5077,Not-in-family
5077,Other-relative
5077,Own-child
5077,Unmarried
5077,Wife
21498,Husband
21498,Not-in-family
21498,Other-relative
21498,Own-child
21498,Unmarried
21498,Wife
15675,Husband
15675,Other-relative
15675,Own-child
15675,Wife
2412,Husband
2412,Other-relative
2412,Own-child
2412,Wife
6228,Husband
6228,Not-in-family
6228,Other-relative
6228,Own-child
6228,Unmarried
6228,Wife
2807,Not-in-family
2807,Unmarried
8501,Husband
8501,Not-in-family
8501,Other-relative
8501,Own-child
8501,Unmarried
8501,Wife
46635,Husband
46635,Not-in-family
46635,Other-relative
46635,Own-child
46635,Unmarried
46635,Wife
3327,Husband
3327,Not-in-family
3327,Other-relative
3327,Own-child
3327,Unmarried
3327,Wife
3489,Husband
3489,Other-relative
3489,Own-child
3489,Wife
24391,Husband
24391,Other-relative
24391,Own-child
24391,Wife
3622,Husband
3622,Not-in-family
3622,Other-relative
3622,Own-child
3622,Unmarried
3622,Wife
40202,Not-in-family
40202,Unmarried
47187,Husband
47187,Not-in-family
47187,Other-relative
47187,Own-child
47187,Unmarried
47187,Wife
15955,Husband
15955,Not-in-family
15955,Other-relative
15955,Own-child
15955,Unmarried
15955,Wife
12555,Husband
12555,Other-relative
12555,Own-child
12555,Wife
37795,Husband
37795,Other-relative
37795,Own-child
37795,Wife
37029,Husband
37029,Not-in-family
37029,Other-relative
37029,Own-child
37029,Unmarried
37029,Wife
3449,Not-in-family
3449,Unmarried
37625,Husband
37625,Other-relative
37625,Own-child
37625,Wife
17112,Not-in-family
17112,Unmarried
21088,Husband
21088,Other-relative
21088,Own-child
21088,Wife
4617,Husband
4617,Not-in-family
4617,Other-relative
4617,Own-child
4617,Unmarried
4617,Wife
16799,Husband
16799,Not-in-family
16799,Other-relative
16799,Own-child
16799,Unmarried
16799,Wife
10705,Husband
10705,Not-in-family
10705,Other-relative
10705,Own-child
10705,Unmarried
10705,Wife
23133,Husband
23133,Other-relative
23133,Own-child
23133,Wife
23325,Not-in-family
23325,Unmarried
15537,Not-in-family
15537,Unmarried
17828,Husband
17828,Other-relative
17828,Own-child
17828,Wife
39843,Husband
39843,Not-in-family
39843,Other-relative
39843,Own-child
39843,Unmarried
39843,Wife
1127,Husband
1127,Not-in-family
1127,Other-relative
1127,Own-child
1127,Unmarried
1127,Wife
27096,Not-in-family
27096,Unmarried
46258,Husband
46258,Other-relative
46258,Own-child
46258,Wife
4932,Husband
4932,Other-relative
4932,Own-child
4932,Wife
15652,Husband
15652,Other-relative
15652,Own-child
15652,Wife
36255,Husband
36255,Other-relative
36255,Own-child
36255,Wife
34934,Not-in-family
34934,Unmarried
31653,Husband
31653,Not-in-family
31653,Other-relative
31653,Own-child
31653,Unmarried
31653,Wife
18420,Not-in-family
18420,Unmarried
42941,Husband
42941,Other-relative
42941,Own-child
42941,Wife
31878,Husband
31878,Not-in-family
31878,Other-relative
31878,Own-child
31878,Unmarried
31878,Wife
22504,Not-in-family
22504,Unmarried
39753,Husband
39753,Not-in-family
39753,Other-relative
39753,Own-child
39753,Unmarried
39753,Wife
18598,Husband
18598,Not-in-family
18598,Other-relative
18598,Own-child
18598,Unmarried
18598,Wife
26351,Husband
26351,Other-relative
26351,Own-child
26351,Wife
20838,Husband
20838,Not-in-family
20838,Other-relative
20838,Own-child
20838,Unmarried
20838,Wife
5271,Husband
5271,Other-relative
5271,Own-child
5271,Wife
48058,Husband
48058,Not-in-family
48058,Other-relative
48058,Own-child
48058,Unmarried
48058,Wife
36140,Husband
36140,Not-in-family
36140,Other-relative
36140,Own-child
36140,Unmarried
36140,Wife
19547,Husband
19547,Not-in-family
19547,Other-relative
19547,Own-child
19547,Unmarried
19547,Wife
42557,Husband
42557,Not-in-family
42557,Other-relative
42557,Own-child
42557,Unmarried
42557,Wife
27347,Husband
27347,Not-in-family
27347,Other-relative
27347,Own-child
27347,Unmarried
27347,Wife
15066,Husband
15066,Not-in-family
15066,Other-relative
15066,Own-child
15066,Unmarried
15066,Wife
32339,Husband
32339,Other-relative
32339,Own-child
32339,Wife
13141,Not-in-family
13141,Unmarried
1616,Husband
1616,Other-relative
1616,Own-child
1616,Wife
47035,Husband
47035,Not-in-family
47035,Other-relative
47035,Own-child
47035,Unmarried
47035,Wife
10032,Not-in-family
10032,Unmarried
9217,Husband
9217,Other-relative
9217,Own-child
9217,Wife
40775,Husband
40775,Other-relative
40775,Own-child
40775,Wife
23158,Husband
23158,Not-in-family
23158,Other-relative
23158,Own-child
23158,Unmarried
23158,Wife
44981,Not-in-family
44981,Unmarried
14974,Husband
14974,Not-in-family
14974,Other-relative
14974,Own-child
14974,Unmarried
14974,Wife
13054,Husband
13054,Other-relative
13054,Own-child
13054,Wife
37799,Husband
37799,Other-relative
37799,Own-child
37799,Wife
6611,Husband
6611,Not-in-family
6611,Other-relative
6611,Own-child
6611,Unmarried
6611,Wife
18015,Husband
18015,Not-in-family
18015,Other-relative
18015,Own-child
18015,Unmarried
18015,Wife
33469,Husband
33469,Other-relative
33469,Own-child
33469,Wife
30180,Husband
30180,Not-in-family
30180,Other-relative
30180,Own-child
30180,Unmarried
30180,Wife
34843,Husband
34843,Not-in-family
34843,Other-relative
34843,Own-child
34843,Unmarried
34843,Wife
20659,Husband
20659,Other-relative
20659,Own-child
20659,Wife
26158,Husband
26158,Not-in-family
26158,Other-relative
26158,Own-child
26158,Unmarried
26158,Wife
27442,Husband
27442,Other-relative
27442,Own-child
27442,Wife
7618,Not-in-family
7618,Unmarried
19454,Not-in-family
19454,Unmarried
46323,Husband
46323,Not-in-family
46323,Other-relative
46323,Own-child
46323,Unmarried
46323,Wife
27531,Husband
27531,Not-in-family
27531,Other-relative
27531,Own-child
27531,Unmarried
27531,Wife
47099,Not-in-family
47099,Unmarried
5283,Husband
5283,Not-in-family
5283,Other-relative
5283,Own-child
5283,Unmarried
5283,Wife
38494,Husband
38494,Not-in-family
38494,Other-relative
38494,Own-child
38494,Unmarried
38494,Wife
14414,Husband
14414,Not-in-family
14414,Other-relative
14414,Own-child
14414,Unmarried
14414,Wife
23651,Husband
23651,Not-in-family
23651,Other-relative
23651,Own-child
23651,Unmarried
23651,Wife
44533,Husband
44533,Not-in-family
44533,Other-relative
44533,Own-child
44533,Unmarried
44533,Wife
23262,Husband
23262,Other-relative
23262,Own-child
23262,Wife
2175,Husband
2175,Other-relative
2175,Own-child
2175,Wife
17689,Husband
17689,Other-relative
17689,Own-child
17689,Wife
38173,Husband
38173,Not-in-family
38173,Other-relative
38173,Own-child
38173,Unmarried
38173,Wife
10774,Husband
10774,Not-in-family
10774,Other-relative
10774,Own-child
10774,Unmarried
10774,Wife
19124,Husband
19124,Not-in-family
19124,Other-relative
19124,Own-child
19124,Unmarried
19124,Wife
35197,Not-in-family
35197,Unmarried
332,Not-in-family
332,Unmarried
39074,Husband
39074,Other-relative
39074,Own-child
39074,Wife
11895,Husband
11895,Not-in-family
11895,Other-relative
11895,Own-child
11895,Unmarried
11895,Wife
5863,Husband
5863,Not-in-family
5863,Other-relative
5863,Own-child
5863,Unmarried
5863,Wife
48458,Husband
48458,Other-relative
48458,Own-child
48458,Wife
41832,Husband
41832,Other-relative
41832,Own-child
41832,Wife
6570,Husband
6570,Not-in-family
6570,Other-relative
6570,Own-child
6570,Unmarried
6570,Wife
42658,Not-in-family
42658,Unmarried
22635,Not-in-family
22635,Unmarried
9262,Not-in-family
9262,Unmarried
25890,Husband
25890,Other-relative
25890,Own-child
25890,Wife
47817,Husband
47817,Not-in-family
47817,Other-relative
47817,Own-child
47817,Unmarried
47817,Wife
24171,Husband
24171,Not-in-family
24171,Other-relative
24171,Own-child
24171,Unmarried
24171,Wife
31422,Husband
31422,Other-relative
31422,Own-child
31422,Wife
2654,Husband
2654,Not-in-family
2654,Other-relative
2654,Own-child
2654,Unmarried
2654,Wife
3446,Husband
3446,Other-relative
3446,Own-child
3446,Wife
15116,Not-in-family
15116,Unmarried
43081,Husband
43081,Not-in-family
43081,Other-relative
43081,Own-child
43081,Unmarried
43081,Wife
39688,Not-in-family
39688,Unmarried
11987,Husband
11987,Other-relative
11987,Own-child
11987,Wife
46385,Husband
46385,Other-relative
46385,Own-child
46385,Wife
34498,Husband
34498,Not-in-family
34498,Other-relative
34498,Own-child
34498,Unmarried
34498,Wife
39700,Husband
39700,Other-relative
39700,Own-child
39700,Wife
44398,Husband
44398,Not-in-family
44398,Other-relative
44398,Own-child
44398,Unmarried
44398,Wife
23871,Husband
23871,Other-relative
23871,Own-child
23871,Wife
47909,Husband
47909,Not-in-family
47909,Other-relative
47909,Own-child
47909,Unmarried
47909,Wife
44840,Husband
44840,Not-in-family
44840,Other-relative
44840,Own-child
44840,Unmarried
44840,Wife
41667,Not-in-family
41667,Unmarried
4372,Husband
4372,Other-relative
4372,Own-child
4372,Wife
40549,Husband
40549,Not-in-family
40549,Other-relative
40549,Own-child
40549,Unmarried
40549,Wife
7290,Husband
7290,Other-relative
7290,Own-child
7290,Wife
24539,Husband
24539,Not-in-family
24539,Other-relative
24539,Own-child
24539,Unmarried
24539,Wife
44117,Husband
44117,Other-relative
44117,Own-child
44117,Wife
4336,Not-in-family
4336,Unmarried
14362,Husband
14362,Not-in-family
14362,Other-relative
14362,Own-child
14362,Unmarried
14362,Wife
7694,Husband
7694,Other-relative
7694,Own-child
7694,Wife
24306,Husband
24306,Other-relative
24306,Own-child
24306,Wife
1596,Husband
1596,Other-relative
1596,Own-child
1596,Wife
48070,Husband
48070,Other-relative
48070,Own-child
48070,Wife
41838,Husband
41838,Not-in-family
41838,Other-relative
41838,Own-child
41838,Unmarried
41838,Wife
11680,Husband
11680,Not-in-family
11680,Other-relative
11680,Own-child
11680,Unmarried
11680,Wife
19217,Not-in-family
19217,Unmarried
24033,Husband
24033,Other-relative
24033,Own-child
24033,Wife
5912,Husband
5912,Not-in-family
5912,Other-relative
5912,Own-child
5912,Unmarried
5912,Wife
31846,Husband
31846,Not-in-family
31846,Other-relative
31846,Own-child
31846,Unmarried
31846,Wife
23848,Husband
23848,Not-in-family
23848,Other-relative
23848,Own-child
23848,Unmarried
23848,Wife
38896,Not-in-family
38896,Unmarried
42501,Husband
42501,Not-in-family
42501,Other-relative
42501,Own-child
42501,Unmarried
42501,Wife
41833,Husband
41833,Not-in-family
41833,Other-relative
41833,Own-child
41833,Unmarried
41833,Wife
13332,Husband
13332,Not-in-family
13332,Other-relative
13332,Own-child
13332,Unmarried
13332,Wife
43853,Husband
43853,Not-in-family
43853,Other-relative
43853,Own-child
43853,Unmarried
43853,Wife
8239,Husband
8239,Other-relative
8239,Own-child
8239,Wife
17722,Husband
17722,Other-relative
17722,Own-child
17722,Wife
15665,Not-in-family
15665,Unmarried
39782,Husband
39782,Other-relative
39782,Own-child
39782,Wife
29960,Husband
29960,Not-in-family
29960,Other-relative
29960,Own-child
29960,Unmarried
29960,Wife
13351,Husband
13351,Other-relative
13351,Own-child
13351,Wife
27746,Husband
27746,Not-in-family
27746,Other-relative
27746,Own-child
27746,Unmarried
27746,Wife
10633,Husband
10633,Other-relative
10633,Own-child
10633,Wife
2268,Husband
2268,Not-in-family
2268,Other-relative
2268,Own-child
2268,Unmarried
2268,Wife
28096,Not-in-family
28096,Unmarried
44591,Husband
44591,Other-relative
44591,Own-child
44591,Wife
1649,Husband
1649,Not-in-family
1649,Other-relative
1649,Own-child
1649,Unmarried
1649,Wife
23334,Husband
23334,Not-in-family
23334,Other-relative
23334,Own-child
23334,Unmarried
23334,Wife
48490,Husband
48490,Not-in-family
48490,Other-relative
48490,Own-child
48490,Unmarried
48490,Wife
34671,Not-in-family
34671,Unmarried
47786,Husband
47786,Other-relative
47786,Own-child
47786,Wife
8511,Not-in-family
8511,Unmarried
44451,Not-in-family
44451,Unmarried
8428,Not-in-family
8428,Unmarried
42915,Husband
42915,Other-relative
42915,Own-child
42915,Wife
32603,Husband
32603,Not-in-family
32603,Other-relative
32603,Own-child
32603,Unmarried
32603,Wife
43750,Husband
43750,Not-in-family
43750,Other-relative
43750,Own-child
43750,Unmarried
43750,Wife
19441,Husband
19441,Other-relative
19441,Own-child
19441,Wife
239,Husband
239,Not-in-family
239,Other-relative
239,Own-child
239,Unmarried
239,Wife
36730,Husband
36730,Not-in-family
36730,Other-relative
36730,Own-child
36730,Unmarried
36730,Wife
10561,Husband
10561,Other-relative
10561,Own-child
10561,Wife
44954,Husband
44954,Other-relative
44954,Own-child
44954,Wife
30226,Not-in-family
30226,Unmarried
6927,Husband
6927,Not-in-family
6927,Other-relative
6927,Own-child
6927,Unmarried
6927,Wife
30443,Husband
30443,Not-in-family
30443,Other-relative
30443,Own-child
30443,Unmarried
30443,Wife
33454,Husband
33454,Not-in-family
33454,Other-relative
33454,Own-child
33454,Unmarried
33454,Wife
23875,Husband
23875,Other-relative
23875,Own-child
23875,Wife
48743,Husband
48743,Other-relative
48743,Own-child
48743,Wife
14190,Husband
14190,Other-relative
14190,Own-child
14190,Wife
17863,Husband
17863,Not-in-family
17863,Other-relative
17863,Own-child
17863,Unmarried
17863,Wife
5019,Husband
5019,Not-in-family
5019,Other-relative
5019,Own-child
5019,Unmarried
5019,Wife
17358,Husband
17358,Not-in-family
17358,Other-relative
17358,Own-child
17358,Unmarried
17358,Wife
42860,Husband
42860,Not-in-family
42860,Other-relative
42860,Own-child
42860,Unmarried
42860,Wife
16143,Husband
16143,Not-in-family
16143,Other-relative
16143,Own-child
16143,Unmarried
16143,Wife
7256,Husband
7256,Not-in-family
7256,Other-relative
7256,Own-child
7256,Unmarried
7256,Wife
4642,Husband
4642,Other-relative
4642,Own-child
4642,Wife
28936,Husband
28936,Not-in-family
28936,Other-relative
28936,Own-child
28936,Unmarried
28936,Wife
33175,Husband
33175,Not-in-family
33175,Other-relative
33175,Own-child
33175,Unmarried
33175,Wife
7097,Husband
7097,Other-relative
7097,Own-child
7097,Wife
30497,Not-in-family
30497,Unmarried
44588,Husband
44588,Not-in-family
44588,Other-relative
44588,Own-child
44588,Unmarried
44588,Wife
44503,Husband
44503,Other-relative
44503,Own-child
44503,Wife
1899,Husband
1899,Not-in-family
1899,Other-relative
1899,Own-child
1899,Unmarried
1899,Wife
2120,Husband
2120,Other-relative
2120,Own-child
2120,Wife
17072,Husband
17072,Other-relative
17072,Own-child
17072,Wife
13073,Husband
13073,Not-in-family
13073,Other-relative
13073,Own-child
13073,Unmarried
13073,Wife
36816,Husband
36816,Not-in-family
36816,Other-relative
36816,Own-child
36816,Unmarried
36816,Wife
46181,Husband
46181,Not-in-family
46181,Other-relative
46181,Own-child
46181,Unmarried
46181,Wife
45134,Husband
45134,Not-in-family
45134,Other-relative
45134,Own-child
45134,Unmarried
45134,Wife
41256,Husband
41256,Not-in-family
41256,Other-relative
41256,Own-child
41256,Unmarried
41256,Wife
24519,Not-in-family
24519,Unmarried
28027,Husband
28027,Other-relative
28027,Own-child
28027,Wife
44247,Husband
44247,Not-in-family
44247,Other-relative
44247,Own-child
44247,Unmarried
44247,Wife
8361,Husband
8361,Other-relative
8361,Own-child
8361,Wife
35360,Husband
35360,Other-relative
35360,Own-child
35360,Wife
15784,Not-in-family
15784,Unmarried
7873,Husband
7873,Not-in-family
7873,Other-relative
7873,Own-child
7873,Unmarried
7873,Wife
4537,Husband
4537,Other-relative
4537,Own-child
4537,Wife
10657,Husband
10657,Other-relative
10657,Own-child
10657,Wife
43583,Husband
43583,Not-in-family
43583,Other-relative
43583,Own-child
43583,Unmarried
43583,Wife
42485,Not-in-family
42485,Unmarried
11825,Husband
11825,Other-relative
11825,Own-child
11825,Wife
15571,Husband
15571,Not-in-family
15571,Other-relative
15571,Own-child
15571,Unmarried
15571,Wife
22850,Husband
22850,Not-in-family
22850,Other-relative
22850,Own-child
22850,Unmarried
22850,Wife
34560,Not-in-family
34560,Unmarried
47062,Husband
47062,Other-relative
47062,Own-child
47062,Wife
14490,Husband
14490,Not-in-family
14490,Other-relative
14490,Own-child
14490,Unmarried
14490,Wife
42694,Husband
42694,Not-in-family
42694,Other-relative
42694,Own-child
42694,Unmarried
42694,Wife
9837,Husband
9837,Not-in-family
9837,Other-relative
9837,Own-child
9837,Unmarried
9837,Wife
45425,Husband
45425,Other-relative
45425,Own-child
45425,Wife
33678,Husband
33678,Not-in-family
33678,Other-relative
33678,Own-child
33678,Unmarried
33678,Wife
1904,Husband
1904,Not-in-family
1904,Other-relative
1904,Own-child
1904,Unmarried
1904,Wife
38136,Not-in-family
38136,Unmarried
7881,Husband
7881,Not-in-family
7881,Other-relative
7881,Own-child
7881,Unmarried
7881,Wife
21883,Husband
21883,Not-in-family
21883,Other-relative
21883,Own-child
21883,Unmarried
21883,Wife
1728,Husband
1728,Other-relative
1728,Own-child
1728,Wife
32411,Husband
32411,Other-relative
32411,Own-child
32411,Wife
7496,Not-in-family
7496,Unmarried
15297,Not-in-family
15297,Unmarried
23854,Husband
23854,Not-in-family
23854,Other-relative
23854,Own-child
23854,Unmarried
23854,Wife
28734,Husband
28734,Not-in-family
28734,Other-relative
28734,Own-child
28734,Unmarried
28734,Wife
27410,Not-in-family
27410,Unmarried
3219,Not-in-family
3219,Unmarried
18849,Not-in-family
18849,Unmarried
6620,Husband
6620,Not-in-family
6620,Other-relative
6620,Own-child
6620,Unmarried
6620,Wife
32172,Husband
32172,Other-relative
32172,Own-child
32172,Wife
15203,Husband
15203,Other-relative
15203,Own-child
15203,Wife
20428,Husband
20428,Not-in-family
20428,Other-relative
20428,Own-child
20428,Unmarried
20428,Wife
43752,Husband
43752,Other-relative
43752,Own-child
43752,Wife
30182,Husband
30182,Not-in-family
30182,Other-relative
30182,Own-child
30182,Unmarried
30182,Wife
29131,Husband
29131,Not-in-family
29131,Other-relative
29131,Own-child
29131,Unmarried
29131,Wife
23004,Husband
23004,Not-in-family
23004,Other-relative
23004,Own-child
23004,Unmarried
23004,Wife
26193,Husband
26193,Not-in-family
26193,Other-relative
26193,Own-child
26193,Unmarried
26193,Wife
12579,Husband
12579,Not-in-family
12579,Other-relative
12579,Own-child
12579,Unmarried
12579,Wife
27514,Husband
27514,Not-in-family
27514,Other-relative
27514,Own-child
27514,Unmarried
27514,Wife
13435,Husband
13435,Not-in-family
13435,Other-relative
13435,Own-child
13435,Unmarried
13435,Wife
38191,Husband
38191,Not-in-family
38191,Other-relative
38191,Own-child
38191,Unmarried
38191,Wife
40129,Husband
40129,Other-relative
40129,Own-child
40129,Wife
26747,Husband
26747,Other-relative
26747,Own-child
26747,Wife
7520,Husband
7520,Not-in-family
7520,Other-relative
7520,Own-child
7520,Unmarried
7520,Wife
45269,Husband
45269,Other-relative
45269,Own-child
45269,Wife
44603,Husband
44603,Not-in-family
44603,Other-relative
44603,Own-child
44603,Unmarried
44603,Wife
2341,Husband
2341,Other-relative
2341,Own-child
2341,Wife
20341,Husband
20341,Not-in-family
20341,Other-relative
20341,Own-child
20341,Unmarried
20341,Wife
24326,Not-in-family
24326,Unmarried
4149,Husband
4149,Not-in-family
4149,Other-relative
4149,Own-child
4149,Unmarried
4149,Wife
44001,Not-in-family
44001,Unmarried
20042,Husband
20042,Not-in-family
20042,Other-relative
20042,Own-child
20042,Unmarried
20042,Wife
24803,Husband
24803,Not-in-family
24803,Other-relative
24803,Own-child
24803,Unmarried
24803,Wife
2473,Husband
2473,Other-relative
2473,Own-child
2473,Wife
37717,Husband
37717,Not-in-family
37717,Other-relative
37717,Own-child
37717,Unmarried
37717,Wife
2876,Husband
2876,Not-in-family
2876,Other-relative
2876,Own-child
2876,Unmarried
2876,Wife
6185,Not-in-family
6185,Unmarried
7118,Not-in-family
7118,Unmarried
10052,Not-in-family
10052,Unmarried
31602,Husband
31602,Not-in-family
31602,Other-relative
31602,Own-child
31602,Unmarried
31602,Wife
35182,Husband
35182,Other-relative
35182,Own-child
35182,Wife
35988,Husband
35988,Not-in-family
35988,Other-relative
35988,Own-child
35988,Unmarried
35988,Wife
45335,Husband
45335,Not-in-family
45335,Other-relative
45335,Own-child
45335,Unmarried
45335,Wife
44859,Not-in-family
44859,Unmarried
44809,Not-in-family
44809,Unmarried
9167,Husband
9167,Not-in-family
9167,Other-relative
9167,Own-child
9167,Unmarried
9167,Wife
26526,Husband
26526,Other-relative
26526,Own-child
26526,Wife
44206,Husband
44206,Not-in-family
44206,Other-relative
44206,Own-child
44206,Unmarried
44206,Wife
24804,Husband
24804,Not-in-family
24804,Other-relative
24804,Own-child
24804,Unmarried
24804,Wife
20996,Husband
20996,Other-relative
20996,Own-child
20996,Wife
5037,Husband
5037,Not-in-family
5037,Other-relative
5037,Own-child
5037,Unmarried
5037,Wife
25838,Husband
25838,Not-in-family
25838,Other-relative
25838,Own-child
25838,Unmarried
25838,Wife
10576,Husband
10576,Not-in-family
10576,Other-relative
10576,Own-child
10576,Unmarried
10576,Wife
29581,Husband
29581,Other-relative
29581,Own-child
29581,Wife
14965,Husband
14965,Not-in-family
14965,Other-relative
14965,Own-child
14965,Unmarried
14965,Wife
41455,Husband
41455,Other-relative
41455,Own-child
41455,Wife
46607,Husband
46607,Not-in-family
46607,Other-relative
46607,Own-child
46607,Unmarried
46607,Wife
31170,Husband
31170,Not-in-family
31170,Other-relative
31170,Own-child
31170,Unmarried
31170,Wife
19314,Husband
19314,Not-in-family
19314,Other-relative
19314,Own-child
19314,Unmarried
19314,Wife
18064,Husband
18064,Other-relative
18064,Own-child
18064,Wife
9952,Husband
9952,Other-relative
9952,Own-child
9952,Wife
34316,Husband
34316,Other-relative
34316,Own-child
34316,Wife
35466,Husband
35466,Not-in-family
35466,Other-relative
35466,Own-child
35466,Unmarried
35466,Wife
29988,Husband
29988,Not-in-family
29988,Other-relative
29988,Own-child
29988,Unmarried
29988,Wife
18770,Not-in-family
18770,Unmarried
21863,Husband
21863,Other-relative
21863,Own-child
21863,Wife
835,Husband
835,Not-in-family
835,Other-relative
835,Own-child
835,Unmarried
835,Wife
6951,Husband
6951,Other-relative
6951,Own-child
6951,Wife
20583,Not-in-family
20583,Unmarried
15126,Husband
15126,Other-relative
15126,Own-child
15126,Wife
44748,Husband
44748,Not-in-family
44748,Other-relative
44748,Own-child
44748,Unmarried
44748,Wife
6370,Husband
6370,Not-in-family
6370,Other-relative
6370,Own-child
6370,Unmarried
6370,Wife
19511,Husband
19511,Not-in-family
19511,Other-relative
19511,Own-child
19511,Unmarried
19511,Wife
30766,Husband
30766,Other-relative
30766,Own-child
30766,Wife
25850,Husband
25850,Other-relative
25850,Own-child
25850,Wife
36655,Husband
36655,Not-in-family
36655,Other-relative
36655,Own-child
36655,Unmarried
36655,Wife
3483,Husband
3483,Not-in-family
3483,Other-relative
3483,Own-child
3483,Unmarried
3483,Wife
20900,Husband
20900,Not-in-family
20900,Other-relative
20900,Own-child
20900,Unmarried
20900,Wife
20521,Not-in-family
20521,Unmarried
46331,Husband
46331,Other-relative
46331,Own-child
46331,Wife
2720,Not-in-family
2720,Unmarried
31233,Husband
31233,Not-in-family
31233,Other-relative
31233,Own-child
31233,Unmarried
31233,Wife
11536,Husband
11536,Other-relative
11536,Own-child
11536,Wife
7594,Husband
7594,Other-relative
7594,Own-child
7594,Wife
27234,Husband
27234,Other-relative
27234,Own-child
27234,Wife
9867,Husband
9867,Not-in-family
9867,Other-relative
9867,Own-child
9867,Unmarried
9867,Wife
36756,Husband
36756,Other-relative
36756,Own-child
36756,Wife
21452,Husband
21452,Not-in-family
21452,Other-relative
21452,Own-child
21452,Unmarried
21452,Wife
39526,Husband
39526,Not-in-family
39526,Other-relative
39526,Own-child
39526,Unmarried
39526,Wife
24061,Husband
24061,Other-relative
24061,Own-child
24061,Wife
47243,Husband
47243,Not-in-family
47243,Other-relative
47243,Own-child
47243,Unmarried
47243,Wife
31727,Husband
31727,Not-in-family
31727,Other-relative
31727,Own-child
31727,Unmarried
31727,Wife
7030,Not-in-family
7030,Unmarried
9321,Husband
9321,Not-in-family
9321,Other-relative
9321,Own-child
9321,Unmarried
9321,Wife
6855,Husband
6855,Not-in-family
6855,Other-relative
6855,Own-child
6855,Unmarried
6855,Wife
45325,Husband
45325,Other-relative
45325,Own-child
45325,Wife
6847,Husband
6847,Other-relative
6847,Own-child
6847,Wife
24010,Husband
24010,Not-in-family
24010,Other-relative
24010,Own-child
24010,Unmarried
24010,Wife
38674,Husband
38674,Other-relative
38674,Own-child
38674,Wife
33090,Husband
33090,Not-in-family
33090,Other-relative
33090,Own-child
33090,Unmarried
33090,Wife
47876,Not-in-family
47876,Unmarried
16999,Husband
16999,Other-relative
16999,Own-child
16999,Wife
13779,Husband
13779,Not-in-family
13779,Other-relative
13779,Own-child
13779,Unmarried
13779,Wife
26678,Husband
26678,Other-relative
26678,Own-child
26678,Wife
1310,Husband
1310,Other-relative
1310,Own-child
1310,Wife
26318,Not-in-family
26318,Unmarried
22207,Husband
22207,Not-in-family
22207,Other-relative
22207,Own-child
22207,Unmarried
22207,Wife
40092,Husband
40092,Other-relative
40092,Own-child
40092,Wife
34536,Husband
34536,Not-in-family
34536,Other-relative
34536,Own-child
34536,Unmarried
34536,Wife
18284,Husband
18284,Not-in-family
18284,Other-relative
18284,Own-child
18284,Unmarried
18284,Wife
32025,Husband
32025,Not-in-family
32025,Other-relative
32025,Own-child
32025,Unmarried
32025,Wife
2113,Not-in-family
2113,Unmarried
40394,Husband
40394,Not-in-family
40394,Other-relative
40394,Own-child
40394,Unmarried
40394,Wife
4131,Husband
4131,Not-in-family
4131,Other-relative
4131,Own-child
4131,Unmarried
4131,Wife
24886,Not-in-family
24886,Unmarried
31692,Husband
31692,Not-in-family
31692,Other-relative
31692,Own-child
31692,Unmarried
31692,Wife
8803,Husband
8803,Other-relative
8803,Own-child
8803,Wife
13284,Not-in-family
13284,Unmarried
38732,Not-in-family
38732,Unmarried
41237,Husband
41237,Other-relative
41237,Own-child
41237,Wife
27493,Husband
27493,Other-relative
27493,Own-child
27493,Wife
8551,Not-in-family
8551,Unmarried
22714,Husband
22714,Other-relative
22714,Own-child
22714,Wife
45754,Husband
45754,Other-relative
45754,Own-child
45754,Wife
8025,Husband
8025,Other-relative
8025,Own-child
8025,Wife
41620,Husband
41620,Not-in-family
41620,Other-relative
41620,Own-child
41620,Unmarried
41620,Wife
9165,Husband
9165,Other-relative
9165,Own-child
9165,Wife
47039,Husband
47039,Other-relative
47039,Own-child
47039,Wife
18237,Not-in-family
18237,Unmarried
18186,Not-in-family
18186,Unmarried
43223,Husband
43223,Other-relative
43223,Own-child
43223,Wife
31230,Husband
31230,Other-relative
31230,Own-child
31230,Wife
8406,Husband
8406,Not-in-family
8406,Other-relative
8406,Own-child
8406,Unmarried
8406,Wife
47879,Husband
47879,Not-in-family
47879,Other-relative
47879,Own-child
47879,Unmarried
47879,Wife
32392,Husband
32392,Not-in-family
32392,Other-relative
32392,Own-child
32392,Unmarried
32392,Wife
42655,Husband
42655,Other-relative
42655,Own-child
42655,Wife
48196,Not-in-family
48196,Unmarried
16640,Husband
16640,Other-relative
16640,Own-child
16640,Wife
16722,Husband
16722,Not-in-family
16722,Other-relative
16722,Own-child
16722,Unmarried
16722,Wife
47201,Husband
47201,Other-relative
47201,Own-child
47201,Wife
42597,Husband
42597,Not-in-family
42597,Other-relative
42597,Own-child
42597,Unmarried
42597,Wife
33977,Husband
33977,Other-relative
33977,Own-child
33977,Wife
45386,Husband
45386,Not-in-family
45386,Other-relative
45386,Own-child
45386,Unmarried
45386,Wife
252,Husband
252,Not-in-family
252,Other-relative
252,Own-child
252,Unmarried
252,Wife
15896,Husband
15896,Not-in-family
15896,Other-relative
15896,Own-child
15896,Unmarried
15896,Wife
22169,Not-in-family
22169,Unmarried
25627,Husband
25627,Not-in-family
25627,Other-relative
25627,Own-child
25627,Unmarried
25627,Wife
14468,Husband
14468,Not-in-family
14468,Other-relative
14468,Own-child
14468,Unmarried
14468,Wife
46898,Husband
46898,Not-in-family
46898,Other-relative
46898,Own-child
46898,Unmarried
46898,Wife
7179,Husband
7179,Other-relative
7179,Own-child
7179,Wife
39988,Husband
39988,Not-in-family
39988,Other-relative
39988,Own-child
39988,Unmarried
39988,Wife
20170,Husband
20170,Other-relative
20170,Own-child
20170,Wife
17852,Husband
17852,Not-in-family
17852,Other-relative
17852,Own-child
17852,Unmarried
17852,Wife
43731,Husband
43731,Other-relative
43731,Own-child
43731,Wife
6071,Husband
6071,Other-relative
6071,Own-child
6071,Wife
22246,Husband
22246,Other-relative
22246,Own-child
22246,Wife
12689,Husband
12689,Other-relative
12689,Own-child
12689,Wife
30383,Husband
30383,Other-relative
30383,Own-child
30383,Wife
34437,Husband
34437,Not-in-family
34437,Other-relative
34437,Own-child
34437,Unmarried
34437,Wife
1052,Husband
1052,Other-relative
1052,Own-child
1052,Wife
7261,Husband
7261,Other-relative
7261,Own-child
7261,Wife
23332,Husband
23332,Other-relative
23332,Own-child
23332,Wife
32195,Husband
32195,Other-relative
32195,Own-child
32195,Wife
32698,Husband
32698,Other-relative
32698,Own-child
32698,Wife
42673,Not-in-family
42673,Unmarried
38324,Husband
38324,Not-in-family
38324,Other-relative
38324,Own-child
38324,Unmarried
38324,Wife
25042,Not-in-family
25042,Unmarried
25759,Not-in-family
25759,Unmarried
38917,Not-in-family
38917,Unmarried
32423,Husband
32423,Not-in-family
32423,Other-relative
32423,Own-child
32423,Unmarried
32423,Wife
9494,Husband
9494,Other-relative
9494,Own-child
9494,Wife
11566,Husband
11566,Other-relative
11566,Own-child
11566,Wife
23261,Husband
23261,Not-in-family
23261,Other-relative
23261,Own-child
23261,Unmarried
23261,Wife
24212,Not-in-family
24212,Unmarried
37942,Husband
37942,Not-in-family
37942,Other-relative
37942,Own-child
37942,Unmarried
37942,Wife
9827,Husband
9827,Other-relative
9827,Own-child
9827,Wife
35924,Husband
35924,Other-relative
35924,Own-child
35924,Wife
45534,Husband
45534,Not-in-family
45534,Other-relative
45534,Own-child
45534,Unmarried
45534,Wife
21071,Not-in-family
21071,Unmarried
41963,Husband
41963,Not-in-family
41963,Other-relative
41963,Own-child
41963,Unmarried
41963,Wife
21543,Husband
21543,Not-in-family
21543,Other-relative
21543,Own-child
21543,Unmarried
21543,Wife
23734,Husband
23734,Other-relative
23734,Own-child
23734,Wife
18364,Husband
18364,Other-relative
18364,Own-child
18364,Wife
34455,Husband
34455,Not-in-family
34455,Other-relative
34455,Own-child
34455,Unmarried
34455,Wife
17214,Husband
17214,Other-relative
17214,Own-child
17214,Wife
25990,Husband
25990,Other-relative
25990,Own-child
25990,Wife
35,Not-in-family
35,Unmarried
17734,Husband
17734,Not-in-family
17734,Other-relative
17734,Own-child
17734,Unmarried
17734,Wife
25139,Husband
25139,Other-relative
25139,Own-child
25139,Wife
6115,Husband
6115,Other-relative
6115,Own-child
6115,Wife
28703,Husband
28703,Not-in-family
28703,Other-relative
28703,Own-child
28703,Unmarried
28703,Wife
9496,Husband
9496,Not-in-family
9496,Other-relative
9496,Own-child
9496,Unmarried
9496,Wife
1896,Husband
1896,Other-relative
1896,Own-child
1896,Wife
5588,Husband
5588,Not-in-family
5588,Other-relative
5588,Own-child
5588,Unmarried
5588,Wife
37250,Not-in-family
37250,Unmarried
3238,Husband
3238,Not-in-family
3238,Other-relative
3238,Own-child
3238,Unmarried
3238,Wife
14883,Husband
14883,Other-relative
14883,Own-child
14883,Wife
24347,Not-in-family
24347,Unmarried
39619,Husband
39619,Not-in-family
39619,Other-relative
39619,Own-child
39619,Unmarried
39619,Wife
28180,Not-in-family
28180,Unmarried
21874,Husband
21874,Not-in-family
21874,Other-relative
21874,Own-child
21874,Unmarried
21874,Wife
19025,Husband
19025,Other-relative
19025,Own-child
19025,Wife
35191,Husband
35191,Other-relative
35191,Own-child
35191,Wife
25401,Husband
25401,Not-in-family
25401,Other-relative
25401,Own-child
25401,Unmarried
25401,Wife
33224,Husband
33224,Not-in-family
33224,Other-relative
33224,Own-child
33224,Unmarried
33224,Wife
39696,Husband
39696,Not-in-family
39696,Other-relative
39696,Own-child
39696,Unmarried
39696,Wife
47916,Not-in-family
47916,Unmarried
43777,Husband
43777,Other-relative
43777,Own-child
43777,Wife
35215,Husband
35215,Not-in-family
35215,Other-relative
35215,Own-child
35215,Unmarried
35215,Wife
19237,Husband
19237,Not-in-family
19237,Other-relative
19237,Own-child
19237,Unmarried
19237,Wife
32920,Husband
32920,Not-in-family
32920,Other-relative
32920,Own-child
32920,Unmarried
32920,Wife
1366,Husband
1366,Other-relative
1366,Own-child
1366,Wife
35368,Husband
35368,Not-in-family
35368,Other-relative
35368,Own-child
35368,Unmarried
35368,Wife
31231,Husband
31231,Not-in-family
31231,Other-relative
31231,Own-child
31231,Unmarried
31231,Wife
28825,Not-in-family
28825,Unmarried
32665,Not-in-family
32665,Unmarried
9958,Husband
9958,Other-relative
9958,Own-child
9958,Wife
9750,Husband
9750,Not-in-family
9750,Other-relative
9750,Own-child
9750,Unmarried
9750,Wife
22459,Husband
22459,Not-in-family
22459,Other-relative
22459,Own-child
22459,Unmarried
22459,Wife
43545,Husband
43545,Not-in-family
43545,Other-relative
43545,Own-child
43545,Unmarried
43545,Wife
3748,Husband
3748,Other-relative
3748,Own-child
3748,Wife
27388,Husband
27388,Not-in-family
27388,Other-relative
27388,Own-child
27388,Unmarried
27388,Wife
37878,Husband
37878,Not-in-family
37878,Other-relative
37878,Own-child
37878,Unmarried
37878,Wife
16000,Husband
16000,Other-relative
16000,Own-child
16000,Wife
8946,Husband
8946,Not-in-family
8946,Other-relative
8946,Own-child
8946,Unmarried
8946,Wife
31557,Husband
31557,Not-in-family
31557,Other-relative
31557,Own-child
31557,Unmarried
31557,Wife
27091,Husband
27091,Other-relative
27091,Own-child
27091,Wife
36275,Husband
36275,Not-in-family
36275,Other-relative
36275,Own-child
36275,Unmarried
36275,Wife
29037,Husband
29037,Not-in-family
29037,Other-relative
29037,Own-child
29037,Unmarried
29037,Wife
30585,Husband
30585,Not-in-family
30585,Other-relative
30585,Own-child
30585,Unmarried
30585,Wife
47237,Husband
47237,Other-relative
47237,Own-child
47237,Wife
5240,Husband
5240,Not-in-family
5240,Other-relative
5240,Own-child
5240,Unmarried
5240,Wife
19624,Husband
19624,Not-in-family
19624,Other-relative
19624,Own-child
19624,Unmarried
19624,Wife
37606,Not-in-family
37606,Unmarried
25152,Husband
25152,Other-relative
25152,Own-child
25152,Wife
11301,Husband
11301,Not-in-family
11301,Other-relative
11301,Own-child
11301,Unmarried
11301,Wife
168,Husband
168,Other-relative
168,Own-child
168,Wife
23639,Husband
23639,Not-in-family
23639,Other-relative
23639,Own-child
23639,Unmarried
23639,Wife
34594,Husband
34594,Other-relative
34594,Own-child
34594,Wife
29270,Husband
29270,Not-in-family
29270,Other-relative
29270,Own-child
29270,Unmarried
29270,Wife
48748,Husband
48748,Not-in-family
48748,Other-relative
48748,Own-child
48748,Unmarried
48748,Wife
30809,Not-in-family
30809,Unmarried
27663,Husband
27663,Not-in-family
27663,Other-relative
27663,Own-child
27663,Unmarried
27663,Wife
30459,Husband
30459,Other-relative
30459,Own-child
30459,Wife
18500,Husband
18500,Not-in-family
18500,Other-relative
18500,Own-child
18500,Unmarried
18500,Wife
33312,Husband
33312,Other-relative
33312,Own-child
33312,Wife
1093,Husband
1093,Not-in-family
1093,Other-relative
1093,Own-child
1093,Unmarried
1093,Wife
3394,Husband
3394,Not-in-family
3394,Other-relative
3394,Own-child
3394,Unmarried
3394,Wife
34245,Not-in-family
34245,Unmarried
27460,Husband
27460,Not-in-family
27460,Other-relative
27460,Own-child
27460,Unmarried
27460,Wife
18047,Husband
18047,Not-in-family
18047,Other-relative
18047,Own-child
18047,Unmarried
18047,Wife
44280,Husband
44280,Other-relative
44280,Own-child
44280,Wife
37715,Not-in-family
37715,Unmarried
34122,Not-in-family
34122,Unmarried
5128,Husband
5128,Not-in-family
5128,Other-relative
5128,Own-child
5128,Unmarried
5128,Wife
46330,Husband
46330,Other-relative
46330,Own-child
46330,Wife
23307,Husband
23307,Not-in-family
23307,Other-relative
23307,Own-child
23307,Unmarried
23307,Wife
11781,Husband
11781,Not-in-family
11781,Other-relative
11781,Own-child
11781,Unmarried
11781,Wife
21784,Husband
21784,Not-in-family
21784,Other-relative
21784,Own-child
21784,Unmarried
21784,Wife
38682,Not-in-family
38682,Unmarried
501,Husband
501,Not-in-family
501,Other-relative
501,Own-child
501,Unmarried
501,Wife
32059,Husband
32059,Other-relative
32059,Own-child
32059,Wife
47477,Husband
47477,Not-in-family
47477,Other-relative
47477,Own-child
47477,Unmarried
47477,Wife
22935,Husband
22935,Other-relative
22935,Own-child
22935,Wife
37256,Not-in-family
37256,Unmarried
33480,Husband
33480,Not-in-family
33480,Other-relative
33480,Own-child
33480,Unmarried
33480,Wife
25339,Not-in-family
25339,Unmarried
22917,Husband
22917,Not-in-family
22917,Other-relative
22917,Own-child
22917,Unmarried
22917,Wife
40509,Husband
40509,Not-in-family
40509,Other-relative
40509,Own-child
40509,Unmarried
40509,Wife
37433,Husband
37433,Other-relative
37433,Own-child
37433,Wife
11844,Not-in-family
11844,Unmarried
27899,Husband
27899,Not-in-family
27899,Other-relative
27899,Own-child
27899,Unmarried
27899,Wife
1666,Husband
1666,Other-relative
1666,Own-child
1666,Wife
29311,Husband
29311,Not-in-family
29311,Other-relative
29311,Own-child
29311,Unmarried
29311,Wife
23736,Husband
23736,Not-in-family
23736,Other-relative
23736,Own-child
23736,Unmarried
23736,Wife
31956,Husband
31956,Other-relative
31956,Own-child
31956,Wife
4238,Husband
4238,Not-in-family
4238,Other-relative
4238,Own-child
4238,Unmarried
4238,Wife
28958,Husband
28958,Not-in-family
28958,Other-relative
28958,Own-child
28958,Unmarried
28958,Wife
29328,Husband
29328,Not-in-family
29328,Other-relative
29328,Own-child
29328,Unmarried
29328,Wife
8704,Husband
8704,Not-in-family
8704,Other-relative
8704,Own-child
8704,Unmarried
8704,Wife
43753,Husband
43753,Other-relative
43753,Own-child
43753,Wife
2728,Husband
2728,Not-in-family
2728,Other-relative
2728,Own-child
2728,Unmarried
2728,Wife
10901,Husband
10901,Not-in-family
10901,Other-relative
10901,Own-child
10901,Unmarried
10901,Wife
3627,Husband
3627,Other-relative
3627,Own-child
3627,Wife
47346,Husband
47346,Not-in-family
47346,Other-relative
47346,Own-child
47346,Unmarried
47346,Wife
7124,Husband
7124,Not-in-family
7124,Other-relative
7124,Own-child
7124,Unmarried
7124,Wife
19206,Husband
19206,Not-in-family
19206,Other-relative
19206,Own-child
19206,Unmarried
19206,Wife
10152,Husband
10152,Not-in-family
10152,Other-relative
10152,Own-child
10152,Unmarried
10152,Wife
31405,Husband
31405,Other-relative
31405,Own-child
31405,Wife
39,Husband
39,Not-in-family
39,Other-relative
39,Own-child
39,Unmarried
39,Wife
1467,Not-in-family
1467,Unmarried
48419,Husband
48419,Not-in-family
48419,Other-relative
48419,Own-child
48419,Unmarried
48419,Wife
26761,Husband
26761,Not-in-family
26761,Other-relative
26761,Own-child
26761,Unmarried
26761,Wife
48020,Husband
48020,Other-relative
48020,Own-child
48020,Wife
48703,Husband
48703,Other-relative
48703,Own-child
48703,Wife
47670,Husband
47670,Other-relative
47670,Own-child
47670,Wife
36819,Husband
36819,Other-relative
36819,Own-child
36819,Wife
40603,Husband
40603,Not-in-family
40603,Other-relative
40603,Own-child
40603,Unmarried
40603,Wife
1908,Husband
1908,Not-in-family
1908,Other-relative
1908,Own-child
1908,Unmarried
1908,Wife
35434,Husband
35434,Not-in-family
35434,Other-relative
35434,Own-child
35434,Unmarried
35434,Wife
5412,Husband
5412,Not-in-family
5412,Other-relative
5412,Own-child
5412,Unmarried
5412,Wife
13204,Husband
13204,Other-relative
13204,Own-child
13204,Wife
29795,Husband
29795,Not-in-family
29795,Other-relative
29795,Own-child
29795,Unmarried
29795,Wife
30861,Husband
30861,Not-in-family
30861,Other-relative
30861,Own-child
30861,Unmarried
30861,Wife
23318,Husband
23318,Not-in-family
23318,Other-relative
23318,Own-child
23318,Unmarried
23318,Wife
20795,Husband
20795,Not-in-family
20795,Other-relative
20795,Own-child
20795,Unmarried
20795,Wife
36018,Not-in-family
36018,Unmarried
12935,Husband
12935,Other-relative
12935,Own-child
12935,Wife
17842,Husband
17842,Not-in-family
17842,Other-relative
17842,Own-child
17842,Unmarried
17842,Wife
34761,Husband
34761,Other-relative
34761,Own-child
34761,Wife
47965,Husband
47965,Other-relative
47965,Own-child
47965,Wife
38386,Not-in-family
38386,Unmarried
36870,Husband
36870,Other-relative
36870,Own-child
36870,Wife
18114,Husband
18114,Other-relative
18114,Own-child
18114,Wife
18116,Husband
18116,Not-in-family
18116,Other-relative
18116,Own-child
18116,Unmarried
18116,Wife
4700,Husband
4700,Not-in-family
4700,Other-relative
4700,Own-child
4700,Unmarried
4700,Wife
34029,Husband
34029,Other-relative
34029,Own-child
34029,Wife
25807,Husband
25807,Not-in-family
25807,Other-relative
25807,Own-child
25807,Unmarried
25807,Wife
8717,Husband
8717,Not-in-family
8717,Other-relative
8717,Own-child
8717,Unmarried
8717,Wife
30720,Not-in-family
30720,Unmarried
1056,Husband
1056,Not-in-family
1056,Other-relative
1056,Own-child
1056,Unmarried
1056,Wife
30350,Husband
30350,Not-in-family
30350,Other-relative
30350,Own-child
30350,Unmarried
30350,Wife
39859,Husband
39859,Not-in-family
39859,Other-relative
39859,Own-child
39859,Unmarried
39859,Wife
35480,Not-in-family
35480,Unmarried
23230,Husband
23230,Not-in-family
23230,Other-relative
23230,Own-child
23230,Unmarried
23230,Wife
14740,Husband
14740,Not-in-family
14740,Other-relative
14740,Own-child
14740,Unmarried
14740,Wife
43096,Husband
43096,Not-in-family
43096,Other-relative
43096,Own-child
43096,Unmarried
43096,Wife
6386,Husband
6386,Other-relative
6386,Own-child
6386,Wife
34799,Husband
34799,Not-in-family
34799,Other-relative
34799,Own-child
34799,Unmarried
34799,Wife
14369,Not-in-family
14369,Unmarried
28131,Husband
28131,Other-relative
28131,Own-child
28131,Wife
41647,Husband
41647,Other-relative
41647,Own-child
41647,Wife
26730,Husband
26730,Not-in-family
26730,Other-relative
26730,Own-child
26730,Unmarried
26730,Wife
44837,Husband
44837,Not-in-family
44837,Other-relative
44837,Own-child
44837,Unmarried
44837,Wife
16304,Husband
16304,Other-relative
16304,Own-child
16304,Wife
16561,Husband
16561,Not-in-family
16561,Other-relative
16561,Own-child
16561,Unmarried
16561,Wife
24736,Husband
24736,Not-in-family
24736,Other-relative
24736,Own-child
24736,Unmarried
24736,Wife
14301,Husband
14301,Not-in-family
14301,Other-relative
14301,Own-child
14301,Unmarried
14301,Wife
1253,Husband
1253,Not-in-family
1253,Other-relative
1253,Own-child
1253,Unmarried
1253,Wife
32570,Husband
32570,Other-relative
32570,Own-child
32570,Wife
44775,Not-in-family
44775,Unmarried
17964,Husband
17964,Other-relative
17964,Own-child
17964,Wife
24131,Husband
24131,Not-in-family
24131,Other-relative
24131,Own-child
24131,Unmarried
24131,Wife
24200,Husband
24200,Not-in-family
24200,Other-relative
24200,Own-child
24200,Unmarried
24200,Wife
32109,Husband
32109,Not-in-family
32109,Other-relative
32109,Own-child
32109,Unmarried
32109,Wife
48758,Not-in-family
48758,Unmarried
45263,Husband
45263,Not-in-family
45263,Other-relative
45263,Own-child
45263,Unmarried
45263,Wife
12259,Husband
12259,Other-relative
12259,Own-child
12259,Wife
15928,Husband
15928,Not-in-family
15928,Other-relative
15928,Own-child
15928,Unmarried
15928,Wife
35331,Husband
35331,Other-relative
35331,Own-child
35331,Wife
34067,Husband
34067,Other-relative
34067,Own-child
34067,Wife
25982,Husband
25982,Not-in-family
25982,Other-relative
25982,Own-child
25982,Unmarried
25982,Wife
39923,Husband
39923,Not-in-family
39923,Other-relative
39923,Own-child
39923,Unmarried
39923,Wife
24491,Husband
24491,Other-relative
24491,Own-child
24491,Wife
10289,Husband
10289,Not-in-family
10289,Other-relative
10289,Own-child
10289,Unmarried
10289,Wife
44714,Husband
44714,Not-in-family
44714,Other-relative
44714,Own-child
44714,Unmarried
44714,Wife
15288,Husband
15288,Not-in-family
15288,Other-relative
15288,Own-child
15288,Unmarried
15288,Wife
14558,Husband
14558,Not-in-family
14558,Other-relative
14558,Own-child
14558,Unmarried
14558,Wife
47619,Husband
47619,Not-in-family
47619,Other-relative
47619,Own-child
47619,Unmarried
47619,Wife
12391,Not-in-family
12391,Unmarried
7796,Husband
7796,Other-relative
7796,Own-child
7796,Wife
36875,Husband
36875,Not-in-family
36875,Other-relative
36875,Own-child
36875,Unmarried
36875,Wife
43363,Husband
43363,Not-in-family
43363,Other-relative
43363,Own-child
43363,Unmarried
43363,Wife
26227,Husband
26227,Other-relative
26227,Own-child
26227,Wife
24993,Husband
24993,Not-in-family
24993,Other-relative
24993,Own-child
24993,Unmarried
24993,Wife
23867,Husband
23867,Other-relative
23867,Own-child
23867,Wife
32940,Husband
32940,Not-in-family
32940,Other-relative
32940,Own-child
32940,Unmarried
32940,Wife
23097,Husband
23097,Not-in-family
23097,Other-relative
23097,Own-child
23097,Unmarried
23097,Wife
20628,Husband
20628,Not-in-family
20628,Other-relative
20628,Own-child
20628,Unmarried
20628,Wife
23668,Husband
23668,Not-in-family
23668,Other-relative
23668,Own-child
23668,Unmarried
23668,Wife
11931,Husband
11931,Other-relative
11931,Own-child
11931,Wife
12810,Husband
12810,Not-in-family
12810,Other-relative
12810,Own-child
12810,Unmarried
12810,Wife
14394,Not-in-family
14394,Unmarried
5065,Not-in-family
5065,Unmarried
2933,Husband
2933,Other-relative
2933,Own-child
2933,Wife
37846,Husband
37846,Not-in-family
37846,Other-relative
37846,Own-child
37846,Unmarried
37846,Wife
23582,Husband
23582,Other-relative
23582,Own-child
23582,Wife
44769,Husband
44769,Not-in-family
44769,Other-relative
44769,Own-child
44769,Unmarried
44769,Wife
11139,Husband
11139,Not-in-family
11139,Other-relative
11139,Own-child
11139,Unmarried
11139,Wife
32792,Husband
32792,Other-relative
32792,Own-child
32792,Wife
32282,Husband
32282,Not-in-family
32282,Other-relative
32282,Own-child
32282,Unmarried
32282,Wife
34662,Husband
34662,Not-in-family
34662,Other-relative
34662,Own-child
34662,Unmarried
34662,Wife
3440,Husband
3440,Not-in-family
3440,Other-relative
3440,Own-child
3440,Unmarried
3440,Wife
4777,Not-in-family
4777,Unmarried
25071,Husband
25071,Not-in-family
25071,Other-relative
25071,Own-child
25071,Unmarried
25071,Wife
46422,Husband
46422,Other-relative
46422,Own-child
46422,Wife
28079,Husband
28079,Not-in-family
28079,Other-relative
28079,Own-child
28079,Unmarried
28079,Wife
22080,Husband
22080,Not-in-family
22080,Other-relative
22080,Own-child
22080,Unmarried
22080,Wife
48047,Husband
48047,Other-relative
48047,Own-child
48047,Wife
42325,Husband
42325,Not-in-family
42325,Other-relative
42325,Own-child
42325,Unmarried
42325,Wife
20422,Husband
20422,Other-relative
20422,Own-child
20422,Wife
42910,Husband
42910,Not-in-family
42910,Other-relative
42910,Own-child
42910,Unmarried
42910,Wife
45919,Husband
45919,Other-relative
45919,Own-child
45919,Wife
21004,Husband
21004,Other-relative
21004,Own-child
21004,Wife
18221,Husband
18221,Other-relative
18221,Own-child
18221,Wife
22438,Husband
22438,Not-in-family
22438,Other-relative
22438,Own-child
22438,Unmarried
22438,Wife
5658,Husband
5658,Not-in-family
5658,Other-relative
5658,Own-child
5658,Unmarried
5658,Wife
48782,Husband
48782,Other-relative
48782,Own-child
48782,Wife
2475,Husband
2475,Other-relative
2475,Own-child
2475,Wife
1109,Husband
1109,Other-relative
1109,Own-child
1109,Wife
47347,Not-in-family
47347,Unmarried
10977,Husband
10977,Other-relative
10977,Own-child
10977,Wife
42092,Husband
42092,Not-in-family
42092,Other-relative
42092,Own-child
42092,Unmarried
42092,Wife
1735,Husband
1735,Other-relative
1735,Own-child
1735,Wife
1408,Husband
1408,Not-in-family
1408,Other-relative
1408,Own-child
1408,Unmarried
1408,Wife
28647,Husband
28647,Not-in-family
28647,Other-relative
28647,Own-child
28647,Unmarried
28647,Wife
1070,Husband
1070,Not-in-family
1070,Other-relative
1070,Own-child
1070,Unmarried
1070,Wife
30835,Husband
30835,Not-in-family
30835,Other-relative
30835,Own-child
30835,Unmarried
30835,Wife
38021,Husband
38021,Not-in-family
38021,Other-relative
38021,Own-child
38021,Unmarried
38021,Wife
3251,Husband
3251,Other-relative
3251,Own-child
3251,Wife
36370,Husband
36370,Other-relative
36370,Own-child
36370,Wife
12067,Not-in-family
12067,Unmarried
16202,Husband
16202,Other-relative
16202,Own-child
16202,Wife
39803,Husband
39803,Other-relative
39803,Own-child
39803,Wife
30385,Not-in-family
30385,Unmarried
31718,Not-in-family
31718,Unmarried
48720,Husband
48720,Other-relative
48720,Own-child
48720,Wife
27094,Husband
27094,Not-in-family
27094,Other-relative
27094,Own-child
27094,Unmarried
27094,Wife
22987,Husband
22987,Other-relative
22987,Own-child
22987,Wife
48396,Not-in-family
48396,Unmarried
2228,Husband
2228,Other-relative
2228,Own-child
2228,Wife
5334,Husband
5334,Other-relative
5334,Own-child
5334,Wife
24608,Husband
24608,Other-relative
24608,Own-child
24608,Wife
10909,Husband
10909,Other-relative
10909,Own-child
10909,Wife
279,Husband
279,Not-in-family
279,Other-relative
279,Own-child
279,Unmarried
279,Wife
24000,Husband
24000,Not-in-family
24000,Other-relative
24000,Own-child
24000,Unmarried
24000,Wife
27750,Husband
27750,Other-relative
27750,Own-child
27750,Wife
16258,Husband
16258,Not-in-family
16258,Other-relative
16258,Own-child
16258,Unmarried
16258,Wife
12137,Not-in-family
12137,Unmarried
46690,Husband
46690,Other-relative
46690,Own-child
46690,Wife
17907,Husband
17907,Other-relative
17907,Own-child
17907,Wife
45213,Husband
45213,Other-relative
45213,Own-child
45213,Wife
15055,Not-in-family
15055,Unmarried
43319,Not-in-family
43319,Unmarried
31576,Husband
31576,Not-in-family
31576,Other-relative
31576,Own-child
31576,Unmarried
31576,Wife
37922,Husband
37922,Not-in-family
37922,Other-relative
37922,Own-child
37922,Unmarried
37922,Wife
15428,Husband
15428,Not-in-family
15428,Other-relative
15428,Own-child
15428,Unmarried
15428,Wife
33657,Husband
33657,Not-in-family
33657,Other-relative
33657,Own-child
33657,Unmarried
33657,Wife
29066,Husband
29066,Not-in-family
29066,Other-relative
29066,Own-child
29066,Unmarried
29066,Wife
41453,Husband
41453,Not-in-family
41453,Other-relative
41453,Own-child
41453,Unmarried
41453,Wife
38809,Husband
38809,Other-relative
38809,Own-child
38809,Wife
33397,Husband
33397,Other-relative
33397,Own-child
33397,Wife
41064,Husband
41064,Other-relative
41064,Own-child
41064,Wife
5600,Husband
5600,Not-in-family
5600,Other-relative
5600,Own-child
5600,Unmarried
5600,Wife
15094,Husband
15094,Not-in-family
15094,Other-relative
15094,Own-child
15094,Unmarried
15094,Wife
8227,Husband
8227,Other-relative
8227,Own-child
8227,Wife
13516,Husband
13516,Other-relative
13516,Own-child
13516,Wife
28080,Husband
28080,Other-relative
28080,Own-child
28080,Wife
18551,Husband
18551,Not-in-family
18551,Other-relative
18551,Own-child
18551,Unmarried
18551,Wife
37580,Not-in-family
37580,Unmarried
1377,Husband
1377,Not-in-family
1377,Other-relative
1377,Own-child
1377,Unmarried
1377,Wife
20723,Husband
20723,Other-relative
20723,Own-child
20723,Wife
37591,Husband
37591,Other-relative
37591,Own-child
37591,Wife
8263,Husband
8263,Not-in-family
8263,Other-relative
8263,Own-child
8263,Unmarried
8263,Wife
23819,Husband
23819,Other-relative
23819,Own-child
23819,Wife
44887,Husband
44887,Not-in-family
44887,Other-relative
44887,Own-child
44887,Unmarried
44887,Wife
1646,Husband
1646,Not-in-family
1646,Other-relative
1646,Own-child
1646,Unmarried
1646,Wife
36308,Husband
36308,Not-in-family
36308,Other-relative
36308,Own-child
36308,Unmarried
36308,Wife
19947,Not-in-family
19947,Unmarried
48216,Husband
48216,Not-in-family
48216,Other-relative
48216,Own-child
48216,Unmarried
48216,Wife
48060,Husband
48060,Not-in-family
48060,Other-relative
48060,Own-child
48060,Unmarried
48060,Wife
46895,Husband
46895,Not-in-family
46895,Other-relative
46895,Own-child
46895,Unmarried
46895,Wife
23956,Husband
23956,Not-in-family
23956,Other-relative
23956,Own-child
23956,Unmarried
23956,Wife
42137,Husband
42137,Other-relative
42137,Own-child
42137,Wife
39473,Husband
39473,Not-in-family
39473,Other-relative
39473,Own-child
39473,Unmarried
39473,Wife
41902,Husband
41902,Other-relative
41902,Own-child
41902,Wife
36313,Husband
36313,Not-in-family
36313,Other-relative
36313,Own-child
36313,Unmarried
36313,Wife
17597,Husband
17597,Not-in-family
17597,Other-relative
17597,Own-child
17597,Unmarried
17597,Wife
36174,Husband
36174,Other-relative
36174,Own-child
36174,Wife
6884,Not-in-family
6884,Unmarried
4577,Husband
4577,Other-relative
4577,Own-child
4577,Wife
8585,Not-in-family
8585,Unmarried
31435,Husband
31435,Not-in-family
31435,Other-relative
31435,Own-child
31435,Unmarried
31435,Wife
14364,Not-in-family
14364,Unmarried
48619,Husband
48619,Not-in-family
48619,Other-relative
48619,Own-child
48619,Unmarried
48619,Wife
40883,Husband
40883,Other-relative
40883,Own-child
40883,Wife
6078,Husband
6078,Not-in-family
6078,Other-relative
6078,Own-child
6078,Unmarried
6078,Wife
48500,Husband
48500,Not-in-family
48500,Other-relative
48500,Own-child
48500,Unmarried
48500,Wife
36148,Husband
36148,Not-in-family
36148,Other-relative
36148,Own-child
36148,Unmarried
36148,Wife
12433,Husband
12433,Not-in-family
12433,Other-relative
12433,Own-child
12433,Unmarried
12433,Wife
45834,Husband
45834,Not-in-family
45834,Other-relative
45834,Own-child
45834,Unmarried
45834,Wife
3925,Husband
3925,Not-in-family
3925,Other-relative
3925,Own-child
3925,Unmarried
3925,Wife
4,Husband
4,Not-in-family
4,Other-relative
4,Own-child
4,Unmarried
4,Wife
47079,Husband
47079,Other-relative
47079,Own-child
47079,Wife
48158,Husband
48158,Other-relative
48158,Own-child
48158,Wife
46630,Husband
46630,Other-relative
46630,Own-child
46630,Wife
36740,Not-in-family
36740,Unmarried
25529,Not-in-family
25529,Unmarried
12841,Husband
12841,Not-in-family
12841,Other-relative
12841,Own-child
12841,Unmarried
12841,Wife
15516,Husband
15516,Not-in-family
15516,Other-relative
15516,Own-child
15516,Unmarried
15516,Wife
18521,Husband
18521,Other-relative
18521,Own-child
18521,Wife
41930,Not-in-family
41930,Unmarried
34752,Husband
34752,Not-in-family
34752,Other-relative
34752,Own-child
34752,Unmarried
34752,Wife
28887,Husband
28887,Other-relative
28887,Own-child
28887,Wife
20000,Husband
20000,Other-relative
20000,Own-child
20000,Wife
35535,Husband
35535,Not-in-family
35535,Other-relative
35535,Own-child
35535,Unmarried
35535,Wife
28839,Husband
28839,Not-in-family
28839,Other-relative
28839,Own-child
28839,Unmarried
28839,Wife
20247,Husband
20247,Not-in-family
20247,Other-relative
20247,Own-child
20247,Unmarried
20247,Wife
34918,Husband
34918,Not-in-family
34918,Other-relative
34918,Own-child
34918,Unmarried
34918,Wife
26644,Husband
26644,Not-in-family
26644,Other-relative
26644,Own-child
26644,Unmarried
26644,Wife
24187,Husband
24187,Other-relative
24187,Own-child
24187,Wife
15083,Not-in-family
15083,Unmarried
21656,Not-in-family
21656,Unmarried
23799,Husband
23799,Not-in-family
23799,Other-relative
23799,Own-child
23799,Unmarried
23799,Wife
9628,Husband
9628,Not-in-family
9628,Other-relative
9628,Own-child
9628,Unmarried
9628,Wife
25445,Husband
25445,Not-in-family
25445,Other-relative
25445,Own-child
25445,Unmarried
25445,Wife
41971,Husband
41971,Not-in-family
41971,Other-relative
41971,Own-child
41971,Unmarried
41971,Wife
39683,Not-in-family
39683,Unmarried
25137,Not-in-family
25137,Unmarried
19753,Not-in-family
19753,Unmarried
9399,Husband
9399,Other-relative
9399,Own-child
9399,Wife
38455,Not-in-family
38455,Unmarried
6477,Husband
6477,Other-relative
6477,Own-child
6477,Wife
8575,Husband
8575,Not-in-family
8575,Other-relative
8575,Own-child
8575,Unmarried
8575,Wife
46928,Husband
46928,Not-in-family
46928,Other-relative
46928,Own-child
46928,Unmarried
46928,Wife
42002,Husband
42002,Other-relative
42002,Own-child
42002,Wife
31380,Husband
31380,Other-relative
31380,Own-child
31380,Wife
46723,Husband
46723,Not-in-family
46723,Other-relative
46723,Own-child
46723,Unmarried
46723,Wife
7369,Husband
7369,Other-relative
7369,Own-child
7369,Wife
18280,Husband
18280,Not-in-family
18280,Other-relative
18280,Own-child
18280,Unmarried
18280,Wife
36776,Not-in-family
36776,Unmarried
44891,Husband
44891,Other-relative
44891,Own-child
44891,Wife
39330,Not-in-family
39330,Unmarried
13854,Husband
13854,Not-in-family
13854,Other-relative
13854,Own-child
13854,Unmarried
13854,Wife
38615,Husband
38615,Not-in-family
38615,Other-relative
38615,Own-child
38615,Unmarried
38615,Wife
40118,Not-in-family
40118,Unmarried
25623,Husband
25623,Other-relative
25623,Own-child
25623,Wife
34019,Husband
34019,Not-in-family
34019,Other-relative
34019,Own-child
34019,Unmarried
34019,Wife
26516,Husband
26516,Other-relative
26516,Own-child
26516,Wife
28379,Husband
28379,Not-in-family
28379,Other-relative
28379,Own-child
28379,Unmarried
28379,Wife
38168,Husband
38168,Not-in-family
38168,Other-relative
38168,Own-child
38168,Unmarried
38168,Wife
11369,Husband
11369,Not-in-family
11369,Other-relative
11369,Own-child
11369,Unmarried
11369,Wife
37002,Husband
37002,Not-in-family
37002,Other-relative
37002,Own-child
37002,Unmarried
37002,Wife
4909,Husband
4909,Not-in-family
4909,Other-relative
4909,Own-child
4909,Unmarried
4909,Wife
33015,Husband
33015,Not-in-family
33015,Other-relative
33015,Own-child
33015,Unmarried
33015,Wife
4705,Husband
4705,Not-in-family
4705,Other-relative
4705,Own-child
4705,Unmarried
4705,Wife
39978,Not-in-family
39978,Unmarried
15469,Husband
15469,Other-relative
15469,Own-child
15469,Wife
44413,Husband
44413,Not-in-family
44413,Other-relative
44413,Own-child
44413,Unmarried
44413,Wife
17312,Husband
17312,Not-in-family
17312,Other-relative
17312,Own-child
17312,Unmarried
17312,Wife
27370,Husband
27370,Not-in-family
27370,Other-relative
27370,Own-child
27370,Unmarried
27370,Wife
18196,Husband
18196,Not-in-family
18196,Other-relative
18196,Own-child
18196,Unmarried
18196,Wife
3723,Husband
3723,Not-in-family
3723,Other-relative
3723,Own-child
3723,Unmarried
3723,Wife
40486,Not-in-family
40486,Unmarried
29405,Not-in-family
29405,Unmarried
23479,Husband
23479,Not-in-family
23479,Other-relative
23479,Own-child
23479,Unmarried
23479,Wife
752,Husband
752,Not-in-family
752,Other-relative
752,Own-child
752,Unmarried
752,Wife
5820,Husband
5820,Not-in-family
5820,Other-relative
5820,Own-child
5820,Unmarried
5820,Wife
18690,Husband
18690,Other-relative
18690,Own-child
18690,Wife
37604,Husband
37604,Not-in-family
37604,Other-relative
37604,Own-child
37604,Unmarried
37604,Wife
21381,Husband
21381,Other-relative
21381,Own-child
21381,Wife
23511,Husband
23511,Not-in-family
23511,Other-relative
23511,Own-child
23511,Unmarried
23511,Wife
39614,Not-in-family
39614,Unmarried
4855,Husband
4855,Not-in-family
4855,Other-relative
4855,Own-child
4855,Unmarried
4855,Wife
32051,Husband
32051,Not-in-family
32051,Other-relative
32051,Own-child
32051,Unmarried
32051,Wife
23144,Husband
23144,Other-relative
23144,Own-child
23144,Wife
9937,Husband
9937,Other-relative
9937,Own-child
9937,Wife
26635,Not-in-family
26635,Unmarried
32643,Not-in-family
32643,Unmarried
9260,Husband
9260,Other-relative
9260,Own-child
9260,Wife
26995,Not-in-family
26995,Unmarried
18174,Husband
18174,Other-relative
18174,Own-child
18174,Wife
43147,Husband
43147,Not-in-family
43147,Other-relative
43147,Own-child
43147,Unmarried
43147,Wife
47608,Not-in-family
47608,Unmarried
4399,Husband
4399,Other-relative
4399,Own-child
4399,Wife
31144,Husband
31144,Other-relative
31144,Own-child
31144,Wife
31922,Husband
31922,Not-in-family
31922,Other-relative
31922,Own-child
31922,Unmarried
31922,Wife
19072,Husband
19072,Other-relative
19072,Own-child
19072,Wife
38274,Husband
38274,Not-in-family
38274,Other-relative
38274,Own-child
38274,Unmarried
38274,Wife
31729,Husband
31729,Not-in-family
31729,Other-relative
31729,Own-child
31729,Unmarried
31729,Wife
20725,Husband
20725,Other-relative
20725,Own-child
20725,Wife
20998,Husband
20998,Other-relative
20998,Own-child
20998,Wife
23702,Husband
23702,Not-in-family
23702,Other-relative
23702,Own-child
23702,Unmarried
23702,Wife
15952,Husband
15952,Other-relative
15952,Own-child
15952,Wife
29404,Not-in-family
29404,Unmarried
30147,Husband
30147,Not-in-family
30147,Other-relative
30147,Own-child
30147,Unmarried
30147,Wife
30408,Husband
30408,Other-relative
30408,Own-child
30408,Wife
37498,Husband
37498,Not-in-family
37498,Other-relative
37498,Own-child
37498,Unmarried
37498,Wife
19480,Husband
19480,Other-relative
19480,Own-child
19480,Wife
22311,Husband
22311,Other-relative
22311,Own-child
22311,Wife
21090,Husband
21090,Not-in-family
21090,Other-relative
21090,Own-child
21090,Unmarried
21090,Wife
2326,Husband
2326,Not-in-family
2326,Other-relative
2326,Own-child
2326,Unmarried
2326,Wife
27571,Husband
27571,Other-relative
27571,Own-child
27571,Wife
3383,Husband
3383,Not-in-family
3383,Other-relative
3383,Own-child
3383,Unmarried
3383,Wife
31418,Husband
31418,Other-relative
31418,Own-child
31418,Wife
41733,Husband
41733,Other-relative
41733,Own-child
41733,Wife
43025,Husband
43025,Other-relative
43025,Own-child
43025,Wife
34072,Husband
34072,Other-relative
34072,Own-child
34072,Wife
33465,Husband
33465,Not-in-family
33465,Other-relative
33465,Own-child
33465,Unmarried
33465,Wife
36841,Husband
36841,Other-relative
36841,Own-child
36841,Wife
34447,Not-in-family
34447,Unmarried
39318,Husband
39318,Not-in-family
39318,Other-relative
39318,Own-child
39318,Unmarried
39318,Wife
5299,Husband
5299,Not-in-family
5299,Other-relative
5299,Own-child
5299,Unmarried
5299,Wife
25002,Not-in-family
25002,Unmarried
42316,Husband
42316,Not-in-family
42316,Other-relative
42316,Own-child
42316,Unmarried
42316,Wife
5989,Husband
5989,Not-in-family
5989,Other-relative
5989,Own-child
5989,Unmarried
5989,Wife
30194,Husband
30194,Other-relative
30194,Own-child
30194,Wife
10532,Not-in-family
10532,Unmarried
39734,Husband
39734,Other-relative
39734,Own-child
39734,Wife
6268,Husband
6268,Not-in-family
6268,Other-relative
6268,Own-child
6268,Unmarried
6268,Wife
45293,Husband
45293,Other-relative
45293,Own-child
45293,Wife
479,Not-in-family
479,Unmarried
41432,Husband
41432,Not-in-family
41432,Other-relative
41432,Own-child
41432,Unmarried
41432,Wife
48450,Husband
48450,Not-in-family
48450,Other-relative
48450,Own-child
48450,Unmarried
48450,Wife
26703,Husband
26703,Not-in-family
26703,Other-relative
26703,Own-child
26703,Unmarried
26703,Wife
1074,Husband
1074,Other-relative
1074,Own-child
1074,Wife
31829,Not-in-family
31829,Unmarried
16516,Not-in-family
16516,Unmarried
13183,Not-in-family
13183,Unmarried
40228,Husband
40228,Not-in-family
40228,Other-relative
40228,Own-child
40228,Unmarried
40228,Wife
33871,Husband
33871,Not-in-family
33871,Other-relative
33871,Own-child
33871,Unmarried
33871,Wife
6660,Husband
6660,Other-relative
6660,Own-child
6660,Wife
17133,Husband
17133,Other-relative
17133,Own-child
17133,Wife
41614,Not-in-family
41614,Unmarried
39537,Husband
39537,Not-in-family
39537,Other-relative
39537,Own-child
39537,Unmarried
39537,Wife
12489,Husband
12489,Not-in-family
12489,Other-relative
12489,Own-child
12489,Unmarried
12489,Wife
13847,Not-in-family
13847,Unmarried
16538,Husband
16538,Not-in-family
16538,Other-relative
16538,Own-child
16538,Unmarried
16538,Wife
34224,Husband
34224,Other-relative
34224,Own-child
34224,Wife
41362,Husband
41362,Other-relative
41362,Own-child
41362,Wife
29577,Husband
29577,Not-in-family
29577,Other-relative
29577,Own-child
29577,Unmarried
29577,Wife
31951,Husband
31951,Other-relative
31951,Own-child
31951,Wife
43226,Husband
43226,Other-relative
43226,Own-child
43226,Wife
39497,Husband
39497,Not-in-family
39497,Other-relative
39497,Own-child
39497,Unmarried
39497,Wife
11393,Husband
11393,Not-in-family
11393,Other-relative
11393,Own-child
11393,Unmarried
11393,Wife
32783,Not-in-family
32783,Unmarried
12194,Husband
12194,Other-relative
12194,Own-child
12194,Wife
41659,Husband
41659,Not-in-family
41659,Other-relative
41659,Own-child
41659,Unmarried
41659,Wife
34521,Husband
34521,Other-relative
34521,Own-child
34521,Wife
27421,Not-in-family
27421,Unmarried
41967,Husband
41967,Other-relative
41967,Own-child
41967,Wife
28078,Husband
28078,Other-relative
28078,Own-child
28078,Wife
46724,Husband
46724,Not-in-family
46724,Other-relative
46724,Own-child
46724,Unmarried
46724,Wife
33164,Husband
33164,Other-relative
33164,Own-child
33164,Wife
13754,Not-in-family
13754,Unmarried
37037,Husband
37037,Not-in-family
37037,Other-relative
37037,Own-child
37037,Unmarried
37037,Wife
12296,Husband
12296,Not-in-family
12296,Other-relative
12296,Own-child
12296,Unmarried
12296,Wife
32781,Husband
32781,Other-relative
32781,Own-child
32781,Wife
14250,Husband
14250,Not-in-family
14250,Other-relative
14250,Own-child
14250,Unmarried
14250,Wife
19710,Not-in-family
19710,Unmarried
32523,Not-in-family
32523,Unmarried
38120,Husband
38120,Not-in-family
38120,Other-relative
38120,Own-child
38120,Unmarried
38120,Wife
17737,Husband
17737,Not-in-family
17737,Other-relative
17737,Own-child
17737,Unmarried
17737,Wife
34444,Husband
34444,Not-in-family
34444,Other-relative
34444,Own-child
34444,Unmarried
34444,Wife
24414,Husband
24414,Other-relative
24414,Own-child
24414,Wife
37340,Husband
37340,Other-relative
37340,Own-child
37340,Wife
21217,Husband
21217,Other-relative
21217,Own-child
21217,Wife
2684,Husband
2684,Not-in-family
2684,Other-relative
2684,Own-child
2684,Unmarried
2684,Wife
10118,Husband
10118,Not-in-family
10118,Other-relative
10118,Own-child
10118,Unmarried
10118,Wife
35942,Husband
35942,Other-relative
35942,Own-child
35942,Wife
2951,Husband
2951,Not-in-family
2951,Other-relative
2951,Own-child
2951,Unmarried
2951,Wife
36718,Husband
36718,Not-in-family
36718,Other-relative
36718,Own-child
36718,Unmarried
36718,Wife
18819,Not-in-family
18819,Unmarried
17822,Husband
17822,Other-relative
17822,Own-child
17822,Wife
6937,Husband
6937,Not-in-family
6937,Other-relative
6937,Own-child
6937,Unmarried
6937,Wife
25610,Husband
25610,Other-relative
25610,Own-child
25610,Wife
29587,Husband
29587,Not-in-family
29587,Other-relative
29587,Own-child
29587,Unmarried
29587,Wife
16717,Husband
16717,Not-in-family
16717,Other-relative
16717,Own-child
16717,Unmarried
16717,Wife
39861,Husband
39861,Not-in-family
39861,Other-relative
39861,Own-child
39861,Unmarried
39861,Wife
33985,Husband
33985,Not-in-family
33985,Other-relative
33985,Own-child
33985,Unmarried
33985,Wife
25242,Husband
25242,Not-in-family
25242,Other-relative
25242,Own-child
25242,Unmarried
25242,Wife
46925,Not-in-family
46925,Unmarried
35844,Husband
35844,Not-in-family
35844,Other-relative
35844,Own-child
35844,Unmarried
35844,Wife
38748,Husband
38748,Not-in-family
38748,Other-relative
38748,Own-child
38748,Unmarried
38748,Wife
38998,Husband
38998,Other-relative
38998,Own-child
38998,Wife
42298,Husband
42298,Other-relative
42298,Own-child
42298,Wife
30416,Husband
30416,Not-in-family
30416,Other-relative
30416,Own-child
30416,Unmarried
30416,Wife
21810,Not-in-family
21810,Unmarried
36670,Husband
36670,Not-in-family
36670,Other-relative
36670,Own-child
36670,Unmarried
36670,Wife
8302,Husband
8302,Not-in-family
8302,Other-relative
8302,Own-child
8302,Unmarried
8302,Wife
17666,Husband
17666,Not-in-family
17666,Other-relative
17666,Own-child
17666,Unmarried
17666,Wife
5952,Husband
5952,Not-in-family
5952,Other-relative
5952,Own-child
5952,Unmarried
5952,Wife
39950,Husband
39950,Other-relative
39950,Own-child
39950,Wife
45749,Husband
45749,Other-relative
45749,Own-child
45749,Wife
21622,Husband
21622,Not-in-family
21622,Other-relative
21622,Own-child
21622,Unmarried
21622,Wife
3920,Husband
3920,Not-in-family
3920,Other-relative
3920,Own-child
3920,Unmarried
3920,Wife
16548,Husband
16548,Not-in-family
16548,Other-relative
16548,Own-child
16548,Unmarried
16548,Wife
34646,Not-in-family
34646,Unmarried
21899,Not-in-family
21899,Unmarried
29676,Not-in-family
29676,Unmarried
45499,Not-in-family
45499,Unmarried
46129,Husband
46129,Not-in-family
46129,Other-relative
46129,Own-child
46129,Unmarried
46129,Wife
43006,Not-in-family
43006,Unmarried
9057,Husband
9057,Other-relative
9057,Own-child
9057,Wife
12333,Husband
12333,Not-in-family
12333,Other-relative
12333,Own-child
12333,Unmarried
12333,Wife
37218,Not-in-family
37218,Unmarried
47315,Husband
47315,Not-in-family
47315,Other-relative
47315,Own-child
47315,Unmarried
47315,Wife
44612,Not-in-family
44612,Unmarried
10695,Not-in-family
10695,Unmarried
30149,Husband
30149,Other-relative
30149,Own-child
30149,Wife
26440,Husband
26440,Not-in-family
26440,Other-relative
26440,Own-child
26440,Unmarried
26440,Wife
9921,Not-in-family
9921,Unmarried
22756,Husband
22756,Not-in-family
22756,Other-relative
22756,Own-child
22756,Unmarried
22756,Wife
4028,Not-in-family
4028,Unmarried
3273,Husband
3273,Other-relative
3273,Own-child
3273,Wife
47484,Husband
47484,Not-in-family
47484,Other-relative
47484,Own-child
47484,Unmarried
47484,Wife
39999,Husband
39999,Not-in-family
39999,Other-relative
39999,Own-child
39999,Unmarried
39999,Wife
43152,Husband
43152,Other-relative
43152,Own-child
43152,Wife
45190,Husband
45190,Not-in-family
45190,Other-relative
45190,Own-child
45190,Unmarried
45190,Wife
25459,Husband
25459,Not-in-family
25459,Other-relative
25459,Own-child
25459,Unmarried
25459,Wife
1417,Husband
1417,Not-in-family
1417,Other-relative
1417,Own-child
1417,Unmarried
1417,Wife
638,Husband
638,Not-in-family
638,Other-relative
638,Own-child
638,Unmarried
638,Wife
19823,Husband
19823,Not-in-family
19823,Other-relative
19823,Own-child
19823,Unmarried
19823,Wife
2156,Husband
2156,Other-relative
2156,Own-child
2156,Wife
16419,Husband
16419,Not-in-family
16419,Other-relative
16419,Own-child
16419,Unmarried
16419,Wife
135,Husband
135,Not-in-family
135,Other-relative
135,Own-child
135,Unmarried
135,Wife
24023,Husband
24023,Not-in-family
24023,Other-relative
24023,Own-child
24023,Unmarried
24023,Wife
15951,Husband
15951,Other-relative
15951,Own-child
15951,Wife
29714,Husband
29714,Other-relative
29714,Own-child
29714,Wife
20444,Husband
20444,Not-in-family
20444,Other-relative
20444,Own-child
20444,Unmarried
20444,Wife
34599,Husband
34599,Not-in-family
34599,Other-relative
34599,Own-child
34599,Unmarried
34599,Wife
24264,Not-in-family
24264,Unmarried
48528,Not-in-family
48528,Unmarried
45165,Not-in-family
45165,Unmarried
17871,Husband
17871,Other-relative
17871,Own-child
17871,Wife
20425,Husband
20425,Other-relative
20425,Own-child
20425,Wife
39899,Husband
39899,Not-in-family
39899,Other-relative
39899,Own-child
39899,Unmarried
39899,Wife
12033,Husband
12033,Not-in-family
12033,Other-relative
12033,Own-child
12033,Unmarried
12033,Wife
47975,Husband
47975,Not-in-family
47975,Other-relative
47975,Own-child
47975,Unmarried
47975,Wife
4224,Husband
4224,Not-in-family
4224,Other-relative
4224,Own-child
4224,Unmarried
4224,Wife
3477,Husband
3477,Not-in-family
3477,Other-relative
3477,Own-child
3477,Unmarried
3477,Wife
37500,Husband
37500,Not-in-family
37500,Other-relative
37500,Own-child
37500,Unmarried
37500,Wife
13742,Husband
13742,Other-relative
13742,Own-child
13742,Wife
20163,Husband
20163,Not-in-family
20163,Other-relative
20163,Own-child
20163,Unmarried
20163,Wife
7922,Not-in-family
7922,Unmarried
44401,Husband
44401,Other-relative
44401,Own-child
44401,Wife
1065,Husband
1065,Not-in-family
1065,Other-relative
1065,Own-child
1065,Unmarried
1065,Wife
47859,Husband
47859,Not-in-family
47859,Other-relative
47859,Own-child
47859,Unmarried
47859,Wife
46906,Husband
46906,Other-relative
46906,Own-child
46906,Wife
2987,Not-in-family
2987,Unmarried
31843,Husband
31843,Other-relative
31843,Own-child
31843,Wife
28716,Husband
28716,Other-relative
28716,Own-child
28716,Wife
31741,Husband
31741,Other-relative
31741,Own-child
31741,Wife
26346,Husband
26346,Not-in-family
26346,Other-relative
26346,Own-child
26346,Unmarried
26346,Wife
45556,Husband
45556,Not-in-family
45556,Other-relative
45556,Own-child
45556,Unmarried
45556,Wife
27851,Husband
27851,Not-in-family
27851,Other-relative
27851,Own-child
27851,Unmarried
27851,Wife
29611,Husband
29611,Other-relative
29611,Own-child
29611,Wife
39941,Husband
39941,Not-in-family
39941,Other-relative
39941,Own-child
39941,Unmarried
39941,Wife
22447,Husband
22447,Other-relative
22447,Own-child
22447,Wife
36244,Husband
36244,Not-in-family
36244,Other-relative
36244,Own-child
36244,Unmarried
36244,Wife
26354,Husband
26354,Not-in-family
26354,Other-relative
26354,Own-child
26354,Unmarried
26354,Wife
43361,Not-in-family
43361,Unmarried
48016,Husband
48016,Other-relative
48016,Own-child
48016,Wife
23030,Husband
23030,Other-relative
23030,Own-child
23030,Wife
21368,Husband
21368,Not-in-family
21368,Other-relative
21368,Own-child
21368,Unmarried
21368,Wife
31275,Husband
31275,Not-in-family
31275,Other-relative
31275,Own-child
31275,Unmarried
31275,Wife
11598,Husband
11598,Not-in-family
11598,Other-relative
11598,Own-child
11598,Unmarried
11598,Wife
25374,Husband
25374,Not-in-family
25374,Other-relative
25374,Own-child
25374,Unmarried
25374,Wife
29437,Husband
29437,Other-relative
29437,Own-child
29437,Wife
41331,Husband
41331,Not-in-family
41331,Other-relative
41331,Own-child
41331,Unmarried
41331,Wife
14303,Husband
14303,Other-relative
14303,Own-child
14303,Wife
15298,Husband
15298,Not-in-family
15298,Other-relative
15298,Own-child
15298,Unmarried
15298,Wife
4163,Husband
4163,Not-in-family
4163,Other-relative
4163,Own-child
4163,Unmarried
4163,Wife
8715,Husband
8715,Not-in-family
8715,Other-relative
8715,Own-child
8715,Unmarried
8715,Wife
39602,Not-in-family
39602,Unmarried
19576,Husband
19576,Other-relative
19576,Own-child
19576,Wife
21890,Husband
21890,Not-in-family
21890,Other-relative
21890,Own-child
21890,Unmarried
21890,Wife
20112,Husband
20112,Not-in-family
20112,Other-relative
20112,Own-child
20112,Unmarried
20112,Wife
30075,Husband
30075,Other-relative
30075,Own-child
30075,Wife
7421,Husband
7421,Not-in-family
7421,Other-relative
7421,Own-child
7421,Unmarried
7421,Wife
19472,Husband
19472,Not-in-family
19472,Other-relative
19472,Own-child
19472,Unmarried
19472,Wife
18658,Not-in-family
18658,Unmarried
38646,Husband
38646,Not-in-family
38646,Other-relative
38646,Own-child
38646,Unmarried
38646,Wife
12506,Husband
12506,Not-in-family
12506,Other-relative
12506,Own-child
12506,Unmarried
12506,Wife
15253,Husband
15253,Other-relative
15253,Own-child
15253,Wife
21253,Husband
21253,Not-in-family
21253,Other-relative
21253,Own-child
21253,Unmarried
21253,Wife
28325,Husband
28325,Not-in-family
28325,Other-relative
28325,Own-child
28325,Unmarried
28325,Wife
36768,Husband
36768,Not-in-family
36768,Other-relative
36768,Own-child
36768,Unmarried
36768,Wife
30081,Husband
30081,Other-relative
30081,Own-child
30081,Wife
30000,Husband
30000,Not-in-family
30000,Other-relative
30000,Own-child
30000,Unmarried
30000,Wife
21231,Husband
21231,Not-in-family
21231,Other-relative
21231,Own-child
21231,Unmarried
21231,Wife
48115,Husband
48115,Other-relative
48115,Own-child
48115,Wife
1201,Husband
1201,Other-relative
1201,Own-child
1201,Wife
15268,Husband
15268,Other-relative
15268,Own-child
15268,Wife
35050,Husband
35050,Not-in-family
35050,Other-relative
35050,Own-child
35050,Unmarried
35050,Wife
9754,Husband
9754,Not-in-family
9754,Other-relative
9754,Own-child
9754,Unmarried
9754,Wife
39297,Husband
39297,Not-in-family
39297,Other-relative
39297,Own-child
39297,Unmarried
39297,Wife
14018,Husband
14018,Other-relative
14018,Own-child
14018,Wife
37387,Husband
37387,Other-relative
37387,Own-child
37387,Wife
46549,Husband
46549,Other-relative
46549,Own-child
46549,Wife
20188,Not-in-family
20188,Unmarried
38704,Husband
38704,Other-relative
38704,Own-child
38704,Wife
29036,Husband
29036,Not-in-family
29036,Other-relative
29036,Own-child
29036,Unmarried
29036,Wife
37994,Husband
37994,Not-in-family
37994,Other-relative
37994,Own-child
37994,Unmarried
37994,Wife
23804,Husband
23804,Other-relative
23804,Own-child
23804,Wife
41576,Husband
41576,Other-relative
41576,Own-child
41576,Wife
21734,Not-in-family
21734,Unmarried
46210,Husband
46210,Not-in-family
46210,Other-relative
46210,Own-child
46210,Unmarried
46210,Wife
27444,Husband
27444,Not-in-family
27444,Other-relative
27444,Own-child
27444,Unmarried
27444,Wife
44094,Husband
44094,Other-relative
44094,Own-child
44094,Wife
24996,Husband
24996,Other-relative
24996,Own-child
24996,Wife
33736,Husband
33736,Not-in-family
33736,Other-relative
33736,Own-child
33736,Unmarried
33736,Wife
6118,Not-in-family
6118,Unmarried
9643,Husband
9643,Other-relative
9643,Own-child
9643,Wife
16825,Husband
16825,Not-in-family
16825,Other-relative
16825,Own-child
16825,Unmarried
16825,Wife
1700,Husband
1700,Not-in-family
1700,Other-relative
1700,Own-child
1700,Unmarried
1700,Wife
33996,Husband
33996,Not-in-family
33996,Other-relative
33996,Own-child
33996,Unmarried
33996,Wife
6216,Husband
6216,Other-relative
6216,Own-child
6216,Wife
26809,Husband
26809,Not-in-family
26809,Other-relative
26809,Own-child
26809,Unmarried
26809,Wife
42968,Husband
42968,Other-relative
42968,Own-child
42968,Wife
47694,Husband
47694,Not-in-family
47694,Other-relative
47694,Own-child
47694,Unmarried
47694,Wife
13942,Husband
13942,Other-relative
13942,Own-child
13942,Wife
32722,Husband
32722,Other-relative
32722,Own-child
32722,Wife
37020,Husband
37020,Other-relative
37020,Own-child
37020,Wife
35372,Not-in-family
35372,Unmarried
17813,Husband
17813,Not-in-family
17813,Other-relative
17813,Own-child
17813,Unmarried
17813,Wife
21720,Husband
21720,Not-in-family
21720,Other-relative
21720,Own-child
21720,Unmarried
21720,Wife
8012,Not-in-family
8012,Unmarried
22891,Husband
22891,Other-relative
22891,Own-child
22891,Wife
36103,Husband
36103,Not-in-family
36103,Other-relative
36103,Own-child
36103,Unmarried
36103,Wife
30844,Husband
30844,Not-in-family
30844,Other-relative
30844,Own-child
30844,Unmarried
30844,Wife
9738,Husband
9738,Other-relative
9738,Own-child
9738,Wife
8614,Husband
8614,Other-relative
8614,Own-child
8614,Wife
27224,Not-in-family
27224,Unmarried
7127,Not-in-family
7127,Unmarried
45725,Husband
45725,Not-in-family
45725,Other-relative
45725,Own-child
45725,Unmarried
45725,Wife
394,Husband
394,Not-in-family
394,Other-relative
394,Own-child
394,Unmarried
394,Wife
45482,Husband
45482,Not-in-family
45482,Other-relative
45482,Own-child
45482,Unmarried
45482,Wife
38921,Husband
38921,Other-relative
38921,Own-child
38921,Wife
21682,Husband
21682,Not-in-family
21682,Other-relative
21682,Own-child
21682,Unmarried
21682,Wife
961,Husband
961,Not-in-family
961,Other-relative
961,Own-child
961,Unmarried
961,Wife
26989,Husband
26989,Not-in-family
26989,Other-relative
26989,Own-child
26989,Unmarried
26989,Wife
38897,Husband
38897,Other-relative
38897,Own-child
38897,Wife
37927,Husband
37927,Other-relative
37927,Own-child
37927,Wife
35727,Husband
35727,Other-relative
35727,Own-child
35727,Wife
34573,Husband
34573,Other-relative
34573,Own-child
34573,Wife
21922,Husband
21922,Not-in-family
21922,Other-relative
21922,Own-child
21922,Unmarried
21922,Wife
9820,Husband
9820,Other-relative
9820,Own-child
9820,Wife
44223,Not-in-family
44223,Unmarried
36047,Husband
36047,Other-relative
36047,Own-child
36047,Wife
2171,Husband
2171,Other-relative
2171,Own-child
2171,Wife
42248,Husband
42248,Not-in-family
42248,Other-relative
42248,Own-child
42248,Unmarried
42248,Wife
11438,Husband
11438,Not-in-family
11438,Other-relative
11438,Own-child
11438,Unmarried
11438,Wife
2875,Husband
2875,Other-relative
2875,Own-child
2875,Wife
9304,Husband
9304,Not-in-family
9304,Other-relative
9304,Own-child
9304,Unmarried
9304,Wife
20242,Husband
20242,Not-in-family
20242,Other-relative
20242,Own-child
20242,Unmarried
20242,Wife
36789,Husband
36789,Not-in-family
36789,Other-relative
36789,Own-child
36789,Unmarried
36789,Wife
5003,Not-in-family
5003,Unmarried
7187,Husband
7187,Not-in-family
7187,Other-relative
7187,Own-child
7187,Unmarried
7187,Wife
24601,Husband
24601,Not-in-family
24601,Other-relative
24601,Own-child
24601,Unmarried
24601,Wife
26936,Husband
26936,Not-in-family
26936,Other-relative
26936,Own-child
26936,Unmarried
26936,Wife
3169,Husband
3169,Not-in-family
3169,Other-relative
3169,Own-child
3169,Unmarried
3169,Wife
27992,Husband
27992,Not-in-family
27992,Other-relative
27992,Own-child
27992,Unmarried
27992,Wife
29205,Husband
29205,Not-in-family
29205,Other-relative
29205,Own-child
29205,Unmarried
29205,Wife
40470,Husband
40470,Not-in-family
40470,Other-relative
40470,Own-child
40470,Unmarried
40470,Wife
15895,Husband
15895,Other-relative
15895,Own-child
15895,Wife
41153,Husband
41153,Not-in-family
41153,Other-relative
41153,Own-child
41153,Unmarried
41153,Wife
23386,Husband
23386,Not-in-family
23386,Other-relative
23386,Own-child
23386,Unmarried
23386,Wife
3066,Husband
3066,Other-relative
3066,Own-child
3066,Wife
15831,Husband
15831,Not-in-family
15831,Other-relative
15831,Own-child
15831,Unmarried
15831,Wife
32309,Husband
32309,Other-relative
32309,Own-child
32309,Wife
9076,Husband
9076,Not-in-family
9076,Other-relative
9076,Own-child
9076,Unmarried
9076,Wife
29616,Husband
29616,Not-in-family
29616,Other-relative
29616,Own-child
29616,Unmarried
29616,Wife
37024,Husband
37024,Other-relative
37024,Own-child
37024,Wife
23803,Husband
23803,Other-relative
23803,Own-child
23803,Wife
9978,Husband
9978,Not-in-family
9978,Other-relative
9978,Own-child
9978,Unmarried
9978,Wife
35524,Husband
35524,Not-in-family
35524,Other-relative
35524,Own-child
35524,Unmarried
35524,Wife
37722,Husband
37722,Not-in-family
37722,Other-relative
37722,Own-child
37722,Unmarried
37722,Wife
29056,Husband
29056,Other-relative
29056,Own-child
29056,Wife
24755,Husband
24755,Not-in-family
24755,Other-relative
24755,Own-child
24755,Unmarried
24755,Wife
21367,Husband
21367,Not-in-family
21367,Other-relative
21367,Own-child
21367,Unmarried
21367,Wife
15273,Husband
15273,Other-relative
15273,Own-child
15273,Wife
24456,Husband
24456,Other-relative
24456,Own-child
24456,Wife
24177,Husband
24177,Other-relative
24177,Own-child
24177,Wife
45732,Husband
45732,Other-relative
45732,Own-child
45732,Wife
42547,Husband
42547,Other-relative
42547,Own-child
42547,Wife
26300,Husband
26300,Other-relative
26300,Own-child
26300,Wife
10310,Not-in-family
10310,Unmarried
9099,Husband
9099,Not-in-family
9099,Other-relative
9099,Own-child
9099,Unmarried
9099,Wife
26671,Not-in-family
26671,Unmarried
38930,Husband
38930,Not-in-family
38930,Other-relative
38930,Own-child
38930,Unmarried
38930,Wife
30219,Husband
30219,Other-relative
30219,Own-child
30219,Wife
36116,Husband
36116,Not-in-family
36116,Other-relative
36116,Own-child
36116,Unmarried
36116,Wife
3785,Husband
3785,Not-in-family
3785,Other-relative
3785,Own-child
3785,Unmarried
3785,Wife
37521,Husband
37521,Not-in-family
37521,Other-relative
37521,Own-child
37521,Unmarried
37521,Wife
45709,Husband
45709,Not-in-family
45709,Other-relative
45709,Own-child
45709,Unmarried
45709,Wife
10431,Husband
10431,Not-in-family
10431,Other-relative
10431,Own-child
10431,Unmarried
10431,Wife
7953,Husband
7953,Not-in-family
7953,Other-relative
7953,Own-child
7953,Unmarried
7953,Wife
26564,Husband
26564,Other-relative
26564,Own-child
26564,Wife
26409,Husband
26409,Not-in-family
26409,Other-relative
26409,Own-child
26409,Unmarried
26409,Wife
18732,Husband
18732,Not-in-family
18732,Other-relative
18732,Own-child
18732,Unmarried
18732,Wife
37522,Husband
37522,Not-in-family
37522,Other-relative
37522,Own-child
37522,Unmarried
37522,Wife
16502,Husband
16502,Other-relative
16502,Own-child
16502,Wife
46456,Husband
46456,Other-relative
46456,Own-child
46456,Wife
9001,Not-in-family
9001,Unmarried
706,Husband
706,Other-relative
706,Own-child
706,Wife
40174,Not-in-family
40174,Unmarried
38161,Husband
38161,Other-relative
38161,Own-child
38161,Wife
20976,Husband
20976,Not-in-family
20976,Other-relative
20976,Own-child
20976,Unmarried
20976,Wife
36795,Husband
36795,Not-in-family
36795,Other-relative
36795,Own-child
36795,Unmarried
36795,Wife
42308,Husband
42308,Not-in-family
42308,Other-relative
42308,Own-child
42308,Unmarried
42308,Wife
19108,Husband
19108,Not-in-family
19108,Other-relative
19108,Own-child
19108,Unmarried
19108,Wife
35200,Husband
35200,Other-relative
35200,Own-child
35200,Wife
47032,Husband
47032,Other-relative
47032,Own-child
47032,Wife
43145,Husband
43145,Not-in-family
43145,Other-relative
43145,Own-child
43145,Unmarried
43145,Wife
13727,Husband
13727,Other-relative
13727,Own-child
13727,Wife
16395,Husband
16395,Not-in-family
16395,Other-relative
16395,Own-child
16395,Unmarried
16395,Wife
24849,Husband
24849,Not-in-family
24849,Other-relative
24849,Own-child
24849,Unmarried
24849,Wife
35362,Husband
35362,Not-in-family
35362,Other-relative
35362,Own-child
35362,Unmarried
35362,Wife
10484,Husband
10484,Other-relative
10484,Own-child
10484,Wife
31598,Husband
31598,Not-in-family
31598,Other-relative
31598,Own-child
31598,Unmarried
31598,Wife
20901,Not-in-family
20901,Unmarried
25276,Husband
25276,Not-in-family
25276,Other-relative
25276,Own-child
25276,Unmarried
25276,Wife
46700,Not-in-family
46700,Unmarried
5413,Husband
5413,Not-in-family
5413,Other-relative
5413,Own-child
5413,Unmarried
5413,Wife
41937,Husband
41937,Not-in-family
41937,Other-relative
41937,Own-child
41937,Unmarried
41937,Wife
22566,Husband
22566,Not-in-family
22566,Other-relative
22566,Own-child
22566,Unmarried
22566,Wife
17385,Husband
17385,Not-in-family
17385,Other-relative
17385,Own-child
17385,Unmarried
17385,Wife
2567,Not-in-family
2567,Unmarried
46963,Not-in-family
46963,Unmarried
28636,Husband
28636,Other-relative
28636,Own-child
28636,Wife
5927,Husband
5927,Not-in-family
5927,Other-relative
5927,Own-child
5927,Unmarried
5927,Wife
37531,Husband
37531,Not-in-family
37531,Other-relative
37531,Own-child
37531,Unmarried
37531,Wife
47228,Husband
47228,Other-relative
47228,Own-child
47228,Wife
37175,Husband
37175,Other-relative
37175,Own-child
37175,Wife
40998,Husband
40998,Not-in-family
40998,Other-relative
40998,Own-child
40998,Unmarried
40998,Wife
24451,Husband
24451,Not-in-family
24451,Other-relative
24451,Own-child
24451,Unmarried
24451,Wife
24602,Husband
24602,Not-in-family
24602,Other-relative
24602,Own-child
24602,Unmarried
24602,Wife
26025,Husband
26025,Not-in-family
26025,Other-relative
26025,Own-child
26025,Unmarried
26025,Wife
7569,Husband
7569,Other-relative
7569,Own-child
7569,Wife
3198,Husband
3198,Not-in-family
3198,Other-relative
3198,Own-child
3198,Unmarried
3198,Wife
18768,Husband
18768,Not-in-family
18768,Other-relative
18768,Own-child
18768,Unmarried
18768,Wife
38437,Husband
38437,Not-in-family
38437,Other-relative
38437,Own-child
38437,Unmarried
38437,Wife
24688,Husband
24688,Not-in-family
24688,Other-relative
24688,Own-child
24688,Unmarried
24688,Wife
3585,Husband
3585,Not-in-family
3585,Other-relative
3585,Own-child
3585,Unmarried
3585,Wife
46004,Husband
46004,Not-in-family
46004,Other-relative
46004,Own-child
46004,Unmarried
46004,Wife
344,Husband
344,Not-in-family
344,Other-relative
344,Own-child
344,Unmarried
344,Wife
35170,Husband
35170,Not-in-family
35170,Other-relative
35170,Own-child
35170,Unmarried
35170,Wife
18899,Husband
18899,Other-relative
18899,Own-child
18899,Wife
28443,Husband
28443,Other-relative
28443,Own-child
28443,Wife
966,Husband
966,Not-in-family
966,Other-relative
966,Own-child
966,Unmarried
966,Wife
43479,Husband
43479,Not-in-family
43479,Other-relative
43479,Own-child
43479,Unmarried
43479,Wife
38784,Husband
38784,Other-relative
38784,Own-child
38784,Wife
24207,Husband
24207,Other-relative
24207,Own-child
24207,Wife
4631,Husband
4631,Other-relative
4631,Own-child
4631,Wife
158,Husband
158,Not-in-family
158,Other-relative
158,Own-child
158,Unmarried
158,Wife
15517,Husband
15517,Other-relative
15517,Own-child
15517,Wife
33235,Not-in-family
33235,Unmarried
15092,Husband
15092,Other-relative
15092,Own-child
15092,Wife
31967,Husband
31967,Other-relative
31967,Own-child
31967,Wife
15822,Husband
15822,Other-relative
15822,Own-child
15822,Wife
12328,Not-in-family
12328,Unmarried
20309,Husband
20309,Not-in-family
20309,Other-relative
20309,Own-child
20309,Unmarried
20309,Wife
42166,Husband
42166,Not-in-family
42166,Other-relative
42166,Own-child
42166,Unmarried
42166,Wife
23383,Not-in-family
23383,Unmarried
30264,Husband
30264,Other-relative
30264,Own-child
30264,Wife
47906,Husband
47906,Not-in-family
47906,Other-relative
47906,Own-child
47906,Unmarried
47906,Wife
20879,Husband
20879,Not-in-family
20879,Other-relative
20879,Own-child
20879,Unmarried
20879,Wife
30113,Husband
30113,Not-in-family
30113,Other-relative
30113,Own-child
30113,Unmarried
30113,Wife
38099,Husband
38099,Other-relative
38099,Own-child
38099,Wife
44258,Husband
44258,Not-in-family
44258,Other-relative
44258,Own-child
44258,Unmarried
44258,Wife
16030,Husband
16030,Not-in-family
16030,Other-relative
16030,Own-child
16030,Unmarried
16030,Wife
47689,Husband
47689,Other-relative
47689,Own-child
47689,Wife
28821,Husband
28821,Not-in-family
28821,Other-relative
28821,Own-child
28821,Unmarried
28821,Wife
48270,Husband
48270,Other-relative
48270,Own-child
48270,Wife
11919,Husband
11919,Other-relative
11919,Own-child
11919,Wife
25544,Husband
25544,Other-relative
25544,Own-child
25544,Wife
16552,Husband
16552,Not-in-family
16552,Other-relative
16552,Own-child
16552,Unmarried
16552,Wife
30517,Husband
30517,Not-in-family
30517,Other-relative
30517,Own-child
30517,Unmarried
30517,Wife
18596,Not-in-family
18596,Unmarried
23653,Husband
23653,Other-relative
23653,Own-child
23653,Wife
43217,Husband
43217,Not-in-family
43217,Other-relative
43217,Own-child
43217,Unmarried
43217,Wife
2010,Not-in-family
2010,Unmarried
42472,Husband
42472,Other-relative
42472,Own-child
42472,Wife
13410,Husband
13410,Not-in-family
13410,Other-relative
13410,Own-child
13410,Unmarried
13410,Wife
29096,Husband
29096,Not-in-family
29096,Other-relative
29096,Own-child
29096,Unmarried
29096,Wife
48828,Husband
48828,Not-in-family
48828,Other-relative
48828,Own-child
48828,Unmarried
48828,Wife
19757,Husband
19757,Not-in-family
19757,Other-relative
19757,Own-child
19757,Unmarried
19757,Wife
5767,Husband
5767,Not-in-family
5767,Other-relative
5767,Own-child
5767,Unmarried
5767,Wife
42899,Husband
42899,Not-in-family
42899,Other-relative
42899,Own-child
42899,Unmarried
42899,Wife
28110,Husband
28110,Not-in-family
28110,Other-relative
28110,Own-child
28110,Unmarried
28110,Wife
35855,Husband
35855,Not-in-family
35855,Other-relative
35855,Own-child
35855,Unmarried
35855,Wife
46528,Not-in-family
46528,Unmarried
35169,Husband
35169,Not-in-family
35169,Other-relative
35169,Own-child
35169,Unmarried
35169,Wife
39879,Husband
39879,Not-in-family
39879,Other-relative
39879,Own-child
39879,Unmarried
39879,Wife
19148,Husband
19148,Other-relative
19148,Own-child
19148,Wife
26428,Husband
26428,Not-in-family
26428,Other-relative
26428,Own-child
26428,Unmarried
26428,Wife
30948,Husband
30948,Other-relative
30948,Own-child
30948,Wife
39687,Husband
39687,Not-in-family
39687,Other-relative
39687,Own-child
39687,Unmarried
39687,Wife
37910,Husband
37910,Not-in-family
37910,Other-relative
37910,Own-child
37910,Unmarried
37910,Wife
23371,Husband
23371,Not-in-family
23371,Other-relative
23371,Own-child
23371,Unmarried
23371,Wife
4054,Husband
4054,Other-relative
4054,Own-child
4054,Wife
13800,Husband
13800,Not-in-family
13800,Other-relative
13800,Own-child
13800,Unmarried
13800,Wife
1764,Husband
1764,Not-in-family
1764,Other-relative
1764,Own-child
1764,Unmarried
1764,Wife
33971,Husband
33971,Not-in-family
33971,Other-relative
33971,Own-child
33971,Unmarried
33971,Wife
28151,Husband
28151,Not-in-family
28151,Other-relative
28151,Own-child
28151,Unmarried
28151,Wife
11053,Not-in-family
11053,Unmarried
10255,Husband
10255,Other-relative
10255,Own-child
10255,Wife
33231,Husband
33231,Other-relative
33231,Own-child
33231,Wife
1257,Husband
1257,Not-in-family
1257,Other-relative
1257,Own-child
1257,Unmarried
1257,Wife
42995,Husband
42995,Not-in-family
42995,Other-relative
42995,Own-child
42995,Unmarried
42995,Wife
4216,Husband
4216,Other-relative
4216,Own-child
4216,Wife
48639,Husband
48639,Not-in-family
48639,Other-relative
48639,Own-child
48639,Unmarried
48639,Wife
1041,Husband
1041,Not-in-family
1041,Other-relative
1041,Own-child
1041,Unmarried
1041,Wife
11925,Husband
11925,Other-relative
11925,Own-child
11925,Wife
32234,Husband
32234,Not-in-family
32234,Other-relative
32234,Own-child
32234,Unmarried
32234,Wife
1482,Husband
1482,Not-in-family
1482,Other-relative
1482,Own-child
1482,Unmarried
1482,Wife
5114,Husband
5114,Other-relative
5114,Own-child
5114,Wife
33856,Husband
33856,Not-in-family
33856,Other-relative
33856,Own-child
33856,Unmarried
33856,Wife
34862,Husband
34862,Other-relative
34862,Own-child
34862,Wife
26058,Not-in-family
26058,Unmarried
5906,Husband
5906,Other-relative
5906,Own-child
5906,Wife
881,Husband
881,Other-relative
881,Own-child
881,Wife
39394,Husband
39394,Not-in-family
39394,Other-relative
39394,Own-child
39394,Unmarried
39394,Wife
39922,Husband
39922,Other-relative
39922,Own-child
39922,Wife
2929,Husband
2929,Not-in-family
2929,Other-relative
2929,Own-child
2929,Unmarried
2929,Wife
46112,Husband
46112,Other-relative
46112,Own-child
46112,Wife
11870,Husband
11870,Not-in-family
11870,Other-relative
11870,Own-child
11870,Unmarried
11870,Wife
2573,Not-in-family
2573,Unmarried
22124,Husband
22124,Other-relative
22124,Own-child
22124,Wife
46511,Husband
46511,Not-in-family
46511,Other-relative
46511,Own-child
46511,Unmarried
46511,Wife
21145,Husband
21145,Other-relative
21145,Own-child
21145,Wife
16888,Husband
16888,Not-in-family
16888,Other-relative
16888,Own-child
16888,Unmarried
16888,Wife
1612,Husband
1612,Other-relative
1612,Own-child
1612,Wife
29069,Not-in-family
29069,Unmarried
28761,Not-in-family
28761,Unmarried
542,Not-in-family
542,Unmarried
4596,Not-in-family
4596,Unmarried
35669,Husband
35669,Other-relative
35669,Own-child
35669,Wife
42596,Husband
42596,Other-relative
42596,Own-child
42596,Wife
43085,Husband
43085,Other-relative
43085,Own-child
43085,Wife
28041,Husband
28041,Not-in-family
28041,Other-relative
28041,Own-child
28041,Unmarried
28041,Wife
23739,Husband
23739,Other-relative
23739,Own-child
23739,Wife
31504,Husband
31504,Other-relative
31504,Own-child
31504,Wife
31814,Husband
31814,Not-in-family
31814,Other-relative
31814,Own-child
31814,Unmarried
31814,Wife
17931,Not-in-family
17931,Unmarried
40542,Husband
40542,Not-in-family
40542,Other-relative
40542,Own-child
40542,Unmarried
40542,Wife
44138,Husband
44138,Other-relative
44138,Own-child
44138,Wife
34595,Not-in-family
34595,Unmarried
30549,Not-in-family
30549,Unmarried
28233,Husband
28233,Not-in-family
28233,Other-relative
28233,Own-child
28233,Unmarried
28233,Wife
5911,Husband
5911,Other-relative
5911,Own-child
5911,Wife
34145,Husband
34145,Not-in-family
34145,Other-relative
34145,Own-child
34145,Unmarried
34145,Wife
23132,Not-in-family
23132,Unmarried
39081,Husband
39081,Not-in-family
39081,Other-relative
39081,Own-child
39081,Unmarried
39081,Wife
41954,Not-in-family
41954,Unmarried
14905,Husband
14905,Other-relative
14905,Own-child
14905,Wife
5205,Husband
5205,Not-in-family
5205,Other-relative
5205,Own-child
5205,Unmarried
5205,Wife
32513,Husband
32513,Not-in-family
32513,Other-relative
32513,Own-child
32513,Unmarried
32513,Wife
17364,Husband
17364,Other-relative
17364,Own-child
17364,Wife
46021,Husband
46021,Other-relative
46021,Own-child
46021,Wife
30116,Not-in-family
30116,Unmarried
17050,Husband
17050,Not-in-family
17050,Other-relative
17050,Own-child
17050,Unmarried
17050,Wife
19117,Husband
19117,Not-in-family
19117,Other-relative
19117,Own-child
19117,Unmarried
19117,Wife
14842,Husband
14842,Other-relative
14842,Own-child
14842,Wife
17230,Husband
17230,Not-in-family
17230,Other-relative
17230,Own-child
17230,Unmarried
17230,Wife
13760,Husband
13760,Not-in-family
13760,Other-relative
13760,Own-child
13760,Unmarried
13760,Wife
20952,Not-in-family
20952,Unmarried
37104,Husband
37104,Other-relative
37104,Own-child
37104,Wife
32794,Husband
32794,Not-in-family
32794,Other-relative
32794,Own-child
32794,Unmarried
32794,Wife
39457,Not-in-family
39457,Unmarried
26371,Not-in-family
26371,Unmarried
25886,Husband
25886,Not-in-family
25886,Other-relative
25886,Own-child
25886,Unmarried
25886,Wife
5699,Husband
5699,Not-in-family
5699,Other-relative
5699,Own-child
5699,Unmarried
5699,Wife
10477,Not-in-family
10477,Unmarried
35288,Husband
35288,Not-in-family
35288,Other-relative
35288,Own-child
35288,Unmarried
35288,Wife
48454,Husband
48454,Not-in-family
48454,Other-relative
48454,Own-child
48454,Unmarried
48454,Wife
6297,Not-in-family
6297,Unmarried
11718,Husband
11718,Not-in-family
11718,Other-relative
11718,Own-child
11718,Unmarried
11718,Wife
37445,Husband
37445,Other-relative
37445,Own-child
37445,Wife
13559,Husband
13559,Not-in-family
13559,Other-relative
13559,Own-child
13559,Unmarried
13559,Wife
3427,Husband
3427,Other-relative
3427,Own-child
3427,Wife
32716,Husband
32716,Other-relative
32716,Own-child
32716,Wife
47664,Husband
47664,Other-relative
47664,Own-child
47664,Wife
37932,Husband
37932,Not-in-family
37932,Other-relative
37932,Own-child
37932,Unmarried
37932,Wife
12666,Husband
12666,Other-relative
12666,Own-child
12666,Wife
47691,Husband
47691,Not-in-family
47691,Other-relative
47691,Own-child
47691,Unmarried
47691,Wife
8677,Husband
8677,Not-in-family
8677,Other-relative
8677,Own-child
8677,Unmarried
8677,Wife
23288,Husband
23288,Not-in-family
23288,Other-relative
23288,Own-child
23288,Unmarried
23288,Wife
36224,Husband
36224,Other-relative
36224,Own-child
36224,Wife
12254,Husband
12254,Not-in-family
12254,Other-relative
12254,Own-child
12254,Unmarried
12254,Wife
29409,Husband
29409,Other-relative
29409,Own-child
29409,Wife
14987,Not-in-family
14987,Unmarried
41184,Husband
41184,Not-in-family
41184,Other-relative
41184,Own-child
41184,Unmarried
41184,Wife
45945,Husband
45945,Other-relative
45945,Own-child
45945,Wife
2383,Husband
2383,Not-in-family
2383,Other-relative
2383,Own-child
2383,Unmarried
2383,Wife
46303,Husband
46303,Not-in-family
46303,Other-relative
46303,Own-child
46303,Unmarried
46303,Wife
11218,Husband
11218,Other-relative
11218,Own-child
11218,Wife
5052,Not-in-family
5052,Unmarried
18628,Not-in-family
18628,Unmarried
550,Husband
550,Not-in-family
550,Other-relative
550,Own-child
550,Unmarried
550,Wife
44315,Husband
44315,Not-in-family
44315,Other-relative
44315,Own-child
44315,Unmarried
44315,Wife
16778,Husband
16778,Not-in-family
16778,Other-relative
16778,Own-child
16778,Unmarried
16778,Wife
27953,Husband
27953,Not-in-family
27953,Other-relative
27953,Own-child
27953,Unmarried
27953,Wife
43713,Husband
43713,Not-in-family
43713,Other-relative
43713,Own-child
43713,Unmarried
43713,Wife
19851,Husband
19851,Other-relative
19851,Own-child
19851,Wife
21170,Husband
21170,Not-in-family
21170,Other-relative
21170,Own-child
21170,Unmarried
21170,Wife
46191,Husband
46191,Other-relative
46191,Own-child
46191,Wife
5688,Husband
5688,Not-in-family
5688,Other-relative
5688,Own-child
5688,Unmarried
5688,Wife
33573,Husband
33573,Other-relative
33573,Own-child
33573,Wife
6604,Husband
6604,Not-in-family
6604,Other-relative
6604,Own-child
6604,Unmarried
6604,Wife
34208,Husband
34208,Other-relative
34208,Own-child
34208,Wife
45159,Not-in-family
45159,Unmarried
45927,Husband
45927,Not-in-family
45927,Other-relative
45927,Own-child
45927,Unmarried
45927,Wife
4423,Not-in-family
4423,Unmarried
23229,Husband
23229,Other-relative
23229,Own-child
23229,Wife
38359,Husband
38359,Not-in-family
38359,Other-relative
38359,Own-child
38359,Unmarried
38359,Wife
22593,Husband
22593,Not-in-family
22593,Other-relative
22593,Own-child
22593,Unmarried
22593,Wife
13899,Husband
13899,Other-relative
13899,Own-child
13899,Wife
8751,Husband
8751,Other-relative
8751,Own-child
8751,Wife
42648,Husband
42648,Not-in-family
42648,Other-relative
42648,Own-child
42648,Unmarried
42648,Wife
32524,Husband
32524,Not-in-family
32524,Other-relative
32524,Own-child
32524,Unmarried
32524,Wife
28465,Husband
28465,Not-in-family
28465,Other-relative
28465,Own-child
28465,Unmarried
28465,Wife
45695,Husband
45695,Not-in-family
45695,Other-relative
45695,Own-child
45695,Unmarried
45695,Wife
31501,Husband
31501,Not-in-family
31501,Other-relative
31501,Own-child
31501,Unmarried
31501,Wife
19845,Husband
19845,Not-in-family
19845,Other-relative
19845,Own-child
19845,Unmarried
19845,Wife
25777,Husband
25777,Not-in-family
25777,Other-relative
25777,Own-child
25777,Unmarried
25777,Wife
33102,Husband
33102,Not-in-family
33102,Other-relative
33102,Own-child
33102,Unmarried
33102,Wife
13834,Husband
13834,Other-relative
13834,Own-child
13834,Wife
43678,Husband
43678,Not-in-family
43678,Other-relative
43678,Own-child
43678,Unmarried
43678,Wife
25665,Husband
25665,Not-in-family
25665,Other-relative
25665,Own-child
25665,Unmarried
25665,Wife
23675,Husband
23675,Other-relative
23675,Own-child
23675,Wife
10559,Husband
10559,Not-in-family
10559,Other-relative
10559,Own-child
10559,Unmarried
10559,Wife
23792,Husband
23792,Other-relative
23792,Own-child
23792,Wife
25632,Husband
25632,Not-in-family
25632,Other-relative
25632,Own-child
25632,Unmarried
25632,Wife
4361,Husband
4361,Other-relative
4361,Own-child
4361,Wife
15853,Husband
15853,Not-in-family
15853,Other-relative
15853,Own-child
15853,Unmarried
15853,Wife
38179,Husband
38179,Not-in-family
38179,Other-relative
38179,Own-child
38179,Unmarried
38179,Wife
22478,Husband
22478,Not-in-family
22478,Other-relative
22478,Own-child
22478,Unmarried
22478,Wife
39561,Not-in-family
39561,Unmarried
24139,Husband
24139,Other-relative
24139,Own-child
24139,Wife
6191,Husband
6191,Other-relative
6191,Own-child
6191,Wife
34696,Husband
34696,Not-in-family
34696,Other-relative
34696,Own-child
34696,Unmarried
34696,Wife
43813,Husband
43813,Other-relative
43813,Own-child
43813,Wife
12852,Husband
12852,Other-relative
12852,Own-child
12852,Wife
12180,Not-in-family
12180,Unmarried
39444,Husband
39444,Not-in-family
39444,Other-relative
39444,Own-child
39444,Unmarried
39444,Wife
12485,Husband
12485,Not-in-family
12485,Other-relative
12485,Own-child
12485,Unmarried
12485,Wife
10221,Husband
10221,Not-in-family
10221,Other-relative
10221,Own-child
10221,Unmarried
10221,Wife
5893,Husband
5893,Not-in-family
5893,Other-relative
5893,Own-child
5893,Unmarried
5893,Wife
32991,Husband
32991,Other-relative
32991,Own-child
32991,Wife
31173,Husband
31173,Not-in-family
31173,Other-relative
31173,Own-child
31173,Unmarried
31173,Wife
9882,Not-in-family
9882,Unmarried
10293,Husband
10293,Other-relative
10293,Own-child
10293,Wife
25800,Husband
25800,Not-in-family
25800,Other-relative
25800,Own-child
25800,Unmarried
25800,Wife
2329,Not-in-family
2329,Unmarried
3987,Husband
3987,Other-relative
3987,Own-child
3987,Wife
46473,Husband
46473,Other-relative
46473,Own-child
46473,Wife
38498,Husband
38498,Not-in-family
38498,Other-relative
38498,Own-child
38498,Unmarried
38498,Wife
20670,Husband
20670,Not-in-family
20670,Other-relative
20670,Own-child
20670,Unmarried
20670,Wife
17441,Husband
17441,Not-in-family
17441,Other-relative
17441,Own-child
17441,Unmarried
17441,Wife
24178,Husband
24178,Not-in-family
24178,Other-relative
24178,Own-child
24178,Unmarried
24178,Wife
6444,Husband
6444,Not-in-family
6444,Other-relative
6444,Own-child
6444,Unmarried
6444,Wife
32579,Not-in-family
32579,Unmarried
26672,Husband
26672,Not-in-family
26672,Other-relative
26672,Own-child
26672,Unmarried
26672,Wife
34535,Husband
34535,Not-in-family
34535,Other-relative
34535,Own-child
34535,Unmarried
34535,Wife
23525,Not-in-family
23525,Unmarried
45298,Husband
45298,Not-in-family
45298,Other-relative
45298,Own-child
45298,Unmarried
45298,Wife
25322,Husband
25322,Other-relative
25322,Own-child
25322,Wife
24987,Not-in-family
24987,Unmarried
5127,Husband
5127,Not-in-family
5127,Other-relative
5127,Own-child
5127,Unmarried
5127,Wife
35642,Husband
35642,Not-in-family
35642,Other-relative
35642,Own-child
35642,Unmarried
35642,Wife
40307,Husband
40307,Other-relative
40307,Own-child
40307,Wife
22018,Not-in-family
22018,Unmarried
20423,Husband
20423,Other-relative
20423,Own-child
20423,Wife
27128,Husband
27128,Other-relative
27128,Own-child
27128,Wife
48478,Husband
48478,Not-in-family
48478,Other-relative
48478,Own-child
48478,Unmarried
48478,Wife
40627,Husband
40627,Not-in-family
40627,Other-relative
40627,Own-child
40627,Unmarried
40627,Wife
46693,Not-in-family
46693,Unmarried
3976,Husband
3976,Other-relative
3976,Own-child
3976,Wife
42210,Not-in-family
42210,Unmarried
5870,Not-in-family
5870,Unmarried
24159,Husband
24159,Other-relative
24159,Own-child
24159,Wife
9608,Husband
9608,Other-relative
9608,Own-child
9608,Wife
5286,Husband
5286,Not-in-family
5286,Other-relative
5286,Own-child
5286,Unmarried
5286,Wife
1982,Husband
1982,Not-in-family
1982,Other-relative
1982,Own-child
1982,Unmarried
1982,Wife
16486,Husband
16486,Other-relative
16486,Own-child
16486,Wife
20987,Husband
20987,Other-relative
20987,Own-child
20987,Wife
27591,Husband
27591,Not-in-family
27591,Other-relative
27591,Own-child
27591,Unmarried
27591,Wife
20238,Husband
20238,Not-in-family
20238,Other-relative
20238,Own-child
20238,Unmarried
20238,Wife
25507,Husband
25507,Not-in-family
25507,Other-relative
25507,Own-child
25507,Unmarried
25507,Wife
4971,Husband
4971,Not-in-family
4971,Other-relative
4971,Own-child
4971,Unmarried
4971,Wife
32921,Husband
32921,Not-in-family
32921,Other-relative
32921,Own-child
32921,Unmarried
32921,Wife
40826,Husband
40826,Not-in-family
40826,Other-relative
40826,Own-child
40826,Unmarried
40826,Wife
31195,Not-in-family
31195,Unmarried
7537,Not-in-family
7537,Unmarried
38439,Husband
38439,Not-in-family
38439,Other-relative
38439,Own-child
38439,Unmarried
38439,Wife
28823,Husband
28823,Other-relative
28823,Own-child
28823,Wife
10370,Husband
10370,Other-relative
10370,Own-child
10370,Wife
44847,Husband
44847,Not-in-family
44847,Other-relative
44847,Own-child
44847,Unmarried
44847,Wife
7288,Husband
7288,Not-in-family
7288,Other-relative
7288,Own-child
7288,Unmarried
7288,Wife
29454,Husband
29454,Other-relative
29454,Own-child
29454,Wife
35392,Husband
35392,Not-in-family
35392,Other-relative
35392,Own-child
35392,Unmarried
35392,Wife
17545,Not-in-family
17545,Unmarried
35066,Husband
35066,Not-in-family
35066,Other-relative
35066,Own-child
35066,Unmarried
35066,Wife
24129,Not-in-family
24129,Unmarried
36767,Not-in-family
36767,Unmarried
11596,Husband
11596,Not-in-family
11596,Other-relative
11596,Own-child
11596,Unmarried
11596,Wife
19797,Husband
19797,Not-in-family
19797,Other-relative
19797,Own-child
19797,Unmarried
19797,Wife
34025,Husband
34025,Other-relative
34025,Own-child
34025,Wife
24239,Husband
24239,Other-relative
24239,Own-child
24239,Wife
12965,Husband
12965,Not-in-family
12965,Other-relative
12965,Own-child
12965,Unmarried
12965,Wife
1445,Husband
1445,Not-in-family
1445,Other-relative
1445,Own-child
1445,Unmarried
1445,Wife
15987,Husband
15987,Other-relative
15987,Own-child
15987,Wife
30121,Husband
30121,Not-in-family
30121,Other-relative
30121,Own-child
30121,Unmarried
30121,Wife
30266,Husband
30266,Other-relative
30266,Own-child
30266,Wife
29450,Husband
29450,Not-in-family
29450,Other-relative
29450,Own-child
29450,Unmarried
29450,Wife
32608,Husband
32608,Other-relative
32608,Own-child
32608,Wife
211,Husband
211,Not-in-family
211,Other-relative
211,Own-child
211,Unmarried
211,Wife
43671,Husband
43671,Not-in-family
43671,Other-relative
43671,Own-child
43671,Unmarried
43671,Wife
14504,Husband
14504,Not-in-family
14504,Other-relative
14504,Own-child
14504,Unmarried
14504,Wife
6722,Husband
6722,Other-relative
6722,Own-child
6722,Wife
18432,Not-in-family
18432,Unmarried
24968,Husband
24968,Other-relative
24968,Own-child
24968,Wife
36575,Husband
36575,Not-in-family
36575,Other-relative
36575,Own-child
36575,Unmarried
36575,Wife
6581,Husband
6581,Not-in-family
6581,Other-relative
6581,Own-child
6581,Unmarried
6581,Wife
45874,Husband
45874,Not-in-family
45874,Other-relative
45874,Own-child
45874,Unmarried
45874,Wife
16226,Husband
16226,Other-relative
16226,Own-child
16226,Wife
24862,Husband
24862,Not-in-family
24862,Other-relative
24862,Own-child
24862,Unmarried
24862,Wife
1447,Husband
1447,Not-in-family
1447,Other-relative
1447,Own-child
1447,Unmarried
1447,Wife
39459,Not-in-family
39459,Unmarried
48561,Husband
48561,Not-in-family
48561,Other-relative
48561,Own-child
48561,Unmarried
48561,Wife
13257,Husband
13257,Not-in-family
13257,Other-relative
13257,Own-child
13257,Unmarried
13257,Wife
4633,Husband
4633,Not-in-family
4633,Other-relative
4633,Own-child
4633,Unmarried
4633,Wife
5877,Husband
5877,Not-in-family
5877,Other-relative
5877,Own-child
5877,Unmarried
5877,Wife
6587,Husband
6587,Other-relative
6587,Own-child
6587,Wife
16070,Not-in-family
16070,Unmarried
5543,Husband
5543,Other-relative
5543,Own-child
5543,Wife
11379,Not-in-family
11379,Unmarried
45979,Husband
45979,Other-relative
45979,Own-child
45979,Wife
17732,Husband
17732,Other-relative
17732,Own-child
17732,Wife
378,Not-in-family
378,Unmarried
1149,Husband
1149,Not-in-family
1149,Other-relative
1149,Own-child
1149,Unmarried
1149,Wife
46360,Husband
46360,Not-in-family
46360,Other-relative
46360,Own-child
46360,Unmarried
46360,Wife
20603,Husband
20603,Other-relative
20603,Own-child
20603,Wife
34706,Not-in-family
34706,Unmarried
24676,Husband
24676,Not-in-family
24676,Other-relative
24676,Own-child
24676,Unmarried
24676,Wife
40319,Husband
40319,Other-relative
40319,Own-child
40319,Wife
19988,Husband
19988,Other-relative
19988,Own-child
19988,Wife
4775,Husband
4775,Other-relative
4775,Own-child
4775,Wife
6519,Husband
6519,Not-in-family
6519,Other-relative
6519,Own-child
6519,Unmarried
6519,Wife
34687,Not-in-family
34687,Unmarried
33309,Husband
33309,Not-in-family
33309,Other-relative
33309,Own-child
33309,Unmarried
33309,Wife
13601,Husband
13601,Not-in-family
13601,Other-relative
13601,Own-child
13601,Unmarried
13601,Wife
30912,Husband
30912,Other-relative
30912,Own-child
30912,Wife
7545,Husband
7545,Other-relative
7545,Own-child
7545,Wife
32559,Husband
32559,Other-relative
32559,Own-child
32559,Wife
7978,Husband
7978,Other-relative
7978,Own-child
7978,Wife
43596,Husband
43596,Not-in-family
43596,Other-relative
43596,Own-child
43596,Unmarried
43596,Wife
18023,Husband
18023,Other-relative
18023,Own-child
18023,Wife
17415,Husband
17415,Not-in-family
17415,Other-relative
17415,Own-child
17415,Unmarried
17415,Wife
31448,Husband
31448,Other-relative
31448,Own-child
31448,Wife
47964,Husband
47964,Not-in-family
47964,Other-relative
47964,Own-child
47964,Unmarried
47964,Wife
23564,Not-in-family
23564,Unmarried
1194,Husband
1194,Other-relative
1194,Own-child
1194,Wife
4455,Husband
4455,Not-in-family
4455,Other-relative
4455,Own-child
4455,Unmarried
4455,Wife
823,Not-in-family
823,Unmarried
31210,Husband
31210,Not-in-family
31210,Other-relative
31210,Own-child
31210,Unmarried
31210,Wife
38238,Husband
38238,Not-in-family
38238,Other-relative
38238,Own-child
38238,Unmarried
38238,Wife
35024,Husband
35024,Not-in-family
35024,Other-relative
35024,Own-child
35024,Unmarried
35024,Wife
22041,Husband
22041,Not-in-family
22041,Other-relative
22041,Own-child
22041,Unmarried
22041,Wife
20857,Husband
20857,Other-relative
20857,Own-child
20857,Wife
22640,Husband
22640,Other-relative
22640,Own-child
22640,Wife
27122,Husband
27122,Not-in-family
27122,Other-relative
27122,Own-child
27122,Unmarried
27122,Wife
16480,Husband
16480,Not-in-family
16480,Other-relative
16480,Own-child
16480,Unmarried
16480,Wife
23107,Husband
23107,Not-in-family
23107,Other-relative
23107,Own-child
23107,Unmarried
23107,Wife
43585,Husband
43585,Not-in-family
43585,Other-relative
43585,Own-child
43585,Unmarried
43585,Wife
27295,Husband
27295,Other-relative
27295,Own-child
27295,Wife
11476,Husband
11476,Other-relative
11476,Own-child
11476,Wife
27749,Husband
27749,Other-relative
27749,Own-child
27749,Wife
44263,Not-in-family
44263,Unmarried
402,Husband
402,Other-relative
402,Own-child
402,Wife
26714,Husband
26714,Other-relative
26714,Own-child
26714,Wife
35593,Husband
35593,Other-relative
35593,Own-child
35593,Wife
26429,Husband
26429,Not-in-family
26429,Other-relative
26429,Own-child
26429,Unmarried
26429,Wife
27602,Husband
27602,Not-in-family
27602,Other-relative
27602,Own-child
27602,Unmarried
27602,Wife
43720,Husband
43720,Other-relative
43720,Own-child
43720,Wife
8056,Husband
8056,Not-in-family
8056,Other-relative
8056,Own-child
8056,Unmarried
8056,Wife
13581,Husband
13581,Not-in-family
13581,Other-relative
13581,Own-child
13581,Unmarried
13581,Wife
47392,Husband
47392,Not-in-family
47392,Other-relative
47392,Own-child
47392,Unmarried
47392,Wife
27147,Not-in-family
27147,Unmarried
9565,Husband
9565,Not-in-family
9565,Other-relative
9565,Own-child
9565,Unmarried
9565,Wife
21952,Husband
21952,Not-in-family
21952,Other-relative
21952,Own-child
21952,Unmarried
21952,Wife
18279,Husband
18279,Other-relative
18279,Own-child
18279,Wife
8339,Husband
8339,Other-relative
8339,Own-child
8339,Wife
34890,Husband
34890,Other-relative
34890,Own-child
34890,Wife
30669,Husband
30669,Not-in-family
30669,Other-relative
30669,Own-child
30669,Unmarried
30669,Wife
4232,Husband
4232,Not-in-family
4232,Other-relative
4232,Own-child
4232,Unmarried
4232,Wife
20323,Not-in-family
20323,Unmarried
27957,Husband
27957,Other-relative
27957,Own-child
27957,Wife
14024,Husband
14024,Not-in-family
14024,Other-relative
14024,Own-child
14024,Unmarried
14024,Wife
19778,Not-in-family
19778,Unmarried
47238,Husband
47238,Not-in-family
47238,Other-relative
47238,Own-child
47238,Unmarried
47238,Wife
38831,Husband
38831,Other-relative
38831,Own-child
38831,Wife
25862,Husband
25862,Other-relative
25862,Own-child
25862,Wife
34553,Husband
34553,Other-relative
34553,Own-child
34553,Wife
36165,Not-in-family
36165,Unmarried
45447,Husband
45447,Other-relative
45447,Own-child
45447,Wife
37111,Husband
37111,Not-in-family
37111,Other-relative
37111,Own-child
37111,Unmarried
37111,Wife
15015,Husband
15015,Not-in-family
15015,Other-relative
15015,Own-child
15015,Unmarried
15015,Wife
10893,Husband
10893,Not-in-family
10893,Other-relative
10893,Own-child
10893,Unmarried
10893,Wife
6366,Husband
6366,Not-in-family
6366,Other-relative
6366,Own-child
6366,Unmarried
6366,Wife
22859,Husband
22859,Not-in-family
22859,Other-relative
22859,Own-child
22859,Unmarried
22859,Wife
4415,Not-in-family
4415,Unmarried
4787,Husband
4787,Not-in-family
4787,Other-relative
4787,Own-child
4787,Unmarried
4787,Wife
36016,Husband
36016,Other-relative
36016,Own-child
36016,Wife
2361,Husband
2361,Not-in-family
2361,Other-relative
2361,Own-child
2361,Unmarried
2361,Wife
42758,Husband
42758,Not-in-family
42758,Other-relative
42758,Own-child
42758,Unmarried
42758,Wife
11671,Husband
11671,Not-in-family
11671,Other-relative
11671,Own-child
11671,Unmarried
11671,Wife
40245,Husband
40245,Not-in-family
40245,Other-relative
40245,Own-child
40245,Unmarried
40245,Wife
11754,Husband
11754,Other-relative
11754,Own-child
11754,Wife
13923,Husband
13923,Not-in-family
13923,Other-relative
13923,Own-child
13923,Unmarried
13923,Wife
46147,Husband
46147,Not-in-family
46147,Other-relative
46147,Own-child
46147,Unmarried
46147,Wife
2474,Husband
2474,Not-in-family
2474,Other-relative
2474,Own-child
2474,Unmarried
2474,Wife
31812,Husband
31812,Other-relative
31812,Own-child
31812,Wife
10115,Husband
10115,Other-relative
10115,Own-child
10115,Wife
46705,Husband
46705,Not-in-family
46705,Other-relative
46705,Own-child
46705,Unmarried
46705,Wife
28232,Husband
28232,Not-in-family
28232,Other-relative
28232,Own-child
28232,Unmarried
28232,Wife
36532,Husband
36532,Other-relative
36532,Own-child
36532,Wife
37913,Not-in-family
37913,Unmarried
11381,Husband
11381,Not-in-family
11381,Other-relative
11381,Own-child
11381,Unmarried
11381,Wife
41603,Husband
41603,Other-relative
41603,Own-child
41603,Wife
31110,Husband
31110,Not-in-family
31110,Other-relative
31110,Own-child
31110,Unmarried
31110,Wife
35439,Husband
35439,Other-relative
35439,Own-child
35439,Wife
44560,Husband
44560,Not-in-family
44560,Other-relative
44560,Own-child
44560,Unmarried
44560,Wife
38991,Husband
38991,Not-in-family
38991,Other-relative
38991,Own-child
38991,Unmarried
38991,Wife
14775,Husband
14775,Other-relative
14775,Own-child
14775,Wife
19782,Not-in-family
19782,Unmarried
2301,Husband
2301,Not-in-family
2301,Other-relative
2301,Own-child
2301,Unmarried
2301,Wife
48010,Husband
48010,Other-relative
48010,Own-child
48010,Wife
24722,Husband
24722,Not-in-family
24722,Other-relative
24722,Own-child
24722,Unmarried
24722,Wife
46505,Not-in-family
46505,Unmarried
13912,Husband
13912,Not-in-family
13912,Other-relative
13912,Own-child
13912,Unmarried
13912,Wife
42068,Husband
42068,Other-relative
42068,Own-child
42068,Wife
31632,Husband
31632,Not-in-family
31632,Other-relative
31632,Own-child
31632,Unmarried
31632,Wife
42365,Husband
42365,Not-in-family
42365,Other-relative
42365,Own-child
42365,Unmarried
42365,Wife
40326,Husband
40326,Other-relative
40326,Own-child
40326,Wife
8233,Husband
8233,Other-relative
8233,Own-child
8233,Wife
22503,Husband
22503,Not-in-family
22503,Other-relative
22503,Own-child
22503,Unmarried
22503,Wife
44870,Husband
44870,Other-relative
44870,Own-child
44870,Wife
6984,Husband
6984,Not-in-family
6984,Other-relative
6984,Own-child
6984,Unmarried
6984,Wife
31147,Husband
31147,Not-in-family
31147,Other-relative
31147,Own-child
31147,Unmarried
31147,Wife
46722,Husband
46722,Not-in-family
46722,Other-relative
46722,Own-child
46722,Unmarried
46722,Wife
28746,Husband
28746,Not-in-family
28746,Other-relative
28746,Own-child
28746,Unmarried
28746,Wife
36723,Husband
36723,Not-in-family
36723,Other-relative
36723,Own-child
36723,Unmarried
36723,Wife
21307,Husband
21307,Not-in-family
21307,Other-relative
21307,Own-child
21307,Unmarried
21307,Wife
33423,Not-in-family
33423,Unmarried
10558,Husband
10558,Not-in-family
10558,Other-relative
10558,Own-child
10558,Unmarried
10558,Wife
45782,Husband
45782,Not-in-family
45782,Other-relative
45782,Own-child
45782,Unmarried
45782,Wife
28670,Not-in-family
28670,Unmarried
6385,Husband
6385,Not-in-family
6385,Other-relative
6385,Own-child
6385,Unmarried
6385,Wife
25428,Not-in-family
25428,Unmarried
10983,Husband
10983,Not-in-family
10983,Other-relative
10983,Own-child
10983,Unmarried
10983,Wife
17373,Husband
17373,Other-relative
17373,Own-child
17373,Wife
18594,Husband
18594,Not-in-family
18594,Other-relative
18594,Own-child
18594,Unmarried
18594,Wife
30223,Husband
30223,Not-in-family
30223,Other-relative
30223,Own-child
30223,Unmarried
30223,Wife
36023,Husband
36023,Not-in-family
36023,Other-relative
36023,Own-child
36023,Unmarried
36023,Wife
40702,Husband
40702,Not-in-family
40702,Other-relative
40702,Own-child
40702,Unmarried
40702,Wife
32586,Husband
32586,Not-in-family
32586,Other-relative
32586,Own-child
32586,Unmarried
32586,Wife
37693,Husband
37693,Other-relative
37693,Own-child
37693,Wife
235,Husband
235,Other-relative
235,Own-child
235,Wife
42050,Husband
42050,Not-in-family
42050,Other-relative
42050,Own-child
42050,Unmarried
42050,Wife
5538,Husband
5538,Not-in-family
5538,Other-relative
5538,Own-child
5538,Unmarried
5538,Wife
37068,Husband
37068,Other-relative
37068,Own-child
37068,Wife
18152,Husband
18152,Not-in-family
18152,Other-relative
18152,Own-child
18152,Unmarried
18152,Wife
31868,Not-in-family
31868,Unmarried
13870,Husband
13870,Other-relative
13870,Own-child
13870,Wife
43437,Husband
43437,Not-in-family
43437,Other-relative
43437,Own-child
43437,Unmarried
43437,Wife
6372,Husband
6372,Not-in-family
6372,Other-relative
6372,Own-child
6372,Unmarried
6372,Wife
25496,Husband
25496,Not-in-family
25496,Other-relative
25496,Own-child
25496,Unmarried
25496,Wife
13809,Husband
13809,Other-relative
13809,Own-child
13809,Wife
34486,Husband
34486,Not-in-family
34486,Other-relative
34486,Own-child
34486,Unmarried
34486,Wife
24954,Husband
24954,Other-relative
24954,Own-child
24954,Wife
45247,Husband
45247,Not-in-family
45247,Other-relative
45247,Own-child
45247,Unmarried
45247,Wife
41268,Husband
41268,Not-in-family
41268,Other-relative
41268,Own-child
41268,Unmarried
41268,Wife
32096,Husband
32096,Not-in-family
32096,Other-relative
32096,Own-child
32096,Unmarried
32096,Wife
41100,Husband
41100,Other-relative
41100,Own-child
41100,Wife
33847,Husband
33847,Not-in-family
33847,Other-relative
33847,Own-child
33847,Unmarried
33847,Wife
10282,Husband
10282,Other-relative
10282,Own-child
10282,Wife
29283,Not-in-family
29283,Unmarried
10259,Not-in-family
10259,Unmarried
22238,Husband
22238,Other-relative
22238,Own-child
22238,Wife
20458,Husband
20458,Not-in-family
20458,Other-relative
20458,Own-child
20458,Unmarried
20458,Wife
2967,Not-in-family
2967,Unmarried
36006,Husband
36006,Not-in-family
36006,Other-relative
36006,Own-child
36006,Unmarried
36006,Wife
20237,Not-in-family
20237,Unmarried
7986,Husband
7986,Other-relative
7986,Own-child
7986,Wife
38913,Husband
38913,Not-in-family
38913,Other-relative
38913,Own-child
38913,Unmarried
38913,Wife
46996,Husband
46996,Not-in-family
46996,Other-relative
46996,Own-child
46996,Unmarried
46996,Wife
16739,Husband
16739,Not-in-family
16739,Other-relative
16739,Own-child
16739,Unmarried
16739,Wife
7420,Husband
7420,Other-relative
7420,Own-child
7420,Wife
20700,Husband
20700,Not-in-family
20700,Other-relative
20700,Own-child
20700,Unmarried
20700,Wife
20100,Husband
20100,Not-in-family
20100,Other-relative
20100,Own-child
20100,Unmarried
20100,Wife
23083,Husband
23083,Other-relative
23083,Own-child
23083,Wife
40810,Husband
40810,Other-relative
40810,Own-child
40810,Wife
29008,Husband
29008,Not-in-family
29008,Other-relative
29008,Own-child
29008,Unmarried
29008,Wife
41781,Husband
41781,Other-relative
41781,Own-child
41781,Wife
16673,Husband
16673,Other-relative
16673,Own-child
16673,Wife
12261,Husband
12261,Not-in-family
12261,Other-relative
12261,Own-child
12261,Unmarried
12261,Wife
41417,Husband
41417,Other-relative
41417,Own-child
41417,Wife
43486,Husband
43486,Not-in-family
43486,Other-relative
43486,Own-child
43486,Unmarried
43486,Wife
6949,Husband
6949,Not-in-family
6949,Other-relative
6949,Own-child
6949,Unmarried
6949,Wife
1847,Husband
1847,Other-relative
1847,Own-child
1847,Wife
29683,Husband
29683,Not-in-family
29683,Other-relative
29683,Own-child
29683,Unmarried
29683,Wife
38899,Husband
38899,Other-relative
38899,Own-child
38899,Wife
6322,Husband
6322,Not-in-family
6322,Other-relative
6322,Own-child
6322,Unmarried
6322,Wife
43061,Husband
43061,Other-relative
43061,Own-child
43061,Wife
46924,Husband
46924,Not-in-family
46924,Other-relative
46924,Own-child
46924,Unmarried
46924,Wife
6309,Not-in-family
6309,Unmarried
27208,Husband
27208,Not-in-family
27208,Other-relative
27208,Own-child
27208,Unmarried
27208,Wife
276,Husband
276,Other-relative
276,Own-child
276,Wife
9080,Husband
9080,Other-relative
9080,Own-child
9080,Wife
22421,Husband
22421,Not-in-family
22421,Other-relative
22421,Own-child
22421,Unmarried
22421,Wife
5948,Husband
5948,Other-relative
5948,Own-child
5948,Wife
4954,Not-in-family
4954,Unmarried
6330,Husband
6330,Other-relative
6330,Own-child
6330,Wife
38064,Husband
38064,Other-relative
38064,Own-child
38064,Wife
17069,Not-in-family
17069,Unmarried
20593,Husband
20593,Not-in-family
20593,Other-relative
20593,Own-child
20593,Unmarried
20593,Wife
40685,Husband
40685,Other-relative
40685,Own-child
40685,Wife
16753,Husband
16753,Other-relative
16753,Own-child
16753,Wife
41601,Husband
41601,Not-in-family
41601,Other-relative
41601,Own-child
41601,Unmarried
41601,Wife
1154,Husband
1154,Other-relative
1154,Own-child
1154,Wife
33380,Husband
33380,Not-in-family
33380,Other-relative
33380,Own-child
33380,Unmarried
33380,Wife
32584,Not-in-family
32584,Unmarried
34265,Husband
34265,Not-in-family
34265,Other-relative
34265,Own-child
34265,Unmarried
34265,Wife
36915,Not-in-family
36915,Unmarried
36292,Husband
36292,Other-relative
36292,Own-child
36292,Wife
27955,Husband
27955,Other-relative
27955,Own-child
27955,Wife
7388,Not-in-family
7388,Unmarried
29894,Not-in-family
29894,Unmarried
10096,Husband
10096,Other-relative
10096,Own-child
10096,Wife
7887,Husband
7887,Other-relative
7887,Own-child
7887,Wife
30770,Husband
30770,Other-relative
30770,Own-child
30770,Wife
5210,Husband
5210,Not-in-family
5210,Other-relative
5210,Own-child
5210,Unmarried
5210,Wife
40725,Husband
40725,Not-in-family
40725,Other-relative
40725,Own-child
40725,Unmarried
40725,Wife
5724,Husband
5724,Other-relative
5724,Own-child
5724,Wife
5622,Husband
5622,Not-in-family
5622,Other-relative
5622,Own-child
5622,Unmarried
5622,Wife
46839,Husband
46839,Other-relative
46839,Own-child
46839,Wife
45844,Husband
45844,Other-relative
45844,Own-child
45844,Wife
9036,Husband
9036,Other-relative
9036,Own-child
9036,Wife
25192,Husband
25192,Other-relative
25192,Own-child
25192,Wife
45714,Not-in-family
45714,Unmarried
15886,Husband
15886,Not-in-family
15886,Other-relative
15886,Own-child
15886,Unmarried
15886,Wife
39461,Husband
39461,Other-relative
39461,Own-child
39461,Wife
42967,Husband
42967,Not-in-family
42967,Other-relative
42967,Own-child
42967,Unmarried
42967,Wife
39177,Not-in-family
39177,Unmarried
34838,Not-in-family
34838,Unmarried
33610,Husband
33610,Other-relative
33610,Own-child
33610,Wife
29102,Husband
29102,Not-in-family
29102,Other-relative
29102,Own-child
29102,Unmarried
29102,Wife
1973,Husband
1973,Not-in-family
1973,Other-relative
1973,Own-child
1973,Unmarried
1973,Wife
23309,Not-in-family
23309,Unmarried
12682,Husband
12682,Other-relative
12682,Own-child
12682,Wife
34357,Not-in-family
34357,Unmarried
46698,Husband
46698,Other-relative
46698,Own-child
46698,Wife
23673,Husband
23673,Not-in-family
23673,Other-relative
23673,Own-child
23673,Unmarried
23673,Wife
2232,Husband
2232,Not-in-family
2232,Other-relative
2232,Own-child
2232,Unmarried
2232,Wife
21661,Husband
21661,Other-relative
21661,Own-child
21661,Wife
11668,Husband
11668,Other-relative
11668,Own-child
11668,Wife
36843,Husband
36843,Not-in-family
36843,Other-relative
36843,Own-child
36843,Unmarried
36843,Wife
8173,Husband
8173,Not-in-family
8173,Other-relative
8173,Own-child
8173,Unmarried
8173,Wife
25410,Husband
25410,Other-relative
25410,Own-child
25410,Wife
923,Husband
923,Other-relative
923,Own-child
923,Wife
31614,Husband
31614,Other-relative
31614,Own-child
31614,Wife
30825,Husband
30825,Not-in-family
30825,Other-relative
30825,Own-child
30825,Unmarried
30825,Wife
13358,Husband
13358,Other-relative
13358,Own-child
13358,Wife
32575,Husband
32575,Not-in-family
32575,Other-relative
32575,Own-child
32575,Unmarried
32575,Wife
1535,Husband
1535,Not-in-family
1535,Other-relative
1535,Own-child
1535,Unmarried
1535,Wife
17562,Not-in-family
17562,Unmarried
44839,Husband
44839,Not-in-family
44839,Other-relative
44839,Own-child
44839,Unmarried
44839,Wife
34112,Husband
34112,Other-relative
34112,Own-child
34112,Wife
34378,Husband
34378,Not-in-family
34378,Other-relative
34378,Own-child
34378,Unmarried
34378,Wife
6624,Husband
6624,Not-in-family
6624,Other-relative
6624,Own-child
6624,Unmarried
6624,Wife
34795,Husband
34795,Not-in-family
34795,Other-relative
34795,Own-child
34795,Unmarried
34795,Wife
27618,Husband
27618,Not-in-family
27618,Other-relative
27618,Own-child
27618,Unmarried
27618,Wife
45812,Husband
45812,Not-in-family
45812,Other-relative
45812,Own-child
45812,Unmarried
45812,Wife
16851,Husband
16851,Other-relative
16851,Own-child
16851,Wife
19257,Husband
19257,Not-in-family
19257,Other-relative
19257,Own-child
19257,Unmarried
19257,Wife
6316,Husband
6316,Not-in-family
6316,Other-relative
6316,Own-child
6316,Unmarried
6316,Wife
3080,Husband
3080,Not-in-family
3080,Other-relative
3080,Own-child
3080,Unmarried
3080,Wife
15529,Husband
15529,Other-relative
15529,Own-child
15529,Wife
185,Husband
185,Other-relative
185,Own-child
185,Wife
2766,Husband
2766,Other-relative
2766,Own-child
2766,Wife
34337,Husband
34337,Not-in-family
34337,Other-relative
34337,Own-child
34337,Unmarried
34337,Wife
31873,Husband
31873,Not-in-family
31873,Other-relative
31873,Own-child
31873,Unmarried
31873,Wife
9196,Not-in-family
9196,Unmarried
8466,Husband
8466,Not-in-family
8466,Other-relative
8466,Own-child
8466,Unmarried
8466,Wife
17492,Husband
17492,Other-relative
17492,Own-child
17492,Wife
8583,Not-in-family
8583,Unmarried
40837,Husband
40837,Other-relative
40837,Own-child
40837,Wife
6013,Not-in-family
6013,Unmarried
15075,Husband
15075,Not-in-family
15075,Other-relative
15075,Own-child
15075,Unmarried
15075,Wife
4514,Husband
4514,Other-relative
4514,Own-child
4514,Wife
20013,Not-in-family
20013,Unmarried
32762,Husband
32762,Not-in-family
32762,Other-relative
32762,Own-child
32762,Unmarried
32762,Wife
17797,Husband
17797,Not-in-family
17797,Other-relative
17797,Own-child
17797,Unmarried
17797,Wife
37982,Husband
37982,Not-in-family
37982,Other-relative
37982,Own-child
37982,Unmarried
37982,Wife
22800,Husband
22800,Not-in-family
22800,Other-relative
22800,Own-child
22800,Unmarried
22800,Wife
15767,Husband
15767,Other-relative
15767,Own-child
15767,Wife
21982,Not-in-family
21982,Unmarried
6055,Husband
6055,Not-in-family
6055,Other-relative
6055,Own-child
6055,Unmarried
6055,Wife
10838,Not-in-family
10838,Unmarried
41292,Husband
41292,Other-relative
41292,Own-child
41292,Wife
3712,Husband
3712,Other-relative
3712,Own-child
3712,Wife
43989,Husband
43989,Not-in-family
43989,Other-relative
43989,Own-child
43989,Unmarried
43989,Wife
24137,Husband
24137,Other-relative
24137,Own-child
24137,Wife
46826,Not-in-family
46826,Unmarried
47016,Husband
47016,Not-in-family
47016,Other-relative
47016,Own-child
47016,Unmarried
47016,Wife
43313,Husband
43313,Not-in-family
43313,Other-relative
43313,Own-child
43313,Unmarried
43313,Wife
4996,Husband
4996,Other-relative
4996,Own-child
4996,Wife
34305,Husband
34305,Other-relative
34305,Own-child
34305,Wife
38781,Husband
38781,Not-in-family
38781,Other-relative
38781,Own-child
38781,Unmarried
38781,Wife
41483,Husband
41483,Not-in-family
41483,Other-relative
41483,Own-child
41483,Unmarried
41483,Wife
18241,Husband
18241,Not-in-family
18241,Other-relative
18241,Own-child
18241,Unmarried
18241,Wife
6871,Not-in-family
6871,Unmarried
22963,Husband
22963,Not-in-family
22963,Other-relative
22963,Own-child
22963,Unmarried
22963,Wife
34941,Husband
34941,Not-in-family
34941,Other-relative
34941,Own-child
34941,Unmarried
34941,Wife
15017,Husband
15017,Other-relative
15017,Own-child
15017,Wife
22051,Husband
22051,Other-relative
22051,Own-child
22051,Wife
25563,Husband
25563,Not-in-family
25563,Other-relative
25563,Own-child
25563,Unmarried
25563,Wife
36596,Husband
36596,Other-relative
36596,Own-child
36596,Wife
4557,Not-in-family
4557,Unmarried
44597,Husband
44597,Other-relative
44597,Own-child
44597,Wife
956,Husband
956,Not-in-family
956,Other-relative
956,Own-child
956,Unmarried
956,Wife
38276,Husband
38276,Other-relative
38276,Own-child
38276,Wife
17245,Husband
17245,Not-in-family
17245,Other-relative
17245,Own-child
17245,Unmarried
17245,Wife
38257,Husband
38257,Other-relative
38257,Own-child
38257,Wife
29665,Husband
29665,Other-relative
29665,Own-child
29665,Wife
14630,Husband
14630,Not-in-family
14630,Other-relative
14630,Own-child
14630,Unmarried
14630,Wife
40786,Husband
40786,Not-in-family
40786,Other-relative
40786,Own-child
40786,Unmarried
40786,Wife
6661,Husband
6661,Not-in-family
6661,Other-relative
6661,Own-child
6661,Unmarried
6661,Wife
19681,Husband
19681,Not-in-family
19681,Other-relative
19681,Own-child
19681,Unmarried
19681,Wife
2289,Husband
2289,Other-relative
2289,Own-child
2289,Wife
14620,Husband
14620,Not-in-family
14620,Other-relative
14620,Own-child
14620,Unmarried
14620,Wife
1362,Not-in-family
1362,Unmarried
34691,Husband
34691,Not-in-family
34691,Other-relative
34691,Own-child
34691,Unmarried
34691,Wife
14951,Husband
14951,Other-relative
14951,Own-child
14951,Wife
38842,Husband
38842,Other-relative
38842,Own-child
38842,Wife
16889,Husband
16889,Not-in-family
16889,Other-relative
16889,Own-child
16889,Unmarried
16889,Wife
22827,Husband
22827,Not-in-family
22827,Other-relative
22827,Own-child
22827,Unmarried
22827,Wife
25418,Not-in-family
25418,Unmarried
26500,Not-in-family
26500,Unmarried
30228,Not-in-family
30228,Unmarried
45301,Husband
45301,Not-in-family
45301,Other-relative
45301,Own-child
45301,Unmarried
45301,Wife
18274,Husband
18274,Not-in-family
18274,Other-relative
18274,Own-child
18274,Unmarried
18274,Wife
14543,Not-in-family
14543,Unmarried
26407,Husband
26407,Other-relative
26407,Own-child
26407,Wife
33947,Husband
33947,Not-in-family
33947,Other-relative
33947,Own-child
33947,Unmarried
33947,Wife
42258,Husband
42258,Not-in-family
42258,Other-relative
42258,Own-child
42258,Unmarried
42258,Wife
32127,Husband
32127,Not-in-family
32127,Other-relative
32127,Own-child
32127,Unmarried
32127,Wife
15437,Husband
15437,Not-in-family
15437,Other-relative
15437,Own-child
15437,Unmarried
15437,Wife
2683,Husband
2683,Not-in-family
2683,Other-relative
2683,Own-child
2683,Unmarried
2683,Wife
42453,Husband
42453,Not-in-family
42453,Other-relative
42453,Own-child
42453,Unmarried
42453,Wife
36454,Husband
36454,Not-in-family
36454,Other-relative
36454,Own-child
36454,Unmarried
36454,Wife
44497,Husband
44497,Not-in-family
44497,Other-relative
44497,Own-child
44497,Unmarried
44497,Wife
29207,Husband
29207,Not-in-family
29207,Other-relative
29207,Own-child
29207,Unmarried
29207,Wife
12712,Husband
12712,Other-relative
12712,Own-child
12712,Wife
32277,Not-in-family
32277,Unmarried
7098,Not-in-family
7098,Unmarried
41112,Husband
41112,Other-relative
41112,Own-child
41112,Wife
38026,Husband
38026,Other-relative
38026,Own-child
38026,Wife
26890,Husband
26890,Not-in-family
26890,Other-relative
26890,Own-child
26890,Unmarried
26890,Wife
45984,Not-in-family
45984,Unmarried
19693,Husband
19693,Not-in-family
19693,Other-relative
19693,Own-child
19693,Unmarried
19693,Wife
23134,Husband
23134,Other-relative
23134,Own-child
23134,Wife
9612,Husband
9612,Not-in-family
9612,Other-relative
9612,Own-child
9612,Unmarried
9612,Wife
40196,Husband
40196,Not-in-family
40196,Other-relative
40196,Own-child
40196,Unmarried
40196,Wife
29282,Husband
29282,Not-in-family
29282,Other-relative
29282,Own-child
29282,Unmarried
29282,Wife
27968,Husband
27968,Other-relative
27968,Own-child
27968,Wife
27586,Husband
27586,Other-relative
27586,Own-child
27586,Wife
18852,Husband
18852,Not-in-family
18852,Other-relative
18852,Own-child
18852,Unmarried
18852,Wife
5226,Husband
5226,Not-in-family
5226,Other-relative
5226,Own-child
5226,Unmarried
5226,Wife
45121,Husband
45121,Other-relative
45121,Own-child
45121,Wife
46654,Husband
46654,Not-in-family
46654,Other-relative
46654,Own-child
46654,Unmarried
46654,Wife
33781,Husband
33781,Not-in-family
33781,Other-relative
33781,Own-child
33781,Unmarried
33781,Wife
35794,Husband
35794,Not-in-family
35794,Other-relative
35794,Own-child
35794,Unmarried
35794,Wife
5986,Not-in-family
5986,Unmarried
48256,Husband
48256,Not-in-family
48256,Other-relative
48256,Own-child
48256,Unmarried
48256,Wife
6363,Husband
6363,Other-relative
6363,Own-child
6363,Wife
3752,Husband
3752,Not-in-family
3752,Other-relative
3752,Own-child
3752,Unmarried
3752,Wife
33288,Not-in-family
33288,Unmarried
33008,Husband
33008,Not-in-family
33008,Other-relative
33008,Own-child
33008,Unmarried
33008,Wife
35006,Husband
35006,Not-in-family
35006,Other-relative
35006,Own-child
35006,Unmarried
35006,Wife
11100,Husband
11100,Not-in-family
11100,Other-relative
11100,Own-child
11100,Unmarried
11100,Wife
37084,Not-in-family
37084,Unmarried
23327,Husband
23327,Not-in-family
23327,Other-relative
23327,Own-child
23327,Unmarried
23327,Wife
14958,Husband
14958,Not-in-family
14958,Other-relative
14958,Own-child
14958,Unmarried
14958,Wife
12060,Husband
12060,Not-in-family
12060,Other-relative
12060,Own-child
12060,Unmarried
12060,Wife
32894,Not-in-family
32894,Unmarried
40512,Husband
40512,Other-relative
40512,Own-child
40512,Wife
37710,Husband
37710,Not-in-family
37710,Other-relative
37710,Own-child
37710,Unmarried
37710,Wife
35649,Husband
35649,Not-in-family
35649,Other-relative
35649,Own-child
35649,Unmarried
35649,Wife
45431,Not-in-family
45431,Unmarried
16447,Husband
16447,Other-relative
16447,Own-child
16447,Wife
3845,Husband
3845,Other-relative
3845,Own-child
3845,Wife
29985,Husband
29985,Not-in-family
29985,Other-relative
29985,Own-child
29985,Unmarried
29985,Wife
35633,Not-in-family
35633,Unmarried
48774,Husband
48774,Other-relative
48774,Own-child
48774,Wife
35774,Husband
35774,Other-relative
35774,Own-child
35774,Wife
35919,Not-in-family
35919,Unmarried
27760,Not-in-family
27760,Unmarried
14436,Not-in-family
14436,Unmarried
48705,Husband
48705,Not-in-family
48705,Other-relative
48705,Own-child
48705,Unmarried
48705,Wife
26152,Husband
26152,Not-in-family
26152,Other-relative
26152,Own-child
26152,Unmarried
26152,Wife
43774,Not-in-family
43774,Unmarried
5783,Husband
5783,Other-relative
5783,Own-child
5783,Wife
47063,Husband
47063,Not-in-family
47063,Other-relative
47063,Own-child
47063,Unmarried
47063,Wife
37960,Husband
37960,Not-in-family
37960,Other-relative
37960,Own-child
37960,Unmarried
37960,Wife
33626,Not-in-family
33626,Unmarried
11478,Husband
11478,Other-relative
11478,Own-child
11478,Wife
34725,Not-in-family
34725,Unmarried
10114,Not-in-family
10114,Unmarried
27629,Husband
27629,Not-in-family
27629,Other-relative
27629,Own-child
27629,Unmarried
27629,Wife
24321,Not-in-family
24321,Unmarried
40861,Husband
40861,Other-relative
40861,Own-child
40861,Wife
1941,Husband
1941,Other-relative
1941,Own-child
1941,Wife
27451,Husband
27451,Not-in-family
27451,Other-relative
27451,Own-child
27451,Unmarried
27451,Wife
38487,Husband
38487,Not-in-family
38487,Other-relative
38487,Own-child
38487,Unmarried
38487,Wife
26369,Husband
26369,Other-relative
26369,Own-child
26369,Wife
2335,Husband
2335,Not-in-family
2335,Other-relative
2335,Own-child
2335,Unmarried
2335,Wife
42180,Husband
42180,Not-in-family
42180,Other-relative
42180,Own-child
42180,Unmarried
42180,Wife
44745,Husband
44745,Other-relative
44745,Own-child
44745,Wife
33759,Husband
33759,Not-in-family
33759,Other-relative
33759,Own-child
33759,Unmarried
33759,Wife
10934,Husband
10934,Other-relative
10934,Own-child
10934,Wife
47643,Husband
47643,Not-in-family
47643,Other-relative
47643,Own-child
47643,Unmarried
47643,Wife
5066,Husband
5066,Other-relative
5066,Own-child
5066,Wife
13903,Husband
13903,Not-in-family
13903,Other-relative
13903,Own-child
13903,Unmarried
13903,Wife
15249,Not-in-family
15249,Unmarried
18060,Husband
18060,Not-in-family
18060,Other-relative
18060,Own-child
18060,Unmarried
18060,Wife
16060,Not-in-family
16060,Unmarried
11817,Not-in-family
11817,Unmarried
23584,Husband
23584,Other-relative
23584,Own-child
23584,Wife
41109,Husband
41109,Other-relative
41109,Own-child
41109,Wife
43826,Husband
43826,Other-relative
43826,Own-child
43826,Wife
48023,Husband
48023,Not-in-family
48023,Other-relative
48023,Own-child
48023,Unmarried
48023,Wife
11494,Not-in-family
11494,Unmarried
36118,Husband
36118,Not-in-family
36118,Other-relative
36118,Own-child
36118,Unmarried
36118,Wife
31674,Husband
31674,Not-in-family
31674,Other-relative
31674,Own-child
31674,Unmarried
31674,Wife
30675,Husband
30675,Not-in-family
30675,Other-relative
30675,Own-child
30675,Unmarried
30675,Wife
36094,Husband
36094,Other-relative
36094,Own-child
36094,Wife
30979,Husband
30979,Not-in-family
30979,Other-relative
30979,Own-child
30979,Unmarried
30979,Wife
30462,Husband
30462,Not-in-family
30462,Other-relative
30462,Own-child
30462,Unmarried
30462,Wife
45793,Husband
45793,Other-relative
45793,Own-child
45793,Wife
11233,Husband
11233,Not-in-family
11233,Other-relative
11233,Own-child
11233,Unmarried
11233,Wife
23777,Husband
23777,Not-in-family
23777,Other-relative
23777,Own-child
23777,Unmarried
23777,Wife
9257,Husband
9257,Other-relative
9257,Own-child
9257,Wife
15676,Husband
15676,Other-relative
15676,Own-child
15676,Wife
15360,Husband
15360,Not-in-family
15360,Other-relative
15360,Own-child
15360,Unmarried
15360,Wife
38878,Husband
38878,Other-relative
38878,Own-child
38878,Wife
4425,Husband
4425,Not-in-family
4425,Other-relative
4425,Own-child
4425,Unmarried
4425,Wife
46076,Not-in-family
46076,Unmarried
4343,Husband
4343,Other-relative
4343,Own-child
4343,Wife
8638,Husband
8638,Other-relative
8638,Own-child
8638,Wife
35484,Not-in-family
35484,Unmarried
43004,Husband
43004,Not-in-family
43004,Other-relative
43004,Own-child
43004,Unmarried
43004,Wife
25919,Husband
25919,Not-in-family
25919,Other-relative
25919,Own-child
25919,Unmarried
25919,Wife
8688,Husband
8688,Other-relative
8688,Own-child
8688,Wife
40349,Husband
40349,Other-relative
40349,Own-child
40349,Wife
1520,Husband
1520,Other-relative
1520,Own-child
1520,Wife
3182,Husband
3182,Not-in-family
3182,Other-relative
3182,Own-child
3182,Unmarried
3182,Wife
2270,Not-in-family
2270,Unmarried
23160,Husband
23160,Not-in-family
23160,Other-relative
23160,Own-child
23160,Unmarried
23160,Wife
32614,Husband
32614,Not-in-family
32614,Other-relative
32614,Own-child
32614,Unmarried
32614,Wife
19900,Husband
19900,Not-in-family
19900,Other-relative
19900,Own-child
19900,Unmarried
19900,Wife
3326,Husband
3326,Not-in-family
3326,Other-relative
3326,Own-child
3326,Unmarried
3326,Wife
4727,Husband
4727,Other-relative
4727,Own-child
4727,Wife
25566,Husband
25566,Not-in-family
25566,Other-relative
25566,Own-child
25566,Unmarried
25566,Wife
32198,Husband
32198,Not-in-family
32198,Other-relative
32198,Own-child
32198,Unmarried
32198,Wife
38125,Husband
38125,Not-in-family
38125,Other-relative
38125,Own-child
38125,Unmarried
38125,Wife
10894,Not-in-family
10894,Unmarried
16301,Husband
16301,Not-in-family
16301,Other-relative
16301,Own-child
16301,Unmarried
16301,Wife
27554,Husband
27554,Not-in-family
27554,Other-relative
27554,Own-child
27554,Unmarried
27554,Wife
33373,Husband
33373,Other-relative
33373,Own-child
33373,Wife
14786,Husband
14786,Not-in-family
14786,Other-relative
14786,Own-child
14786,Unmarried
14786,Wife
25611,Husband
25611,Other-relative
25611,Own-child
25611,Wife
16720,Husband
16720,Other-relative
16720,Own-child
16720,Wife
48627,Husband
48627,Other-relative
48627,Own-child
48627,Wife
32862,Husband
32862,Not-in-family
32862,Other-relative
32862,Own-child
32862,Unmarried
32862,Wife
15869,Husband
15869,Other-relative
15869,Own-child
15869,Wife
6062,Husband
6062,Not-in-family
6062,Other-relative
6062,Own-child
6062,Unmarried
6062,Wife
12078,Husband
12078,Other-relative
12078,Own-child
12078,Wife
10360,Not-in-family
10360,Unmarried
39924,Not-in-family
39924,Unmarried
26447,Husband
26447,Not-in-family
26447,Other-relative
26447,Own-child
26447,Unmarried
26447,Wife
47877,Husband
47877,Other-relative
47877,Own-child
47877,Wife
26927,Husband
26927,Other-relative
26927,Own-child
26927,Wife
32318,Husband
32318,Not-in-family
32318,Other-relative
32318,Own-child
32318,Unmarried
32318,Wife
44706,Husband
44706,Not-in-family
44706,Other-relative
44706,Own-child
44706,Unmarried
44706,Wife
41731,Husband
41731,Other-relative
41731,Own-child
41731,Wife
1541,Husband
1541,Not-in-family
1541,Other-relative
1541,Own-child
1541,Unmarried
1541,Wife
46080,Husband
46080,Not-in-family
46080,Other-relative
46080,Own-child
46080,Unmarried
46080,Wife
23108,Husband
23108,Other-relative
23108,Own-child
23108,Wife
21940,Husband
21940,Other-relative
21940,Own-child
21940,Wife
4421,Husband
4421,Not-in-family
4421,Other-relative
4421,Own-child
4421,Unmarried
4421,Wife
30495,Husband
30495,Other-relative
30495,Own-child
30495,Wife
11651,Husband
11651,Not-in-family
11651,Other-relative
11651,Own-child
11651,Unmarried
11651,Wife
24201,Husband
24201,Other-relative
24201,Own-child
24201,Wife
7434,Husband
7434,Not-in-family
7434,Other-relative
7434,Own-child
7434,Unmarried
7434,Wife
36201,Husband
36201,Not-in-family
36201,Other-relative
36201,Own-child
36201,Unmarried
36201,Wife
9363,Husband
9363,Other-relative
9363,Own-child
9363,Wife
29331,Husband
29331,Not-in-family
29331,Other-relative
29331,Own-child
29331,Unmarried
29331,Wife
30706,Husband
30706,Not-in-family
30706,Other-relative
30706,Own-child
30706,Unmarried
30706,Wife
16733,Not-in-family
16733,Unmarried
9016,Husband
9016,Other-relative
9016,Own-child
9016,Wife
17176,Husband
17176,Not-in-family
17176,Other-relative
17176,Own-child
17176,Unmarried
17176,Wife
46581,Husband
46581,Other-relative
46581,Own-child
46581,Wife
46852,Husband
46852,Other-relative
46852,Own-child
46852,Wife
38202,Husband
38202,Not-in-family
38202,Other-relative
38202,Own-child
38202,Unmarried
38202,Wife
15250,Husband
15250,Other-relative
15250,Own-child
15250,Wife
29402,Not-in-family
29402,Unmarried
10363,Husband
10363,Not-in-family
10363,Other-relative
10363,Own-child
10363,Unmarried
10363,Wife
26578,Not-in-family
26578,Unmarried
29537,Husband
29537,Not-in-family
29537,Other-relative
29537,Own-child
29537,Unmarried
29537,Wife
27872,Husband
27872,Other-relative
27872,Own-child
27872,Wife
41951,Husband
41951,Not-in-family
41951,Other-relative
41951,Own-child
41951,Unmarried
41951,Wife
5809,Not-in-family
5809,Unmarried
6767,Husband
6767,Not-in-family
6767,Other-relative
6767,Own-child
6767,Unmarried
6767,Wife
46427,Husband
46427,Other-relative
46427,Own-child
46427,Wife
26120,Husband
26120,Not-in-family
26120,Other-relative
26120,Own-child
26120,Unmarried
26120,Wife
10779,Husband
10779,Other-relative
10779,Own-child
10779,Wife
27439,Husband
27439,Other-relative
27439,Own-child
27439,Wife
15182,Husband
15182,Not-in-family
15182,Other-relative
15182,Own-child
15182,Unmarried
15182,Wife
34218,Husband
34218,Not-in-family
34218,Other-relative
34218,Own-child
34218,Unmarried
34218,Wife
38317,Husband
38317,Other-relative
38317,Own-child
38317,Wife
19216,Husband
19216,Not-in-family
19216,Other-relative
19216,Own-child
19216,Unmarried
19216,Wife
44051,Husband
44051,Not-in-family
44051,Other-relative
44051,Own-child
44051,Unmarried
44051,Wife
2971,Husband
2971,Other-relative
2971,Own-child
2971,Wife
21027,Husband
21027,Other-relative
21027,Own-child
21027,Wife
9301,Husband
9301,Other-relative
9301,Own-child
9301,Wife
39670,Husband
39670,Not-in-family
39670,Other-relative
39670,Own-child
39670,Unmarried
39670,Wife
33393,Husband
33393,Other-relative
33393,Own-child
33393,Wife
15169,Husband
15169,Not-in-family
15169,Other-relative
15169,Own-child
15169,Unmarried
15169,Wife
23063,Husband
23063,Not-in-family
23063,Other-relative
23063,Own-child
23063,Unmarried
23063,Wife
9973,Husband
9973,Other-relative
9973,Own-child
9973,Wife
34070,Not-in-family
34070,Unmarried
2070,Not-in-family
2070,Unmarried
3754,Husband
3754,Other-relative
3754,Own-child
3754,Wife
32729,Husband
32729,Not-in-family
32729,Other-relative
32729,Own-child
32729,Unmarried
32729,Wife
47127,Husband
47127,Other-relative
47127,Own-child
47127,Wife
8802,Not-in-family
8802,Unmarried
7064,Husband
7064,Not-in-family
7064,Other-relative
7064,Own-child
7064,Unmarried
7064,Wife
24928,Not-in-family
24928,Unmarried
20468,Husband
20468,Not-in-family
20468,Other-relative
20468,Own-child
20468,Unmarried
20468,Wife
8748,Husband
8748,Other-relative
8748,Own-child
8748,Wife
29156,Husband
29156,Not-in-family
29156,Other-relative
29156,Own-child
29156,Unmarried
29156,Wife
39128,Husband
39128,Not-in-family
39128,Other-relative
39128,Own-child
39128,Unmarried
39128,Wife
2055,Husband
2055,Other-relative
2055,Own-child
2055,Wife
5589,Husband
5589,Not-in-family
5589,Other-relative
5589,Own-child
5589,Unmarried
5589,Wife
13816,Not-in-family
13816,Unmarried
31606,Not-in-family
31606,Unmarried
24303,Husband
24303,Not-in-family
24303,Other-relative
24303,Own-child
24303,Unmarried
24303,Wife
32270,Husband
32270,Other-relative
32270,Own-child
32270,Wife
13770,Not-in-family
13770,Unmarried
40762,Husband
40762,Not-in-family
40762,Other-relative
40762,Own-child
40762,Unmarried
40762,Wife
11561,Not-in-family
11561,Unmarried
46510,Husband
46510,Not-in-family
46510,Other-relative
46510,Own-child
46510,Unmarried
46510,Wife
42499,Husband
42499,Other-relative
42499,Own-child
42499,Wife
29277,Husband
29277,Not-in-family
29277,Other-relative
29277,Own-child
29277,Unmarried
29277,Wife
7880,Husband
7880,Other-relative
7880,Own-child
7880,Wife
37533,Husband
37533,Other-relative
37533,Own-child
37533,Wife
45272,Not-in-family
45272,Unmarried
31466,Husband
31466,Not-in-family
31466,Other-relative
31466,Own-child
31466,Unmarried
31466,Wife
4490,Husband
4490,Not-in-family
4490,Other-relative
4490,Own-child
4490,Unmarried
4490,Wife
31240,Husband
31240,Other-relative
31240,Own-child
31240,Wife
7775,Husband
7775,Not-in-family
7775,Other-relative
7775,Own-child
7775,Unmarried
7775,Wife
23662,Husband
23662,Not-in-family
23662,Other-relative
23662,Own-child
23662,Unmarried
23662,Wife
6603,Husband
6603,Other-relative
6603,Own-child
6603,Wife
19542,Husband
19542,Other-relative
19542,Own-child
19542,Wife
9928,Not-in-family
9928,Unmarried
42904,Husband
42904,Not-in-family
42904,Other-relative
42904,Own-child
42904,Unmarried
42904,Wife
10033,Husband
10033,Not-in-family
10033,Other-relative
10033,Own-child
10033,Unmarried
10033,Wife
33364,Husband
33364,Other-relative
33364,Own-child
33364,Wife
22658,Husband
22658,Not-in-family
22658,Other-relative
22658,Own-child
22658,Unmarried
22658,Wife
7714,Husband
7714,Not-in-family
7714,Other-relative
7714,Own-child
7714,Unmarried
7714,Wife
37398,Husband
37398,Not-in-family
37398,Other-relative
37398,Own-child
37398,Unmarried
37398,Wife
43508,Husband
43508,Not-in-family
43508,Other-relative
43508,Own-child
43508,Unmarried
43508,Wife
12920,Husband
12920,Other-relative
12920,Own-child
12920,Wife
9670,Husband
9670,Not-in-family
9670,Other-relative
9670,Own-child
9670,Unmarried
9670,Wife
10507,Husband
10507,Not-in-family
10507,Other-relative
10507,Own-child
10507,Unmarried
10507,Wife
23345,Not-in-family
23345,Unmarried
26859,Husband
26859,Other-relative
26859,Own-child
26859,Wife
46585,Not-in-family
46585,Unmarried
45986,Husband
45986,Other-relative
45986,Own-child
45986,Wife
10963,Husband
10963,Not-in-family
10963,Other-relative
10963,Own-child
10963,Unmarried
10963,Wife
31185,Husband
31185,Other-relative
31185,Own-child
31185,Wife
33972,Husband
33972,Not-in-family
33972,Other-relative
33972,Own-child
33972,Unmarried
33972,Wife
29856,Husband
29856,Other-relative
29856,Own-child
29856,Wife
26754,Husband
26754,Other-relative
26754,Own-child
26754,Wife
45964,Not-in-family
45964,Unmarried
44622,Husband
44622,Other-relative
44622,Own-child
44622,Wife
1011,Husband
1011,Other-relative
1011,Own-child
1011,Wife
39921,Husband
39921,Other-relative
39921,Own-child
39921,Wife
21506,Husband
21506,Not-in-family
21506,Other-relative
21506,Own-child
21506,Unmarried
21506,Wife
24586,Husband
24586,Not-in-family
24586,Other-relative
24586,Own-child
24586,Unmarried
24586,Wife
9878,Husband
9878,Not-in-family
9878,Other-relative
9878,Own-child
9878,Unmarried
9878,Wife
13951,Husband
13951,Not-in-family
13951,Other-relative
13951,Own-child
13951,Unmarried
13951,Wife
39544,Husband
39544,Not-in-family
39544,Other-relative
39544,Own-child
39544,Unmarried
39544,Wife
37902,Husband
37902,Not-in-family
37902,Other-relative
37902,Own-child
37902,Unmarried
37902,Wife
33361,Husband
33361,Not-in-family
33361,Other-relative
33361,Own-child
33361,Unmarried
33361,Wife
21844,Husband
21844,Not-in-family
21844,Other-relative
21844,Own-child
21844,Unmarried
21844,Wife
11557,Husband
11557,Not-in-family
11557,Other-relative
11557,Own-child
11557,Unmarried
11557,Wife
34006,Not-in-family
34006,Unmarried
265,Husband
265,Not-in-family
265,Other-relative
265,Own-child
265,Unmarried
265,Wife
40854,Husband
40854,Other-relative
40854,Own-child
40854,Wife
36268,Not-in-family
36268,Unmarried
41816,Husband
41816,Not-in-family
41816,Other-relative
41816,Own-child
41816,Unmarried
41816,Wife
33530,Husband
33530,Not-in-family
33530,Other-relative
33530,Own-child
33530,Unmarried
33530,Wife
1481,Husband
1481,Other-relative
1481,Own-child
1481,Wife
24331,Husband
24331,Not-in-family
24331,Other-relative
24331,Own-child
24331,Unmarried
24331,Wife
24559,Husband
24559,Not-in-family
24559,Other-relative
24559,Own-child
24559,Unmarried
24559,Wife
32640,Not-in-family
32640,Unmarried
27503,Not-in-family
27503,Unmarried
20154,Husband
20154,Other-relative
20154,Own-child
20154,Wife
48290,Husband
48290,Not-in-family
48290,Other-relative
48290,Own-child
48290,Unmarried
48290,Wife
5360,Husband
5360,Not-in-family
5360,Other-relative
5360,Own-child
5360,Unmarried
5360,Wife
1936,Husband
1936,Not-in-family
1936,Other-relative
1936,Own-child
1936,Unmarried
1936,Wife
30201,Husband
30201,Other-relative
30201,Own-child
30201,Wife
25848,Husband
25848,Not-in-family
25848,Other-relative
25848,Own-child
25848,Unmarried
25848,Wife
14681,Husband
14681,Not-in-family
14681,Other-relative
14681,Own-child
14681,Unmarried
14681,Wife
9349,Husband
9349,Not-in-family
9349,Other-relative
9349,Own-child
9349,Unmarried
9349,Wife
11664,Husband
11664,Not-in-family
11664,Other-relative
11664,Own-child
11664,Unmarried
11664,Wife
8299,Husband
8299,Not-in-family
8299,Other-relative
8299,Own-child
8299,Unmarried
8299,Wife
30559,Husband
30559,Not-in-family
30559,Other-relative
30559,Own-child
30559,Unmarried
30559,Wife
40298,Not-in-family
40298,Unmarried
15385,Husband
15385,Other-relative
15385,Own-child
15385,Wife
45048,Not-in-family
45048,Unmarried
38482,Husband
38482,Other-relative
38482,Own-child
38482,Wife
44154,Husband
44154,Other-relative
44154,Own-child
44154,Wife
3978,Husband
3978,Not-in-family
3978,Other-relative
3978,Own-child
3978,Unmarried
3978,Wife
18854,Husband
18854,Other-relative
18854,Own-child
18854,Wife
37738,Husband
37738,Not-in-family
37738,Other-relative
37738,Own-child
37738,Unmarried
37738,Wife
19228,Husband
19228,Not-in-family
19228,Other-relative
19228,Own-child
19228,Unmarried
19228,Wife
22773,Husband
22773,Other-relative
22773,Own-child
22773,Wife
35536,Husband
35536,Other-relative
35536,Own-child
35536,Wife
17127,Husband
17127,Not-in-family
17127,Other-relative
17127,Own-child
17127,Unmarried
17127,Wife
31229,Not-in-family
31229,Unmarried
14715,Not-in-family
14715,Unmarried
18136,Husband
18136,Other-relative
18136,Own-child
18136,Wife
5760,Husband
5760,Not-in-family
5760,Other-relative
5760,Own-child
5760,Unmarried
5760,Wife
18049,Husband
18049,Other-relative
18049,Own-child
18049,Wife
16298,Husband
16298,Other-relative
16298,Own-child
16298,Wife
39258,Not-in-family
39258,Unmarried
31314,Not-in-family
31314,Unmarried
14442,Husband
14442,Other-relative
14442,Own-child
14442,Wife
22702,Husband
22702,Other-relative
22702,Own-child
22702,Wife
5722,Husband
5722,Other-relative
5722,Own-child
5722,Wife
9362,Husband
9362,Not-in-family
9362,Other-relative
9362,Own-child
9362,Unmarried
9362,Wife
27164,Husband
27164,Not-in-family
27164,Other-relative
27164,Own-child
27164,Unmarried
27164,Wife
1181,Not-in-family
1181,Unmarried
44552,Husband
44552,Not-in-family
44552,Other-relative
44552,Own-child
44552,Unmarried
44552,Wife
33627,Husband
33627,Other-relative
33627,Own-child
33627,Wife
4373,Husband
4373,Not-in-family
4373,Other-relative
4373,Own-child
4373,Unmarried
4373,Wife
34279,Not-in-family
34279,Unmarried
896,Husband
896,Not-in-family
896,Other-relative
896,Own-child
896,Unmarried
896,Wife
17222,Husband
17222,Not-in-family
17222,Other-relative
17222,Own-child
17222,Unmarried
17222,Wife
34387,Husband
34387,Not-in-family
34387,Other-relative
34387,Own-child
34387,Unmarried
34387,Wife
28263,Husband
28263,Not-in-family
28263,Other-relative
28263,Own-child
28263,Unmarried
28263,Wife
38100,Husband
38100,Not-in-family
38100,Other-relative
38100,Own-child
38100,Unmarried
38100,Wife
3438,Husband
3438,Other-relative
3438,Own-child
3438,Wife
30680,Not-in-family
30680,Unmarried
19978,Not-in-family
19978,Unmarried
10333,Husband
10333,Not-in-family
10333,Other-relative
10333,Own-child
10333,Unmarried
10333,Wife
38147,Not-in-family
38147,Unmarried
40123,Husband
40123,Other-relative
40123,Own-child
40123,Wife
25268,Husband
25268,Not-in-family
25268,Other-relative
25268,Own-child
25268,Unmarried
25268,Wife
31719,Husband
31719,Not-in-family
31719,Other-relative
31719,Own-child
31719,Unmarried
31719,Wife
45267,Husband
45267,Other-relative
45267,Own-child
45267,Wife
24569,Husband
24569,Not-in-family
24569,Other-relative
24569,Own-child
24569,Unmarried
24569,Wife
42926,Husband
42926,Other-relative
42926,Own-child
42926,Wife
39355,Husband
39355,Not-in-family
39355,Other-relative
39355,Own-child
39355,Unmarried
39355,Wife
15763,Husband
15763,Other-relative
15763,Own-child
15763,Wife
48734,Not-in-family
48734,Unmarried
37762,Husband
37762,Not-in-family
37762,Other-relative
37762,Own-child
37762,Unmarried
37762,Wife
18907,Not-in-family
18907,Unmarried
3196,Husband
3196,Not-in-family
3196,Other-relative
3196,Own-child
3196,Unmarried
3196,Wife
14616,Husband
14616,Other-relative
14616,Own-child
14616,Wife
27268,Husband
27268,Other-relative
27268,Own-child
27268,Wife
21035,Husband
21035,Not-in-family
21035,Other-relative
21035,Own-child
21035,Unmarried
21035,Wife
2539,Husband
2539,Not-in-family
2539,Other-relative
2539,Own-child
2539,Unmarried
2539,Wife
20985,Husband
20985,Other-relative
20985,Own-child
20985,Wife
22888,Husband
22888,Other-relative
22888,Own-child
22888,Wife
33635,Husband
33635,Not-in-family
33635,Other-relative
33635,Own-child
33635,Unmarried
33635,Wife
31658,Husband
31658,Not-in-family
31658,Other-relative
31658,Own-child
31658,Unmarried
31658,Wife
6405,Not-in-family
6405,Unmarried
21285,Husband
21285,Other-relative
21285,Own-child
21285,Wife
8383,Not-in-family
8383,Unmarried
2550,Husband
2550,Other-relative
2550,Own-child
2550,Wife
2344,Husband
2344,Other-relative
2344,Own-child
2344,Wife
46781,Husband
46781,Not-in-family
46781,Other-relative
46781,Own-child
46781,Unmarried
46781,Wife
15688,Not-in-family
15688,Unmarried
46833,Husband
46833,Not-in-family
46833,Other-relative
46833,Own-child
46833,Unmarried
46833,Wife
7891,Husband
7891,Other-relative
7891,Own-child
7891,Wife
10944,Not-in-family
10944,Unmarried
33339,Husband
33339,Not-in-family
33339,Other-relative
33339,Own-child
33339,Unmarried
33339,Wife
34647,Husband
34647,Other-relative
34647,Own-child
34647,Wife
17502,Not-in-family
17502,Unmarried
28573,Husband
28573,Not-in-family
28573,Other-relative
28573,Own-child
28573,Unmarried
28573,Wife
4401,Husband
4401,Other-relative
4401,Own-child
4401,Wife
36590,Husband
36590,Not-in-family
36590,Other-relative
36590,Own-child
36590,Unmarried
36590,Wife
17714,Husband
17714,Not-in-family
17714,Other-relative
17714,Own-child
17714,Unmarried
17714,Wife
19358,Not-in-family
19358,Unmarried
11904,Husband
11904,Not-in-family
11904,Other-relative
11904,Own-child
11904,Unmarried
11904,Wife
2592,Husband
2592,Not-in-family
2592,Other-relative
2592,Own-child
2592,Unmarried
2592,Wife
20827,Not-in-family
20827,Unmarried
34417,Husband
34417,Not-in-family
34417,Other-relative
34417,Own-child
34417,Unmarried
34417,Wife
8646,Husband
8646,Not-in-family
8646,Other-relative
8646,Own-child
8646,Unmarried
8646,Wife
10185,Husband
10185,Not-in-family
10185,Other-relative
10185,Own-child
10185,Unmarried
10185,Wife
13895,Husband
13895,Other-relative
13895,Own-child
13895,Wife
2244,Not-in-family
2244,Unmarried
19937,Husband
19937,Other-relative
19937,Own-child
19937,Wife
37074,Husband
37074,Not-in-family
37074,Other-relative
37074,Own-child
37074,Unmarried
37074,Wife
40706,Husband
40706,Not-in-family
40706,Other-relative
40706,Own-child
40706,Unmarried
40706,Wife
22005,Husband
22005,Not-in-family
22005,Other-relative
22005,Own-child
22005,Unmarried
22005,Wife
33387,Husband
33387,Not-in-family
33387,Other-relative
33387,Own-child
33387,Unmarried
33387,Wife
4566,Husband
4566,Not-in-family
4566,Other-relative
4566,Own-child
4566,Unmarried
4566,Wife
14062,Not-in-family
14062,Unmarried
40419,Husband
40419,Other-relative
40419,Own-child
40419,Wife
1244,Not-in-family
1244,Unmarried
19618,Not-in-family
19618,Unmarried
5316,Husband
5316,Not-in-family
5316,Other-relative
5316,Own-child
5316,Unmarried
5316,Wife
5660,Husband
5660,Other-relative
5660,Own-child
5660,Wife
37057,Husband
37057,Other-relative
37057,Own-child
37057,Wife
46516,Husband
46516,Not-in-family
46516,Other-relative
46516,Own-child
46516,Unmarried
46516,Wife
20842,Not-in-family
20842,Unmarried
25645,Husband
25645,Other-relative
25645,Own-child
25645,Wife
19110,Husband
19110,Not-in-family
19110,Other-relative
19110,Own-child
19110,Unmarried
19110,Wife
17580,Husband
17580,Not-in-family
17580,Other-relative
17580,Own-child
17580,Unmarried
17580,Wife
48028,Husband
48028,Other-relative
48028,Own-child
48028,Wife
46084,Husband
46084,Not-in-family
46084,Other-relative
46084,Own-child
46084,Unmarried
46084,Wife
2977,Husband
2977,Other-relative
2977,Own-child
2977,Wife
197,Husband
197,Not-in-family
197,Other-relative
197,Own-child
197,Unmarried
197,Wife
43751,Husband
43751,Not-in-family
43751,Other-relative
43751,Own-child
43751,Unmarried
43751,Wife
28075,Husband
28075,Not-in-family
28075,Other-relative
28075,Own-child
28075,Unmarried
28075,Wife
48184,Husband
48184,Not-in-family
48184,Other-relative
48184,Own-child
48184,Unmarried
48184,Wife
43912,Husband
43912,Not-in-family
43912,Other-relative
43912,Own-child
43912,Unmarried
43912,Wife
11071,Husband
11071,Other-relative
11071,Own-child
11071,Wife
29538,Not-in-family
29538,Unmarried
41543,Husband
41543,Other-relative
41543,Own-child
41543,Wife
20288,Husband
20288,Other-relative
20288,Own-child
20288,Wife
48128,Husband
48128,Not-in-family
48128,Other-relative
48128,Own-child
48128,Unmarried
48128,Wife
25750,Husband
25750,Not-in-family
25750,Other-relative
25750,Own-child
25750,Unmarried
25750,Wife
17691,Not-in-family
17691,Unmarried
42221,Husband
42221,Not-in-family
42221,Other-relative
42221,Own-child
42221,Unmarried
42221,Wife
41021,Husband
41021,Other-relative
41021,Own-child
41021,Wife
20435,Husband
20435,Other-relative
20435,Own-child
20435,Wife
46536,Husband
46536,Not-in-family
46536,Other-relative
46536,Own-child
46536,Unmarried
46536,Wife
9875,Husband
9875,Not-in-family
9875,Other-relative
9875,Own-child
9875,Unmarried
9875,Wife
40933,Husband
40933,Not-in-family
40933,Other-relative
40933,Own-child
40933,Unmarried
40933,Wife
935,Husband
935,Other-relative
935,Own-child
935,Wife
48459,Husband
48459,Other-relative
48459,Own-child
48459,Wife
44312,Not-in-family
44312,Unmarried
30983,Husband
30983,Not-in-family
30983,Other-relative
30983,Own-child
30983,Unmarried
30983,Wife
20650,Husband
20650,Other-relative
20650,Own-child
20650,Wife
11282,Husband
11282,Not-in-family
11282,Other-relative
11282,Own-child
11282,Unmarried
11282,Wife
47839,Husband
47839,Not-in-family
47839,Other-relative
47839,Own-child
47839,Unmarried
47839,Wife
9297,Husband
9297,Not-in-family
9297,Other-relative
9297,Own-child
9297,Unmarried
9297,Wife
47812,Husband
47812,Not-in-family
47812,Other-relative
47812,Own-child
47812,Unmarried
47812,Wife
18422,Husband
18422,Other-relative
18422,Own-child
18422,Wife
5345,Husband
5345,Other-relative
5345,Own-child
5345,Wife
42593,Husband
42593,Other-relative
42593,Own-child
42593,Wife
34234,Husband
34234,Not-in-family
34234,Other-relative
34234,Own-child
34234,Unmarried
34234,Wife
34785,Husband
34785,Not-in-family
34785,Other-relative
34785,Own-child
34785,Unmarried
34785,Wife
36690,Husband
36690,Not-in-family
36690,Other-relative
36690,Own-child
36690,Unmarried
36690,Wife
9690,Husband
9690,Other-relative
9690,Own-child
9690,Wife
16608,Husband
16608,Other-relative
16608,Own-child
16608,Wife
20517,Husband
20517,Not-in-family
20517,Other-relative
20517,Own-child
20517,Unmarried
20517,Wife
35934,Husband
35934,Other-relative
35934,Own-child
35934,Wife
28754,Husband
28754,Other-relative
28754,Own-child
28754,Wife
24235,Husband
24235,Other-relative
24235,Own-child
24235,Wife
20046,Husband
20046,Not-in-family
20046,Other-relative
20046,Own-child
20046,Unmarried
20046,Wife
17020,Husband
17020,Not-in-family
17020,Other-relative
17020,Own-child
17020,Unmarried
17020,Wife
32312,Husband
32312,Not-in-family
32312,Other-relative
32312,Own-child
32312,Unmarried
32312,Wife
41632,Husband
41632,Other-relative
41632,Own-child
41632,Wife
17674,Husband
17674,Not-in-family
17674,Other-relative
17674,Own-child
17674,Unmarried
17674,Wife
38574,Husband
38574,Not-in-family
38574,Other-relative
38574,Own-child
38574,Unmarried
38574,Wife
21820,Husband
21820,Other-relative
21820,Own-child
21820,Wife
8395,Not-in-family
8395,Unmarried
45286,Not-in-family
45286,Unmarried
11575,Husband
11575,Not-in-family
11575,Other-relative
11575,Own-child
11575,Unmarried
11575,Wife
25843,Husband
25843,Not-in-family
25843,Other-relative
25843,Own-child
25843,Unmarried
25843,Wife
31168,Husband
31168,Other-relative
31168,Own-child
31168,Wife
29296,Husband
29296,Not-in-family
29296,Other-relative
29296,Own-child
29296,Unmarried
29296,Wife
19140,Not-in-family
19140,Unmarried
13235,Husband
13235,Not-in-family
13235,Other-relative
13235,Own-child
13235,Unmarried
13235,Wife
28315,Husband
28315,Other-relative
28315,Own-child
28315,Wife
34908,Husband
34908,Other-relative
34908,Own-child
34908,Wife
46111,Husband
46111,Not-in-family
46111,Other-relative
46111,Own-child
46111,Unmarried
46111,Wife
39062,Not-in-family
39062,Unmarried
42452,Husband
42452,Not-in-family
42452,Other-relative
42452,Own-child
42452,Unmarried
42452,Wife
26719,Not-in-family
26719,Unmarried
44645,Husband
44645,Not-in-family
44645,Other-relative
44645,Own-child
44645,Unmarried
44645,Wife
1223,Husband
1223,Other-relative
1223,Own-child
1223,Wife
21298,Husband
21298,Other-relative
21298,Own-child
21298,Wife
48489,Husband
48489,Other-relative
48489,Own-child
48489,Wife
18797,Not-in-family
18797,Unmarried
14403,Husband
14403,Not-in-family
14403,Other-relative
14403,Own-child
14403,Unmarried
14403,Wife
36994,Not-in-family
36994,Unmarried
8529,Husband
8529,Not-in-family
8529,Other-relative
8529,Own-child
8529,Unmarried
8529,Wife
33013,Husband
33013,Not-in-family
33013,Other-relative
33013,Own-child
33013,Unmarried
33013,Wife
15029,Husband
15029,Other-relative
15029,Own-child
15029,Wife
21008,Not-in-family
21008,Unmarried
39909,Husband
39909,Not-in-family
39909,Other-relative
39909,Own-child
39909,Unmarried
39909,Wife
3105,Husband
3105,Other-relative
3105,Own-child
3105,Wife
44457,Husband
44457,Not-in-family
44457,Other-relative
44457,Own-child
44457,Unmarried
44457,Wife
13399,Husband
13399,Not-in-family
13399,Other-relative
13399,Own-child
13399,Unmarried
13399,Wife
32975,Husband
32975,Other-relative
32975,Own-child
32975,Wife
12708,Husband
12708,Not-in-family
12708,Other-relative
12708,Own-child
12708,Unmarried
12708,Wife
39393,Husband
39393,Other-relative
39393,Own-child
39393,Wife
13385,Husband
13385,Not-in-family
13385,Other-relative
13385,Own-child
13385,Unmarried
13385,Wife
39259,Husband
39259,Not-in-family
39259,Other-relative
39259,Own-child
39259,Unmarried
39259,Wife
32147,Not-in-family
32147,Unmarried
9740,Husband
9740,Other-relative
9740,Own-child
9740,Wife
40561,Husband
40561,Not-in-family
40561,Other-relative
40561,Own-child
40561,Unmarried
40561,Wife
43514,Husband
43514,Not-in-family
43514,Other-relative
43514,Own-child
43514,Unmarried
43514,Wife
43543,Husband
43543,Other-relative
43543,Own-child
43543,Wife
17912,Husband
17912,Not-in-family
17912,Other-relative
17912,Own-child
17912,Unmarried
17912,Wife
25140,Husband
25140,Other-relative
25140,Own-child
25140,Wife
42781,Husband
42781,Other-relative
42781,Own-child
42781,Wife
37079,Husband
37079,Not-in-family
37079,Other-relative
37079,Own-child
37079,Unmarried
37079,Wife
23897,Husband
23897,Not-in-family
23897,Other-relative
23897,Own-child
23897,Unmarried
23897,Wife
43789,Husband
43789,Not-in-family
43789,Other-relative
43789,Own-child
43789,Unmarried
43789,Wife
18629,Husband
18629,Other-relative
18629,Own-child
18629,Wife
17216,Husband
17216,Not-in-family
17216,Other-relative
17216,Own-child
17216,Unmarried
17216,Wife
17503,Husband
17503,Not-in-family
17503,Other-relative
17503,Own-child
17503,Unmarried
17503,Wife
2740,Husband
2740,Other-relative
2740,Own-child
2740,Wife
34144,Husband
34144,Not-in-family
34144,Other-relative
34144,Own-child
34144,Unmarried
34144,Wife
33061,Husband
33061,Not-in-family
33061,Other-relative
33061,Own-child
33061,Unmarried
33061,Wife
20164,Husband
20164,Not-in-family
20164,Other-relative
20164,Own-child
20164,Unmarried
20164,Wife
24282,Husband
24282,Not-in-family
24282,Other-relative
24282,Own-child
24282,Unmarried
24282,Wife
12988,Husband
12988,Not-in-family
12988,Other-relative
12988,Own-child
12988,Unmarried
12988,Wife
2051,Husband
2051,Other-relative
2051,Own-child
2051,Wife
25845,Husband
25845,Not-in-family
25845,Other-relative
25845,Own-child
25845,Unmarried
25845,Wife
35196,Husband
35196,Not-in-family
35196,Other-relative
35196,Own-child
35196,Unmarried
35196,Wife
29281,Husband
29281,Other-relative
29281,Own-child
29281,Wife
14346,Husband
14346,Not-in-family
14346,Other-relative
14346,Own-child
14346,Unmarried
14346,Wife
46984,Husband
46984,Not-in-family
46984,Other-relative
46984,Own-child
46984,Unmarried
46984,Wife
16826,Husband
16826,Other-relative
16826,Own-child
16826,Wife
23829,Not-in-family
23829,Unmarried
6956,Husband
6956,Other-relative
6956,Own-child
6956,Wife
31551,Husband
31551,Not-in-family
31551,Other-relative
31551,Own-child
31551,Unmarried
31551,Wife
30404,Husband
30404,Not-in-family
30404,Other-relative
30404,Own-child
30404,Unmarried
30404,Wife
25168,Husband
25168,Other-relative
25168,Own-child
25168,Wife
28108,Husband
28108,Other-relative
28108,Own-child
28108,Wife
17075,Husband
17075,Other-relative
17075,Own-child
17075,Wife
6799,Not-in-family
6799,Unmarried
46657,Husband
46657,Not-in-family
46657,Other-relative
46657,Own-child
46657,Unmarried
46657,Wife
24807,Husband
24807,Not-in-family
24807,Other-relative
24807,Own-child
24807,Unmarried
24807,Wife
10341,Husband
10341,Other-relative
10341,Own-child
10341,Wife
7673,Not-in-family
7673,Unmarried
11429,Husband
11429,Not-in-family
11429,Other-relative
11429,Own-child
11429,Unmarried
11429,Wife
19553,Husband
19553,Not-in-family
19553,Other-relative
19553,Own-child
19553,Unmarried
19553,Wife
38561,Not-in-family
38561,Unmarried
26415,Husband
26415,Not-in-family
26415,Other-relative
26415,Own-child
26415,Unmarried
26415,Wife
34235,Not-in-family
34235,Unmarried
36871,Not-in-family
36871,Unmarried
4292,Husband
4292,Not-in-family
4292,Other-relative
4292,Own-child
4292,Unmarried
4292,Wife
13774,Not-in-family
13774,Unmarried
2845,Husband
2845,Other-relative
2845,Own-child
2845,Wife
24197,Husband
24197,Not-in-family
24197,Other-relative
24197,Own-child
24197,Unmarried
24197,Wife
39089,Not-in-family
39089,Unmarried
411,Not-in-family
411,Unmarried
38555,Husband
38555,Not-in-family
38555,Other-relative
38555,Own-child
38555,Unmarried
38555,Wife
25785,Husband
25785,Not-in-family
25785,Other-relative
25785,Own-child
25785,Unmarried
25785,Wife
26679,Husband
26679,Other-relative
26679,Own-child
26679,Wife
5045,Husband
5045,Not-in-family
5045,Other-relative
5045,Own-child
5045,Unmarried
5045,Wife
46015,Husband
46015,Other-relative
46015,Own-child
46015,Wife
30758,Husband
30758,Not-in-family
30758,Other-relative
30758,Own-child
30758,Unmarried
30758,Wife
7623,Husband
7623,Not-in-family
7623,Other-relative
7623,Own-child
7623,Unmarried
7623,Wife
47272,Husband
47272,Other-relative
47272,Own-child
47272,Wife
30146,Not-in-family
30146,Unmarried
7769,Not-in-family
7769,Unmarried
8705,Husband
8705,Not-in-family
8705,Other-relative
8705,Own-child
8705,Unmarried
8705,Wife
22599,Husband
22599,Not-in-family
22599,Other-relative
22599,Own-child
22599,Unmarried
22599,Wife
38489,Husband
38489,Other-relative
38489,Own-child
38489,Wife
9487,Husband
9487,Not-in-family
9487,Other-relative
9487,Own-child
9487,Unmarried
9487,Wife
34562,Husband
34562,Not-in-family
34562,Other-relative
34562,Own-child
34562,Unmarried
34562,Wife
11728,Husband
11728,Not-in-family
11728,Other-relative
11728,Own-child
11728,Unmarried
11728,Wife
9890,Husband
9890,Not-in-family
9890,Other-relative
9890,Own-child
9890,Unmarried
9890,Wife
44197,Husband
44197,Not-in-family
44197,Other-relative
44197,Own-child
44197,Unmarried
44197,Wife
14864,Husband
14864,Not-in-family
14864,Other-relative
14864,Own-child
14864,Unmarried
14864,Wife
19161,Husband
19161,Not-in-family
19161,Other-relative
19161,Own-child
19161,Unmarried
19161,Wife
17690,Husband
17690,Not-in-family
17690,Other-relative
17690,Own-child
17690,Unmarried
17690,Wife
7759,Husband
7759,Not-in-family
7759,Other-relative
7759,Own-child
7759,Unmarried
7759,Wife
2381,Husband
2381,Other-relative
2381,Own-child
2381,Wife
27314,Husband
27314,Other-relative
27314,Own-child
27314,Wife
23533,Husband
23533,Other-relative
23533,Own-child
23533,Wife
5975,Husband
5975,Not-in-family
5975,Other-relative
5975,Own-child
5975,Unmarried
5975,Wife
21592,Not-in-family
21592,Unmarried
40537,Husband
40537,Not-in-family
40537,Other-relative
40537,Own-child
40537,Unmarried
40537,Wife
35861,Husband
35861,Other-relative
35861,Own-child
35861,Wife
36182,Husband
36182,Other-relative
36182,Own-child
36182,Wife
19019,Husband
19019,Not-in-family
19019,Other-relative
19019,Own-child
19019,Unmarried
19019,Wife
22335,Husband
22335,Not-in-family
22335,Other-relative
22335,Own-child
22335,Unmarried
22335,Wife
25207,Not-in-family
25207,Unmarried
48259,Husband
48259,Not-in-family
48259,Other-relative
48259,Own-child
48259,Unmarried
48259,Wife
20324,Husband
20324,Not-in-family
20324,Other-relative
20324,Own-child
20324,Unmarried
20324,Wife
21441,Not-in-family
21441,Unmarried
3161,Husband
3161,Not-in-family
3161,Other-relative
3161,Own-child
3161,Unmarried
3161,Wife
47384,Husband
47384,Other-relative
47384,Own-child
47384,Wife
26286,Not-in-family
26286,Unmarried
37868,Husband
37868,Not-in-family
37868,Other-relative
37868,Own-child
37868,Unmarried
37868,Wife
4962,Husband
4962,Other-relative
4962,Own-child
4962,Wife
34277,Husband
34277,Not-in-family
34277,Other-relative
34277,Own-child
34277,Unmarried
34277,Wife
34211,Husband
34211,Not-in-family
34211,Other-relative
34211,Own-child
34211,Unmarried
34211,Wife
23842,Husband
23842,Not-in-family
23842,Other-relative
23842,Own-child
23842,Unmarried
23842,Wife
18774,Husband
18774,Not-in-family
18774,Other-relative
18774,Own-child
18774,Unmarried
18774,Wife
30774,Husband
30774,Not-in-family
30774,Other-relative
30774,Own-child
30774,Unmarried
30774,Wife
32474,Husband
32474,Not-in-family
32474,Other-relative
32474,Own-child
32474,Unmarried
32474,Wife
32706,Husband
32706,Not-in-family
32706,Other-relative
32706,Own-child
32706,Unmarried
32706,Wife
43573,Husband
43573,Not-in-family
43573,Other-relative
43573,Own-child
43573,Unmarried
43573,Wife
7266,Husband
7266,Not-in-family
7266,Other-relative
7266,Own-child
7266,Unmarried
7266,Wife
30184,Not-in-family
30184,Unmarried
4076,Husband
4076,Other-relative
4076,Own-child
4076,Wife
24285,Husband
24285,Not-in-family
24285,Other-relative
24285,Own-child
24285,Unmarried
24285,Wife
29365,Husband
29365,Other-relative
29365,Own-child
29365,Wife
29379,Husband
29379,Not-in-family
29379,Other-relative
29379,Own-child
29379,Unmarried
29379,Wife
13783,Husband
13783,Not-in-family
13783,Other-relative
13783,Own-child
13783,Unmarried
13783,Wife
31462,Husband
31462,Other-relative
31462,Own-child
31462,Wife
28666,Not-in-family
28666,Unmarried
29350,Husband
29350,Not-in-family
29350,Other-relative
29350,Own-child
29350,Unmarried
29350,Wife
5539,Not-in-family
5539,Unmarried
27192,Husband
27192,Other-relative
27192,Own-child
27192,Wife
17074,Husband
17074,Not-in-family
17074,Other-relative
17074,Own-child
17074,Unmarried
17074,Wife
35765,Not-in-family
35765,Unmarried
19207,Husband
19207,Not-in-family
19207,Other-relative
19207,Own-child
19207,Unmarried
19207,Wife
2798,Husband
2798,Not-in-family
2798,Other-relative
2798,Own-child
2798,Unmarried
2798,Wife
21835,Husband
21835,Not-in-family
21835,Other-relative
21835,Own-child
21835,Unmarried
21835,Wife
474,Not-in-family
474,Unmarried
44132,Husband
44132,Other-relative
44132,Own-child
44132,Wife
7679,Husband
7679,Other-relative
7679,Own-child
7679,Wife
20432,Husband
20432,Not-in-family
20432,Other-relative
20432,Own-child
20432,Unmarried
20432,Wife
13935,Husband
13935,Not-in-family
13935,Other-relative
13935,Own-child
13935,Unmarried
13935,Wife
35508,Husband
35508,Not-in-family
35508,Other-relative
35508,Own-child
35508,Unmarried
35508,Wife
46971,Not-in-family
46971,Unmarried
33818,Husband
33818,Other-relative
33818,Own-child
33818,Wife
24838,Husband
24838,Not-in-family
24838,Other-relative
24838,Own-child
24838,Unmarried
24838,Wife
33307,Husband
33307,Other-relative
33307,Own-child
33307,Wife
497,Husband
497,Not-in-family
497,Other-relative
497,Own-child
497,Unmarried
497,Wife
35503,Not-in-family
35503,Unmarried
23098,Husband
23098,Other-relative
23098,Own-child
23098,Wife
8237,Husband
8237,Other-relative
8237,Own-child
8237,Wife
39037,Husband
39037,Not-in-family
39037,Other-relative
39037,Own-child
39037,Unmarried
39037,Wife
37763,Husband
37763,Not-in-family
37763,Other-relative
37763,Own-child
37763,Unmarried
37763,Wife
21926,Husband
21926,Not-in-family
21926,Other-relative
21926,Own-child
21926,Unmarried
21926,Wife
38205,Husband
38205,Not-in-family
38205,Other-relative
38205,Own-child
38205,Unmarried
38205,Wife
13655,Husband
13655,Other-relative
13655,Own-child
13655,Wife
13748,Husband
13748,Not-in-family
13748,Other-relative
13748,Own-child
13748,Unmarried
13748,Wife
18007,Husband
18007,Other-relative
18007,Own-child
18007,Wife
20101,Husband
20101,Not-in-family
20101,Other-relative
20101,Own-child
20101,Unmarried
20101,Wife
29961,Husband
29961,Not-in-family
29961,Other-relative
29961,Own-child
29961,Unmarried
29961,Wife
1085,Husband
1085,Not-in-family
1085,Other-relative
1085,Own-child
1085,Unmarried
1085,Wife
11047,Husband
11047,Other-relative
11047,Own-child
11047,Wife
11584,Husband
11584,Not-in-family
11584,Other-relative
11584,Own-child
11584,Unmarried
11584,Wife
4983,Husband
4983,Not-in-family
4983,Other-relative
4983,Own-child
4983,Unmarried
4983,Wife
26534,Husband
26534,Not-in-family
26534,Other-relative
26534,Own-child
26534,Unmarried
26534,Wife
37376,Not-in-family
37376,Unmarried
2114,Husband
2114,Not-in-family
2114,Other-relative
2114,Own-child
2114,Unmarried
2114,Wife
44209,Husband
44209,Not-in-family
44209,Other-relative
44209,Own-child
44209,Unmarried
44209,Wife
46954,Husband
46954,Other-relative
46954,Own-child
46954,Wife
44739,Husband
44739,Not-in-family
44739,Other-relative
44739,Own-child
44739,Unmarried
44739,Wife
24125,Husband
24125,Other-relative
24125,Own-child
24125,Wife
20906,Husband
20906,Not-in-family
20906,Other-relative
20906,Own-child
20906,Unmarried
20906,Wife
2167,Husband
2167,Other-relative
2167,Own-child
2167,Wife
18353,Not-in-family
18353,Unmarried
17536,Husband
17536,Other-relative
17536,Own-child
17536,Wife
1624,Husband
1624,Not-in-family
1624,Other-relative
1624,Own-child
1624,Unmarried
1624,Wife
10819,Not-in-family
10819,Unmarried
27641,Husband
27641,Not-in-family
27641,Other-relative
27641,Own-child
27641,Unmarried
27641,Wife
22587,Husband
22587,Not-in-family
22587,Other-relative
22587,Own-child
22587,Unmarried
22587,Wife
15274,Husband
15274,Not-in-family
15274,Other-relative
15274,Own-child
15274,Unmarried
15274,Wife
39822,Husband
39822,Other-relative
39822,Own-child
39822,Wife
11915,Not-in-family
11915,Unmarried
45930,Husband
45930,Other-relative
45930,Own-child
45930,Wife
31022,Not-in-family
31022,Unmarried
6451,Husband
6451,Other-relative
6451,Own-child
6451,Wife
43259,Husband
43259,Not-in-family
43259,Other-relative
43259,Own-child
43259,Unmarried
43259,Wife
35130,Husband
35130,Not-in-family
35130,Other-relative
35130,Own-child
35130,Unmarried
35130,Wife
45187,Husband
45187,Not-in-family
45187,Other-relative
45187,Own-child
45187,Unmarried
45187,Wife
42685,Husband
42685,Not-in-family
42685,Other-relative
42685,Own-child
42685,Unmarried
42685,Wife
9403,Husband
9403,Not-in-family
9403,Other-relative
9403,Own-child
9403,Unmarried
9403,Wife
5607,Husband
5607,Not-in-family
5607,Other-relative
5607,Own-child
5607,Unmarried
5607,Wife
47716,Husband
47716,Not-in-family
47716,Other-relative
47716,Own-child
47716,Unmarried
47716,Wife
17572,Husband
17572,Other-relative
17572,Own-child
17572,Wife
46085,Husband
46085,Not-in-family
46085,Other-relative
46085,Own-child
46085,Unmarried
46085,Wife
1202,Not-in-family
1202,Unmarried
41729,Husband
41729,Not-in-family
41729,Other-relative
41729,Own-child
41729,Unmarried
41729,Wife
10116,Husband
10116,Not-in-family
10116,Other-relative
10116,Own-child
10116,Unmarried
10116,Wife
1517,Husband
1517,Not-in-family
1517,Other-relative
1517,Own-child
1517,Unmarried
1517,Wife
46773,Husband
46773,Other-relative
46773,Own-child
46773,Wife
45021,Husband
45021,Not-in-family
45021,Other-relative
45021,Own-child
45021,Unmarried
45021,Wife
2386,Husband
2386,Other-relative
2386,Own-child
2386,Wife
44665,Husband
44665,Not-in-family
44665,Other-relative
44665,Own-child
44665,Unmarried
44665,Wife
23429,Husband
23429,Not-in-family
23429,Other-relative
23429,Own-child
23429,Unmarried
23429,Wife
43603,Husband
43603,Not-in-family
43603,Other-relative
43603,Own-child
43603,Unmarried
43603,Wife
6449,Husband
6449,Not-in-family
6449,Other-relative
6449,Own-child
6449,Unmarried
6449,Wife
29598,Not-in-family
29598,Unmarried
17767,Husband
17767,Other-relative
17767,Own-child
17767,Wife
33537,Husband
33537,Not-in-family
33537,Other-relative
33537,Own-child
33537,Unmarried
33537,Wife
17570,Not-in-family
17570,Unmarried
28679,Husband
28679,Other-relative
28679,Own-child
28679,Wife
29782,Not-in-family
29782,Unmarried
30177,Husband
30177,Not-in-family
30177,Other-relative
30177,Own-child
30177,Unmarried
30177,Wife
43536,Not-in-family
43536,Unmarried
36235,Husband
36235,Not-in-family
36235,Other-relative
36235,Own-child
36235,Unmarried
36235,Wife
14581,Husband
14581,Other-relative
14581,Own-child
14581,Wife
12962,Husband
12962,Not-in-family
12962,Other-relative
12962,Own-child
12962,Unmarried
12962,Wife
48428,Husband
48428,Not-in-family
48428,Other-relative
48428,Own-child
48428,Unmarried
48428,Wife
17642,Husband
17642,Not-in-family
17642,Other-relative
17642,Own-child
17642,Unmarried
17642,Wife
14326,Husband
14326,Not-in-family
14326,Other-relative
14326,Own-child
14326,Unmarried
14326,Wife
15406,Not-in-family
15406,Unmarried
27516,Husband
27516,Other-relative
27516,Own-child
27516,Wife
45776,Husband
45776,Other-relative
45776,Own-child
45776,Wife
3701,Husband
3701,Not-in-family
3701,Other-relative
3701,Own-child
3701,Unmarried
3701,Wife
18643,Husband
18643,Not-in-family
18643,Other-relative
18643,Own-child
18643,Unmarried
18643,Wife
13137,Husband
13137,Not-in-family
13137,Other-relative
13137,Own-child
13137,Unmarried
13137,Wife
28258,Husband
28258,Other-relative
28258,Own-child
28258,Wife
18696,Husband
18696,Other-relative
18696,Own-child
18696,Wife
31401,Husband
31401,Other-relative
31401,Own-child
31401,Wife
45280,Husband
45280,Not-in-family
45280,Other-relative
45280,Own-child
45280,Unmarried
45280,Wife
40459,Husband
40459,Other-relative
40459,Own-child
40459,Wife
34510,Not-in-family
34510,Unmarried
18073,Not-in-family
18073,Unmarried
10167,Husband
10167,Not-in-family
10167,Other-relative
10167,Own-child
10167,Unmarried
10167,Wife
29574,Husband
29574,Not-in-family
29574,Other-relative
29574,Own-child
29574,Unmarried
29574,Wife
3866,Husband
3866,Not-in-family
3866,Other-relative
3866,Own-child
3866,Unmarried
3866,Wife
7737,Not-in-family
7737,Unmarried
27902,Husband
27902,Other-relative
27902,Own-child
27902,Wife
34492,Husband
34492,Not-in-family
34492,Other-relative
34492,Own-child
34492,Unmarried
34492,Wife
4304,Husband
4304,Other-relative
4304,Own-child
4304,Wife
39376,Not-in-family
39376,Unmarried
29292,Husband
29292,Not-in-family
29292,Other-relative
29292,Own-child
29292,Unmarried
29292,Wife
15541,Not-in-family
15541,Unmarried
48481,Not-in-family
48481,Unmarried
35616,Husband
35616,Other-relative
35616,Own-child
35616,Wife
35835,Not-in-family
35835,Unmarried
46443,Husband
46443,Not-in-family
46443,Other-relative
46443,Own-child
46443,Unmarried
46443,Wife
23516,Husband
23516,Not-in-family
23516,Other-relative
23516,Own-child
23516,Unmarried
23516,Wife
34087,Husband
34087,Other-relative
34087,Own-child
34087,Wife
47843,Husband
47843,Not-in-family
47843,Other-relative
47843,Own-child
47843,Unmarried
47843,Wife
45040,Not-in-family
45040,Unmarried
14892,Not-in-family
14892,Unmarried
5865,Not-in-family
5865,Unmarried
35222,Husband
35222,Other-relative
35222,Own-child
35222,Wife
17943,Husband
17943,Not-in-family
17943,Other-relative
17943,Own-child
17943,Unmarried
17943,Wife
22316,Husband
22316,Not-in-family
22316,Other-relative
22316,Own-child
22316,Unmarried
22316,Wife
7269,Husband
7269,Not-in-family
7269,Other-relative
7269,Own-child
7269,Unmarried
7269,Wife
10630,Not-in-family
10630,Unmarried
45898,Husband
45898,Not-in-family
45898,Other-relative
45898,Own-child
45898,Unmarried
45898,Wife
42382,Husband
42382,Other-relative
42382,Own-child
42382,Wife
29963,Husband
29963,Other-relative
29963,Own-child
29963,Wife
27371,Husband
27371,Other-relative
27371,Own-child
27371,Wife
25600,Husband
25600,Not-in-family
25600,Other-relative
25600,Own-child
25600,Unmarried
25600,Wife
8753,Husband
8753,Other-relative
8753,Own-child
8753,Wife
7407,Husband
7407,Other-relative
7407,Own-child
7407,Wife
48761,Husband
48761,Other-relative
48761,Own-child
48761,Wife
48306,Husband
48306,Not-in-family
48306,Other-relative
48306,Own-child
48306,Unmarried
48306,Wife
30117,Husband
30117,Not-in-family
30117,Other-relative
30117,Own-child
30117,Unmarried
30117,Wife
18238,Husband
18238,Other-relative
18238,Own-child
18238,Wife
3280,Not-in-family
3280,Unmarried
29434,Husband
29434,Not-in-family
29434,Other-relative
29434,Own-child
29434,Unmarried
29434,Wife
33501,Husband
33501,Not-in-family
33501,Other-relative
33501,Own-child
33501,Unmarried
33501,Wife
24841,Husband
24841,Other-relative
24841,Own-child
24841,Wife
27405,Husband
27405,Not-in-family
27405,Other-relative
27405,Own-child
27405,Unmarried
27405,Wife
24199,Not-in-family
24199,Unmarried
24624,Not-in-family
24624,Unmarried
8130,Husband
8130,Not-in-family
8130,Other-relative
8130,Own-child
8130,Unmarried
8130,Wife
39953,Husband
39953,Other-relative
39953,Own-child
39953,Wife
11065,Husband
11065,Not-in-family
11065,Other-relative
11065,Own-child
11065,Unmarried
11065,Wife
46417,Husband
46417,Other-relative
46417,Own-child
46417,Wife
8544,Husband
8544,Not-in-family
8544,Other-relative
8544,Own-child
8544,Unmarried
8544,Wife
23559,Husband
23559,Not-in-family
23559,Other-relative
23559,Own-child
23559,Unmarried
23559,Wife
37618,Husband
37618,Not-in-family
37618,Other-relative
37618,Own-child
37618,Unmarried
37618,Wife
24029,Husband
24029,Other-relative
24029,Own-child
24029,Wife
24383,Husband
24383,Not-in-family
24383,Other-relative
24383,Own-child
24383,Unmarried
24383,Wife
32023,Husband
32023,Not-in-family
32023,Other-relative
32023,Own-child
32023,Unmarried
32023,Wife
33944,Husband
33944,Not-in-family
33944,Other-relative
33944,Own-child
33944,Unmarried
33944,Wife
3046,Not-in-family
3046,Unmarried
3086,Husband
3086,Not-in-family
3086,Other-relative
3086,Own-child
3086,Unmarried
3086,Wife
14566,Husband
14566,Not-in-family
14566,Other-relative
14566,Own-child
14566,Unmarried
14566,Wife
5704,Not-in-family
5704,Unmarried
17374,Husband
17374,Not-in-family
17374,Other-relative
17374,Own-child
17374,Unmarried
17374,Wife
8827,Husband
8827,Not-in-family
8827,Other-relative
8827,Own-child
8827,Unmarried
8827,Wife
41150,Not-in-family
41150,Unmarried
39451,Husband
39451,Not-in-family
39451,Other-relative
39451,Own-child
39451,Unmarried
39451,Wife
8728,Husband
8728,Other-relative
8728,Own-child
8728,Wife
45308,Husband
45308,Not-in-family
45308,Other-relative
45308,Own-child
45308,Unmarried
45308,Wife
20926,Not-in-family
20926,Unmarried
32607,Husband
32607,Not-in-family
32607,Other-relative
32607,Own-child
32607,Unmarried
32607,Wife
5150,Husband
5150,Other-relative
5150,Own-child
5150,Wife
16474,Husband
16474,Other-relative
16474,Own-child
16474,Wife
6077,Husband
6077,Not-in-family
6077,Other-relative
6077,Own-child
6077,Unmarried
6077,Wife
36289,Husband
36289,Other-relative
36289,Own-child
36289,Wife
17369,Husband
17369,Other-relative
17369,Own-child
17369,Wife
21249,Husband
21249,Other-relative
21249,Own-child
21249,Wife
40170,Husband
40170,Not-in-family
40170,Other-relative
40170,Own-child
40170,Unmarried
40170,Wife
31628,Husband
31628,Not-in-family
31628,Other-relative
31628,Own-child
31628,Unmarried
31628,Wife
35750,Husband
35750,Not-in-family
35750,Other-relative
35750,Own-child
35750,Unmarried
35750,Wife
14416,Husband
14416,Other-relative
14416,Own-child
14416,Wife
27695,Husband
27695,Other-relative
27695,Own-child
27695,Wife
22905,Husband
22905,Other-relative
22905,Own-child
22905,Wife
14660,Husband
14660,Not-in-family
14660,Other-relative
14660,Own-child
14660,Unmarried
14660,Wife
38165,Husband
38165,Other-relative
38165,Own-child
38165,Wife
38126,Not-in-family
38126,Unmarried
7974,Husband
7974,Other-relative
7974,Own-child
7974,Wife
47204,Husband
47204,Not-in-family
47204,Other-relative
47204,Own-child
47204,Unmarried
47204,Wife
31560,Not-in-family
31560,Unmarried
16088,Husband
16088,Not-in-family
16088,Other-relative
16088,Own-child
16088,Unmarried
16088,Wife
38712,Husband
38712,Other-relative
38712,Own-child
38712,Wife
33332,Husband
33332,Other-relative
33332,Own-child
33332,Wife
21600,Husband
21600,Other-relative
21600,Own-child
21600,Wife
29286,Husband
29286,Not-in-family
29286,Other-relative
29286,Own-child
29286,Unmarried
29286,Wife
25484,Husband
25484,Not-in-family
25484,Other-relative
25484,Own-child
25484,Unmarried
25484,Wife
5067,Husband
5067,Other-relative
5067,Own-child
5067,Wife
19469,Husband
19469,Not-in-family
19469,Other-relative
19469,Own-child
19469,Unmarried
19469,Wife
34806,Husband
34806,Other-relative
34806,Own-child
34806,Wife
3666,Husband
3666,Other-relative
3666,Own-child
3666,Wife
7859,Husband
7859,Not-in-family
7859,Other-relative
7859,Own-child
7859,Unmarried
7859,Wife
37377,Not-in-family
37377,Unmarried
11568,Husband
11568,Other-relative
11568,Own-child
11568,Wife
166,Not-in-family
166,Unmarried
31955,Not-in-family
31955,Unmarried
1694,Husband
1694,Not-in-family
1694,Other-relative
1694,Own-child
1694,Unmarried
1694,Wife
10498,Husband
10498,Other-relative
10498,Own-child
10498,Wife
35174,Husband
35174,Not-in-family
35174,Other-relative
35174,Own-child
35174,Unmarried
35174,Wife
19162,Husband
19162,Other-relative
19162,Own-child
19162,Wife
10439,Not-in-family
10439,Unmarried
20114,Not-in-family
20114,Unmarried
29351,Husband
29351,Not-in-family
29351,Other-relative
29351,Own-child
29351,Unmarried
29351,Wife
38721,Husband
38721,Not-in-family
38721,Other-relative
38721,Own-child
38721,Unmarried
38721,Wife
45860,Husband
45860,Other-relative
45860,Own-child
45860,Wife
22339,Husband
22339,Other-relative
22339,Own-child
22339,Wife
21003,Husband
21003,Not-in-family
21003,Other-relative
21003,Own-child
21003,Unmarried
21003,Wife
13202,Husband
13202,Not-in-family
13202,Other-relative
13202,Own-child
13202,Unmarried
13202,Wife
29716,Husband
29716,Not-in-family
29716,Other-relative
29716,Own-child
29716,Unmarried
29716,Wife
27108,Not-in-family
27108,Unmarried
21429,Not-in-family
21429,Unmarried
48217,Husband
48217,Not-in-family
48217,Other-relative
48217,Own-child
48217,Unmarried
48217,Wife
32137,Husband
32137,Not-in-family
32137,Other-relative
32137,Own-child
32137,Unmarried
32137,Wife
12937,Husband
12937,Other-relative
12937,Own-child
12937,Wife
47430,Husband
47430,Other-relative
47430,Own-child
47430,Wife
2391,Husband
2391,Not-in-family
2391,Other-relative
2391,Own-child
2391,Unmarried
2391,Wife
29922,Husband
29922,Not-in-family
29922,Other-relative
29922,Own-child
29922,Unmarried
29922,Wife
25326,Husband
25326,Not-in-family
25326,Other-relative
25326,Own-child
25326,Unmarried
25326,Wife
42144,Husband
42144,Not-in-family
42144,Other-relative
42144,Own-child
42144,Unmarried
42144,Wife
23563,Husband
23563,Other-relative
23563,Own-child
23563,Wife
34239,Husband
34239,Not-in-family
34239,Other-relative
34239,Own-child
34239,Unmarried
34239,Wife
46117,Husband
46117,Not-in-family
46117,Other-relative
46117,Own-child
46117,Unmarried
46117,Wife
28590,Husband
28590,Other-relative
28590,Own-child
28590,Wife
41135,Husband
41135,Not-in-family
41135,Other-relative
41135,Own-child
41135,Unmarried
41135,Wife
38250,Husband
38250,Other-relative
38250,Own-child
38250,Wife
41158,Husband
41158,Not-in-family
41158,Other-relative
41158,Own-child
41158,Unmarried
41158,Wife
12829,Husband
12829,Other-relative
12829,Own-child
12829,Wife
16233,Husband
16233,Not-in-family
16233,Other-relative
16233,Own-child
16233,Unmarried
16233,Wife
30530,Husband
30530,Not-in-family
30530,Other-relative
30530,Own-child
30530,Unmarried
30530,Wife
28045,Not-in-family
28045,Unmarried
27771,Husband
27771,Other-relative
27771,Own-child
27771,Wife
34798,Husband
34798,Not-in-family
34798,Other-relative
34798,Own-child
34798,Unmarried
34798,Wife
6918,Husband
6918,Not-in-family
6918,Other-relative
6918,Own-child
6918,Unmarried
6918,Wife
10678,Husband
10678,Not-in-family
10678,Other-relative
10678,Own-child
10678,Unmarried
10678,Wife
10495,Husband
10495,Not-in-family
10495,Other-relative
10495,Own-child
10495,Unmarried
10495,Wife
10586,Husband
10586,Not-in-family
10586,Other-relative
10586,Own-child
10586,Unmarried
10586,Wife
41240,Husband
41240,Other-relative
41240,Own-child
41240,Wife
17501,Husband
17501,Other-relative
17501,Own-child
17501,Wife
24206,Husband
24206,Other-relative
24206,Own-child
24206,Wife
1211,Husband
1211,Not-in-family
1211,Other-relative
1211,Own-child
1211,Unmarried
1211,Wife
34415,Not-in-family
34415,Unmarried
25494,Not-in-family
25494,Unmarried
21814,Not-in-family
21814,Unmarried
8581,Husband
8581,Not-in-family
8581,Other-relative
8581,Own-child
8581,Unmarried
8581,Wife
43345,Husband
43345,Not-in-family
43345,Other-relative
43345,Own-child
43345,Unmarried
43345,Wife
15400,Not-in-family
15400,Unmarried
11821,Husband
11821,Not-in-family
11821,Other-relative
11821,Own-child
11821,Unmarried
11821,Wife
43491,Husband
43491,Other-relative
43491,Own-child
43491,Wife
43084,Husband
43084,Other-relative
43084,Own-child
43084,Wife
12466,Not-in-family
12466,Unmarried
16660,Husband
16660,Not-in-family
16660,Other-relative
16660,Own-child
16660,Unmarried
16660,Wife
33074,Husband
33074,Not-in-family
33074,Other-relative
33074,Own-child
33074,Unmarried
33074,Wife
11861,Husband
11861,Not-in-family
11861,Other-relative
11861,Own-child
11861,Unmarried
11861,Wife
6002,Husband
6002,Other-relative
6002,Own-child
6002,Wife
28759,Husband
28759,Other-relative
28759,Own-child
28759,Wife
2005,Husband
2005,Other-relative
2005,Own-child
2005,Wife
47699,Husband
47699,Other-relative
47699,Own-child
47699,Wife
35103,Husband
35103,Other-relative
35103,Own-child
35103,Wife
25448,Husband
25448,Not-in-family
25448,Other-relative
25448,Own-child
25448,Unmarried
25448,Wife
42607,Husband
42607,Not-in-family
42607,Other-relative
42607,Own-child
42607,Unmarried
42607,Wife
1598,Husband
1598,Not-in-family
1598,Other-relative
1598,Own-child
1598,Unmarried
1598,Wife
11437,Husband
11437,Not-in-family
11437,Other-relative
11437,Own-child
11437,Unmarried
11437,Wife
1174,Husband
1174,Not-in-family
1174,Other-relative
1174,Own-child
1174,Unmarried
1174,Wife
41992,Not-in-family
41992,Unmarried
6857,Not-in-family
6857,Unmarried
37155,Husband
37155,Not-in-family
37155,Other-relative
37155,Own-child
37155,Unmarried
37155,Wife
41723,Husband
41723,Not-in-family
41723,Other-relative
41723,Own-child
41723,Unmarried
41723,Wife
48763,Husband
48763,Not-in-family
48763,Other-relative
48763,Own-child
48763,Unmarried
48763,Wife
21492,Husband
21492,Not-in-family
21492,Other-relative
21492,Own-child
21492,Unmarried
21492,Wife
35703,Husband
35703,Not-in-family
35703,Other-relative
35703,Own-child
35703,Unmarried
35703,Wife
26192,Husband
26192,Not-in-family
26192,Other-relative
26192,Own-child
26192,Unmarried
26192,Wife
25344,Husband
25344,Not-in-family
25344,Other-relative
25344,Own-child
25344,Unmarried
25344,Wife
26049,Husband
26049,Other-relative
26049,Own-child
26049,Wife
24050,Husband
24050,Not-in-family
24050,Other-relative
24050,Own-child
24050,Unmarried
24050,Wife
7686,Husband
7686,Not-in-family
7686,Other-relative
7686,Own-child
7686,Unmarried
7686,Wife
12043,Husband
12043,Not-in-family
12043,Other-relative
12043,Own-child
12043,Unmarried
12043,Wife
10163,Husband
10163,Other-relative
10163,Own-child
10163,Wife
22698,Husband
22698,Not-in-family
22698,Other-relative
22698,Own-child
22698,Unmarried
22698,Wife
30449,Husband
30449,Not-in-family
30449,Other-relative
30449,Own-child
30449,Unmarried
30449,Wife
36088,Husband
36088,Other-relative
36088,Own-child
36088,Wife
1188,Husband
1188,Not-in-family
1188,Other-relative
1188,Own-child
1188,Unmarried
1188,Wife
35518,Husband
35518,Other-relative
35518,Own-child
35518,Wife
36908,Husband
36908,Not-in-family
36908,Other-relative
36908,Own-child
36908,Unmarried
36908,Wife
37871,Husband
37871,Not-in-family
37871,Other-relative
37871,Own-child
37871,Unmarried
37871,Wife
16654,Husband
16654,Not-in-family
16654,Other-relative
16654,Own-child
16654,Unmarried
16654,Wife
27784,Husband
27784,Not-in-family
27784,Other-relative
27784,Own-child
27784,Unmarried
27784,Wife
36505,Husband
36505,Not-in-family
36505,Other-relative
36505,Own-child
36505,Unmarried
36505,Wife
24337,Husband
24337,Other-relative
24337,Own-child
24337,Wife
42111,Not-in-family
42111,Unmarried
39972,Husband
39972,Not-in-family
39972,Other-relative
39972,Own-child
39972,Unmarried
39972,Wife
5025,Husband
5025,Other-relative
5025,Own-child
5025,Wife
14674,Husband
14674,Not-in-family
14674,Other-relative
14674,Own-child
14674,Unmarried
14674,Wife
30692,Husband
30692,Not-in-family
30692,Other-relative
30692,Own-child
30692,Unmarried
30692,Wife
1902,Not-in-family
1902,Unmarried
42909,Not-in-family
42909,Unmarried
13606,Husband
13606,Other-relative
13606,Own-child
13606,Wife
44689,Husband
44689,Other-relative
44689,Own-child
44689,Wife
47200,Not-in-family
47200,Unmarried
44579,Not-in-family
44579,Unmarried
22746,Husband
22746,Not-in-family
22746,Other-relative
22746,Own-child
22746,Unmarried
22746,Wife
3300,Husband
3300,Not-in-family
3300,Other-relative
3300,Own-child
3300,Unmarried
3300,Wife
39170,Husband
39170,Not-in-family
39170,Other-relative
39170,Own-child
39170,Unmarried
39170,Wife
17165,Husband
17165,Other-relative
17165,Own-child
17165,Wife
28399,Husband
28399,Not-in-family
28399,Other-relative
28399,Own-child
28399,Unmarried
28399,Wife
36123,Husband
36123,Other-relative
36123,Own-child
36123,Wife
42877,Not-in-family
42877,Unmarried
1733,Husband
1733,Not-in-family
1733,Other-relative
1733,Own-child
1733,Unmarried
1733,Wife
22577,Husband
22577,Other-relative
22577,Own-child
22577,Wife
11666,Husband
11666,Not-in-family
11666,Other-relative
11666,Own-child
11666,Unmarried
11666,Wife
28178,Husband
28178,Other-relative
28178,Own-child
28178,Wife
10795,Husband
10795,Not-in-family
10795,Other-relative
10795,Own-child
10795,Unmarried
10795,Wife
6073,Husband
6073,Other-relative
6073,Own-child
6073,Wife
28473,Husband
28473,Not-in-family
28473,Other-relative
28473,Own-child
28473,Unmarried
28473,Wife
34319,Husband
34319,Not-in-family
34319,Other-relative
34319,Own-child
34319,Unmarried
34319,Wife
36550,Husband
36550,Other-relative
36550,Own-child
36550,Wife
35723,Husband
35723,Not-in-family
35723,Other-relative
35723,Own-child
35723,Unmarried
35723,Wife
2690,Husband
2690,Not-in-family
2690,Other-relative
2690,Own-child
2690,Unmarried
2690,Wife
39109,Husband
39109,Not-in-family
39109,Other-relative
39109,Own-child
39109,Unmarried
39109,Wife
43300,Husband
43300,Not-in-family
43300,Other-relative
43300,Own-child
43300,Unmarried
43300,Wife
40135,Husband
40135,Other-relative
40135,Own-child
40135,Wife
21514,Husband
21514,Not-in-family
21514,Other-relative
21514,Own-child
21514,Unmarried
21514,Wife
48733,Husband
48733,Not-in-family
48733,Other-relative
48733,Own-child
48733,Unmarried
48733,Wife
16210,Husband
16210,Not-in-family
16210,Other-relative
16210,Own-child
16210,Unmarried
16210,Wife
47440,Husband
47440,Not-in-family
47440,Other-relative
47440,Own-child
47440,Unmarried
47440,Wife
1507,Husband
1507,Other-relative
1507,Own-child
1507,Wife
12001,Not-in-family
12001,Unmarried
32465,Husband
32465,Not-in-family
32465,Other-relative
32465,Own-child
32465,Unmarried
32465,Wife
30374,Not-in-family
30374,Unmarried
35341,Husband
35341,Not-in-family
35341,Other-relative
35341,Own-child
35341,Unmarried
35341,Wife
10051,Husband
10051,Not-in-family
10051,Other-relative
10051,Own-child
10051,Unmarried
10051,Wife
39070,Husband
39070,Not-in-family
39070,Other-relative
39070,Own-child
39070,Unmarried
39070,Wife
11443,Husband
11443,Other-relative
11443,Own-child
11443,Wife
25104,Husband
25104,Not-in-family
25104,Other-relative
25104,Own-child
25104,Unmarried
25104,Wife
11307,Husband
11307,Other-relative
11307,Own-child
11307,Wife
22480,Husband
22480,Other-relative
22480,Own-child
22480,Wife
31911,Husband
31911,Not-in-family
31911,Other-relative
31911,Own-child
31911,Unmarried
31911,Wife
42030,Husband
42030,Not-in-family
42030,Other-relative
42030,Own-child
42030,Unmarried
42030,Wife
10761,Husband
10761,Not-in-family
10761,Other-relative
10761,Own-child
10761,Unmarried
10761,Wife
21041,Husband
21041,Not-in-family
21041,Other-relative
21041,Own-child
21041,Unmarried
21041,Wife
38562,Husband
38562,Not-in-family
38562,Other-relative
38562,Own-child
38562,Unmarried
38562,Wife
9407,Not-in-family
9407,Unmarried
22181,Husband
22181,Other-relative
22181,Own-child
22181,Wife
18326,Husband
18326,Other-relative
18326,Own-child
18326,Wife
43535,Husband
43535,Not-in-family
43535,Other-relative
43535,Own-child
43535,Unmarried
43535,Wife
8377,Husband
8377,Not-in-family
8377,Other-relative
8377,Own-child
8377,Unmarried
8377,Wife
14333,Husband
14333,Not-in-family
14333,Other-relative
14333,Own-child
14333,Unmarried
14333,Wife
14080,Husband
14080,Other-relative
14080,Own-child
14080,Wife
39851,Husband
39851,Other-relative
39851,Own-child
39851,Wife
13035,Husband
13035,Other-relative
13035,Own-child
13035,Wife
7024,Husband
7024,Not-in-family
7024,Other-relative
7024,Own-child
7024,Unmarried
7024,Wife
47634,Husband
47634,Other-relative
47634,Own-child
47634,Wife
369,Husband
369,Not-in-family
369,Other-relative
369,Own-child
369,Unmarried
369,Wife
7521,Husband
7521,Not-in-family
7521,Other-relative
7521,Own-child
7521,Unmarried
7521,Wife
3973,Husband
3973,Not-in-family
3973,Other-relative
3973,Own-child
3973,Unmarried
3973,Wife
28004,Not-in-family
28004,Unmarried
42009,Not-in-family
42009,Unmarried
6526,Husband
6526,Other-relative
6526,Own-child
6526,Wife
19864,Husband
19864,Not-in-family
19864,Other-relative
19864,Own-child
19864,Unmarried
19864,Wife
22134,Not-in-family
22134,Unmarried
29872,Husband
29872,Not-in-family
29872,Other-relative
29872,Own-child
29872,Unmarried
29872,Wife
6759,Husband
6759,Not-in-family
6759,Other-relative
6759,Own-child
6759,Unmarried
6759,Wife
14126,Husband
14126,Not-in-family
14126,Other-relative
14126,Own-child
14126,Unmarried
14126,Wife
10145,Husband
10145,Other-relative
10145,Own-child
10145,Wife
45586,Husband
45586,Not-in-family
45586,Other-relative
45586,Own-child
45586,Unmarried
45586,Wife
11815,Husband
11815,Not-in-family
11815,Other-relative
11815,Own-child
11815,Unmarried
11815,Wife
16309,Husband
16309,Other-relative
16309,Own-child
16309,Wife
13898,Not-in-family
13898,Unmarried
23629,Husband
23629,Other-relative
23629,Own-child
23629,Wife
8355,Husband
8355,Other-relative
8355,Own-child
8355,Wife
19602,Husband
19602,Not-in-family
19602,Other-relative
19602,Own-child
19602,Unmarried
19602,Wife
25672,Not-in-family
25672,Unmarried
23041,Husband
23041,Other-relative
23041,Own-child
23041,Wife
30588,Husband
30588,Not-in-family
30588,Other-relative
30588,Own-child
30588,Unmarried
30588,Wife
7487,Husband
7487,Other-relative
7487,Own-child
7487,Wife
27138,Husband
27138,Not-in-family
27138,Other-relative
27138,Own-child
27138,Unmarried
27138,Wife
37177,Husband
37177,Other-relative
37177,Own-child
37177,Wife
36353,Husband
36353,Other-relative
36353,Own-child
36353,Wife
31820,Husband
31820,Other-relative
31820,Own-child
31820,Wife
40426,Husband
40426,Not-in-family
40426,Other-relative
40426,Own-child
40426,Unmarried
40426,Wife
23012,Husband
23012,Not-in-family
23012,Other-relative
23012,Own-child
23012,Unmarried
23012,Wife
38215,Husband
38215,Other-relative
38215,Own-child
38215,Wife
46232,Husband
46232,Not-in-family
46232,Other-relative
46232,Own-child
46232,Unmarried
46232,Wife
9463,Husband
9463,Not-in-family
9463,Other-relative
9463,Own-child
9463,Unmarried
9463,Wife
27409,Husband
27409,Other-relative
27409,Own-child
27409,Wife
37089,Husband
37089,Not-in-family
37089,Other-relative
37089,Own-child
37089,Unmarried
37089,Wife
11946,Husband
11946,Not-in-family
11946,Other-relative
11946,Own-child
11946,Unmarried
11946,Wife
15917,Husband
15917,Other-relative
15917,Own-child
15917,Wife
31015,Husband
31015,Other-relative
31015,Own-child
31015,Wife
3195,Husband
3195,Not-in-family
3195,Other-relative
3195,Own-child
3195,Unmarried
3195,Wife
43482,Husband
43482,Not-in-family
43482,Other-relative
43482,Own-child
43482,Unmarried
43482,Wife
16352,Husband
16352,Other-relative
16352,Own-child
16352,Wife
47620,Not-in-family
47620,Unmarried
17331,Husband
17331,Other-relative
17331,Own-child
17331,Wife
21087,Husband
21087,Not-in-family
21087,Other-relative
21087,Own-child
21087,Unmarried
21087,Wife
24512,Husband
24512,Other-relative
24512,Own-child
24512,Wife
33281,Husband
33281,Not-in-family
33281,Other-relative
33281,Own-child
33281,Unmarried
33281,Wife
15877,Husband
15877,Other-relative
15877,Own-child
15877,Wife
7132,Husband
7132,Other-relative
7132,Own-child
7132,Wife
5024,Husband
5024,Not-in-family
5024,Other-relative
5024,Own-child
5024,Unmarried
5024,Wife
10578,Husband
10578,Not-in-family
10578,Other-relative
10578,Own-child
10578,Unmarried
10578,Wife
23274,Husband
23274,Not-in-family
23274,Other-relative
23274,Own-child
23274,Unmarried
23274,Wife
10626,Husband
10626,Not-in-family
10626,Other-relative
10626,Own-child
10626,Unmarried
10626,Wife
8517,Husband
8517,Not-in-family
8517,Other-relative
8517,Own-child
8517,Unmarried
8517,Wife
7454,Husband
7454,Not-in-family
7454,Other-relative
7454,Own-child
7454,Unmarried
7454,Wife
28150,Husband
28150,Other-relative
28150,Own-child
28150,Wife
28362,Husband
28362,Not-in-family
28362,Other-relative
28362,Own-child
28362,Unmarried
28362,Wife
10788,Husband
10788,Not-in-family
10788,Other-relative
10788,Own-child
10788,Unmarried
10788,Wife
39855,Husband
39855,Not-in-family
39855,Other-relative
39855,Own-child
39855,Unmarried
39855,Wife
18834,Not-in-family
18834,Unmarried
38799,Husband
38799,Other-relative
38799,Own-child
38799,Wife
20388,Not-in-family
20388,Unmarried
7877,Husband
7877,Not-in-family
7877,Other-relative
7877,Own-child
7877,Unmarried
7877,Wife
34158,Husband
34158,Not-in-family
34158,Other-relative
34158,Own-child
34158,Unmarried
34158,Wife
33481,Husband
33481,Not-in-family
33481,Other-relative
33481,Own-child
33481,Unmarried
33481,Wife
28439,Husband
28439,Not-in-family
28439,Other-relative
28439,Own-child
28439,Unmarried
28439,Wife
48336,Husband
48336,Other-relative
48336,Own-child
48336,Wife
13513,Husband
13513,Other-relative
13513,Own-child
13513,Wife
2986,Husband
2986,Not-in-family
2986,Other-relative
2986,Own-child
2986,Unmarried
2986,Wife
15106,Husband
15106,Not-in-family
15106,Other-relative
15106,Own-child
15106,Unmarried
15106,Wife
11523,Husband
11523,Not-in-family
11523,Other-relative
11523,Own-child
11523,Unmarried
11523,Wife
947,Husband
947,Not-in-family
947,Other-relative
947,Own-child
947,Unmarried
947,Wife
44350,Husband
44350,Not-in-family
44350,Other-relative
44350,Own-child
44350,Unmarried
44350,Wife
33761,Husband
33761,Not-in-family
33761,Other-relative
33761,Own-child
33761,Unmarried
33761,Wife
7885,Husband
7885,Not-in-family
7885,Other-relative
7885,Own-child
7885,Unmarried
7885,Wife
18044,Husband
18044,Not-in-family
18044,Other-relative
18044,Own-child
18044,Unmarried
18044,Wife
31902,Husband
31902,Not-in-family
31902,Other-relative
31902,Own-child
31902,Unmarried
31902,Wife
4583,Not-in-family
4583,Unmarried
29699,Husband
29699,Other-relative
29699,Own-child
29699,Wife
23343,Husband
23343,Other-relative
23343,Own-child
23343,Wife
20329,Husband
20329,Other-relative
20329,Own-child
20329,Wife
43563,Husband
43563,Not-in-family
43563,Other-relative
43563,Own-child
43563,Unmarried
43563,Wife
15243,Husband
15243,Not-in-family
15243,Other-relative
15243,Own-child
15243,Unmarried
15243,Wife
19688,Husband
19688,Not-in-family
19688,Other-relative
19688,Own-child
19688,Unmarried
19688,Wife
43794,Husband
43794,Other-relative
43794,Own-child
43794,Wife
21463,Not-in-family
21463,Unmarried
40230,Husband
40230,Other-relative
40230,Own-child
40230,Wife
47580,Husband
47580,Other-relative
47580,Own-child
47580,Wife
28995,Husband
28995,Other-relative
28995,Own-child
28995,Wife
9401,Husband
9401,Other-relative
9401,Own-child
9401,Wife
34133,Husband
34133,Other-relative
34133,Own-child
34133,Wife
15823,Not-in-family
15823,Unmarried
27076,Husband
27076,Other-relative
27076,Own-child
27076,Wife
7316,Not-in-family
7316,Unmarried
17608,Husband
17608,Other-relative
17608,Own-child
17608,Wife
7433,Husband
7433,Not-in-family
7433,Other-relative
7433,Own-child
7433,Unmarried
7433,Wife
11963,Husband
11963,Not-in-family
11963,Other-relative
11963,Own-child
11963,Unmarried
11963,Wife
43940,Husband
43940,Not-in-family
43940,Other-relative
43940,Own-child
43940,Unmarried
43940,Wife
47599,Not-in-family
47599,Unmarried
7375,Husband
7375,Not-in-family
7375,Other-relative
7375,Own-child
7375,Unmarried
7375,Wife
29024,Husband
29024,Other-relative
29024,Own-child
29024,Wife
45674,Husband
45674,Not-in-family
45674,Other-relative
45674,Own-child
45674,Unmarried
45674,Wife
17974,Husband
17974,Other-relative
17974,Own-child
17974,Wife
8374,Not-in-family
8374,Unmarried
22206,Husband
22206,Other-relative
22206,Own-child
22206,Wife
37612,Husband
37612,Other-relative
37612,Own-child
37612,Wife
34330,Husband
34330,Other-relative
34330,Own-child
34330,Wife
7021,Husband
7021,Not-in-family
7021,Other-relative
7021,Own-child
7021,Unmarried
7021,Wife
6054,Husband
6054,Not-in-family
6054,Other-relative
6054,Own-child
6054,Unmarried
6054,Wife
23125,Husband
23125,Other-relative
23125,Own-child
23125,Wife
8347,Not-in-family
8347,Unmarried
44260,Husband
44260,Not-in-family
44260,Other-relative
44260,Own-child
44260,Unmarried
44260,Wife
31497,Husband
31497,Other-relative
31497,Own-child
31497,Wife
5036,Husband
5036,Not-in-family
5036,Other-relative
5036,Own-child
5036,Unmarried
5036,Wife
6932,Husband
6932,Not-in-family
6932,Other-relative
6932,Own-child
6932,Unmarried
6932,Wife
11818,Husband
11818,Not-in-family
11818,Other-relative
11818,Own-child
11818,Unmarried
11818,Wife
5056,Husband
5056,Other-relative
5056,Own-child
5056,Wife
30823,Husband
30823,Not-in-family
30823,Other-relative
30823,Own-child
30823,Unmarried
30823,Wife
13419,Husband
13419,Not-in-family
13419,Other-relative
13419,Own-child
13419,Unmarried
13419,Wife
33786,Husband
33786,Not-in-family
33786,Other-relative
33786,Own-child
33786,Unmarried
33786,Wife
24503,Husband
24503,Not-in-family
24503,Other-relative
24503,Own-child
24503,Unmarried
24503,Wife
45666,Husband
45666,Other-relative
45666,Own-child
45666,Wife
32919,Not-in-family
32919,Unmarried
23608,Not-in-family
23608,Unmarried
33980,Husband
33980,Other-relative
33980,Own-child
33980,Wife
10042,Husband
10042,Other-relative
10042,Own-child
10042,Wife
47888,Not-in-family
47888,Unmarried
41622,Husband
41622,Other-relative
41622,Own-child
41622,Wife
41903,Husband
41903,Not-in-family
41903,Other-relative
41903,Own-child
41903,Unmarried
41903,Wife
32233,Not-in-family
32233,Unmarried
17461,Husband
17461,Not-in-family
17461,Other-relative
17461,Own-child
17461,Unmarried
17461,Wife
43724,Husband
43724,Other-relative
43724,Own-child
43724,Wife
18141,Husband
18141,Other-relative
18141,Own-child
18141,Wife
12795,Husband
12795,Not-in-family
12795,Other-relative
12795,Own-child
12795,Unmarried
12795,Wife
19977,Husband
19977,Not-in-family
19977,Other-relative
19977,Own-child
19977,Unmarried
19977,Wife
44715,Husband
44715,Other-relative
44715,Own-child
44715,Wife
25380,Not-in-family
25380,Unmarried
13728,Husband
13728,Not-in-family
13728,Other-relative
13728,Own-child
13728,Unmarried
13728,Wife
26946,Husband
26946,Other-relative
26946,Own-child
26946,Wife
100,Husband
100,Other-relative
100,Own-child
100,Wife
47216,Husband
47216,Other-relative
47216,Own-child
47216,Wife
39213,Husband
39213,Other-relative
39213,Own-child
39213,Wife
28954,Husband
28954,Not-in-family
28954,Other-relative
28954,Own-child
28954,Unmarried
28954,Wife
6020,Husband
6020,Other-relative
6020,Own-child
6020,Wife
7139,Husband
7139,Not-in-family
7139,Other-relative
7139,Own-child
7139,Unmarried
7139,Wife
34250,Husband
34250,Not-in-family
34250,Other-relative
34250,Own-child
34250,Unmarried
34250,Wife
31510,Husband
31510,Other-relative
31510,Own-child
31510,Wife
41042,Not-in-family
41042,Unmarried
20924,Not-in-family
20924,Unmarried
12418,Not-in-family
12418,Unmarried
17149,Husband
17149,Other-relative
17149,Own-child
17149,Wife
18120,Husband
18120,Not-in-family
18120,Other-relative
18120,Own-child
18120,Unmarried
18120,Wife
44901,Not-in-family
44901,Unmarried
2548,Husband
2548,Not-in-family
2548,Other-relative
2548,Own-child
2548,Unmarried
2548,Wife
2133,Husband
2133,Not-in-family
2133,Other-relative
2133,Own-child
2133,Unmarried
2133,Wife
40687,Husband
40687,Other-relative
40687,Own-child
40687,Wife
12540,Husband
12540,Not-in-family
12540,Other-relative
12540,Own-child
12540,Unmarried
12540,Wife
17173,Husband
17173,Not-in-family
17173,Other-relative
17173,Own-child
17173,Unmarried
17173,Wife
31482,Husband
31482,Other-relative
31482,Own-child
31482,Wife
48017,Husband
48017,Not-in-family
48017,Other-relative
48017,Own-child
48017,Unmarried
48017,Wife
20176,Husband
20176,Not-in-family
20176,Other-relative
20176,Own-child
20176,Unmarried
20176,Wife
13038,Husband
13038,Other-relative
13038,Own-child
13038,Wife
5756,Husband
5756,Not-in-family
5756,Other-relative
5756,Own-child
5756,Unmarried
5756,Wife
10287,Husband
10287,Other-relative
10287,Own-child
10287,Wife
36993,Husband
36993,Not-in-family
36993,Other-relative
36993,Own-child
36993,Unmarried
36993,Wife
16497,Husband
16497,Not-in-family
16497,Other-relative
16497,Own-child
16497,Unmarried
16497,Wife
35213,Husband
35213,Other-relative
35213,Own-child
35213,Wife
28569,Husband
28569,Other-relative
28569,Own-child
28569,Wife
12676,Husband
12676,Other-relative
12676,Own-child
12676,Wife
20891,Husband
20891,Not-in-family
20891,Other-relative
20891,Own-child
20891,Unmarried
20891,Wife
43357,Husband
43357,Other-relative
43357,Own-child
43357,Wife
26283,Husband
26283,Not-in-family
26283,Other-relative
26283,Own-child
26283,Unmarried
26283,Wife
27372,Husband
27372,Other-relative
27372,Own-child
27372,Wife
48649,Husband
48649,Not-in-family
48649,Other-relative
48649,Own-child
48649,Unmarried
48649,Wife
10350,Husband
10350,Not-in-family
10350,Other-relative
10350,Own-child
10350,Unmarried
10350,Wife
34272,Not-in-family
34272,Unmarried
9247,Husband
9247,Other-relative
9247,Own-child
9247,Wife
9924,Husband
9924,Not-in-family
9924,Other-relative
9924,Own-child
9924,Unmarried
9924,Wife
14647,Not-in-family
14647,Unmarried
40209,Husband
40209,Not-in-family
40209,Other-relative
40209,Own-child
40209,Unmarried
40209,Wife
43264,Husband
43264,Not-in-family
43264,Other-relative
43264,Own-child
43264,Unmarried
43264,Wife
33026,Husband
33026,Other-relative
33026,Own-child
33026,Wife
35908,Husband
35908,Not-in-family
35908,Other-relative
35908,Own-child
35908,Unmarried
35908,Wife
11639,Husband
11639,Not-in-family
11639,Other-relative
11639,Own-child
11639,Unmarried
11639,Wife
46647,Husband
46647,Not-in-family
46647,Other-relative
46647,Own-child
46647,Unmarried
46647,Wife
18234,Husband
18234,Other-relative
18234,Own-child
18234,Wife
3225,Husband
3225,Not-in-family
3225,Other-relative
3225,Own-child
3225,Unmarried
3225,Wife
507,Husband
507,Not-in-family
507,Other-relative
507,Own-child
507,Unmarried
507,Wife
17823,Husband
17823,Other-relative
17823,Own-child
17823,Wife
32135,Husband
32135,Not-in-family
32135,Other-relative
32135,Own-child
32135,Unmarried
32135,Wife
44147,Husband
44147,Not-in-family
44147,Other-relative
44147,Own-child
44147,Unmarried
44147,Wife
36332,Husband
36332,Other-relative
36332,Own-child
36332,Wife
41999,Not-in-family
41999,Unmarried
24228,Not-in-family
24228,Unmarried
23770,Husband
23770,Not-in-family
23770,Other-relative
23770,Own-child
23770,Unmarried
23770,Wife
15460,Husband
15460,Not-in-family
15460,Other-relative
15460,Own-child
15460,Unmarried
15460,Wife
19423,Husband
19423,Not-in-family
19423,Other-relative
19423,Own-child
19423,Unmarried
19423,Wife
9992,Husband
9992,Not-in-family
9992,Other-relative
9992,Own-child
9992,Unmarried
9992,Wife
8746,Husband
8746,Not-in-family
8746,Other-relative
8746,Own-child
8746,Unmarried
8746,Wife
38592,Husband
38592,Other-relative
38592,Own-child
38592,Wife
11303,Husband
11303,Other-relative
11303,Own-child
11303,Wife
18914,Husband
18914,Other-relative
18914,Own-child
18914,Wife
38753,Not-in-family
38753,Unmarried
29168,Husband
29168,Not-in-family
29168,Other-relative
29168,Own-child
29168,Unmarried
29168,Wife
14866,Husband
14866,Other-relative
14866,Own-child
14866,Wife
20501,Husband
20501,Other-relative
20501,Own-child
20501,Wife
9675,Husband
9675,Not-in-family
9675,Other-relative
9675,Own-child
9675,Unmarried
9675,Wife
23296,Husband
23296,Other-relative
23296,Own-child
23296,Wife
6503,Husband
6503,Not-in-family
6503,Other-relative
6503,Own-child
6503,Unmarried
6503,Wife
4712,Husband
4712,Not-in-family
4712,Other-relative
4712,Own-child
4712,Unmarried
4712,Wife
8376,Husband
8376,Other-relative
8376,Own-child
8376,Wife
39185,Husband
39185,Other-relative
39185,Own-child
39185,Wife
1580,Husband
1580,Other-relative
1580,Own-child
1580,Wife
10797,Husband
10797,Other-relative
10797,Own-child
10797,Wife
16928,Husband
16928,Not-in-family
16928,Other-relative
16928,Own-child
16928,Unmarried
16928,Wife
29670,Husband
29670,Not-in-family
29670,Other-relative
29670,Own-child
29670,Unmarried
29670,Wife
3217,Husband
3217,Other-relative
3217,Own-child
3217,Wife
19152,Husband
19152,Other-relative
19152,Own-child
19152,Wife
9550,Husband
9550,Other-relative
9550,Own-child
9550,Wife
35832,Husband
35832,Not-in-family
35832,Other-relative
35832,Own-child
35832,Unmarried
35832,Wife
11662,Husband
11662,Not-in-family
11662,Other-relative
11662,Own-child
11662,Unmarried
11662,Wife
28944,Husband
28944,Not-in-family
28944,Other-relative
28944,Own-child
28944,Unmarried
28944,Wife
42294,Husband
42294,Not-in-family
42294,Other-relative
42294,Own-child
42294,Unmarried
42294,Wife
22524,Husband
22524,Other-relative
22524,Own-child
22524,Wife
21813,Husband
21813,Not-in-family
21813,Other-relative
21813,Own-child
21813,Unmarried
21813,Wife
33745,Husband
33745,Not-in-family
33745,Other-relative
33745,Own-child
33745,Unmarried
33745,Wife
19308,Not-in-family
19308,Unmarried
11162,Husband
11162,Not-in-family
11162,Other-relative
11162,Own-child
11162,Unmarried
11162,Wife
39911,Husband
39911,Not-in-family
39911,Other-relative
39911,Own-child
39911,Unmarried
39911,Wife
2703,Husband
2703,Not-in-family
2703,Other-relative
2703,Own-child
2703,Unmarried
2703,Wife
7955,Husband
7955,Not-in-family
7955,Other-relative
7955,Own-child
7955,Unmarried
7955,Wife
11078,Husband
11078,Other-relative
11078,Own-child
11078,Wife
13945,Husband
13945,Not-in-family
13945,Other-relative
13945,Own-child
13945,Unmarried
13945,Wife
15599,Not-in-family
15599,Unmarried
3667,Not-in-family
3667,Unmarried
47473,Husband
47473,Not-in-family
47473,Other-relative
47473,Own-child
47473,Unmarried
47473,Wife
29591,Husband
29591,Not-in-family
29591,Other-relative
29591,Own-child
29591,Unmarried
29591,Wife
14936,Husband
14936,Not-in-family
14936,Other-relative
14936,Own-child
14936,Unmarried
14936,Wife
36874,Husband
36874,Not-in-family
36874,Other-relative
36874,Own-child
36874,Unmarried
36874,Wife
31296,Husband
31296,Other-relative
31296,Own-child
31296,Wife
18673,Husband
18673,Not-in-family
18673,Other-relative
18673,Own-child
18673,Unmarried
18673,Wife
3151,Not-in-family
3151,Unmarried
39971,Husband
39971,Not-in-family
39971,Other-relative
39971,Own-child
39971,Unmarried
39971,Wife
5082,Not-in-family
5082,Unmarried
31514,Husband
31514,Not-in-family
31514,Other-relative
31514,Own-child
31514,Unmarried
31514,Wife
5163,Husband
5163,Not-in-family
5163,Other-relative
5163,Own-child
5163,Unmarried
5163,Wife
7,Husband
7,Other-relative
7,Own-child
7,Wife
32837,Not-in-family
32837,Unmarried
20980,Husband
20980,Other-relative
20980,Own-child
20980,Wife
33109,Husband
33109,Other-relative
33109,Own-child
33109,Wife
42035,Husband
42035,Other-relative
42035,Own-child
42035,Wife
31958,Husband
31958,Not-in-family
31958,Other-relative
31958,Own-child
31958,Unmarried
31958,Wife
8286,Not-in-family
8286,Unmarried
20403,Husband
20403,Other-relative
20403,Own-child
20403,Wife
43711,Husband
43711,Not-in-family
43711,Other-relative
43711,Own-child
43711,Unmarried
43711,Wife
2352,Husband
2352,Not-in-family
2352,Other-relative
2352,Own-child
2352,Unmarried
2352,Wife
6446,Husband
6446,Not-in-family
6446,Other-relative
6446,Own-child
6446,Unmarried
6446,Wife
44145,Husband
44145,Not-in-family
44145,Other-relative
44145,Own-child
44145,Unmarried
44145,Wife
4186,Husband
4186,Not-in-family
4186,Other-relative
4186,Own-child
4186,Unmarried
4186,Wife
16723,Husband
16723,Other-relative
16723,Own-child
16723,Wife
31518,Husband
31518,Not-in-family
31518,Other-relative
31518,Own-child
31518,Unmarried
31518,Wife
21440,Husband
21440,Not-in-family
21440,Other-relative
21440,Own-child
21440,Unmarried
21440,Wife
38448,Husband
38448,Not-in-family
38448,Other-relative
38448,Own-child
38448,Unmarried
38448,Wife
12861,Not-in-family
12861,Unmarried
18433,Husband
18433,Other-relative
18433,Own-child
18433,Wife
29197,Husband
29197,Other-relative
29197,Own-child
29197,Wife
45333,Not-in-family
45333,Unmarried
3951,Husband
3951,Not-in-family
3951,Other-relative
3951,Own-child
3951,Unmarried
3951,Wife
13894,Not-in-family
13894,Unmarried
12353,Not-in-family
12353,Unmarried
35220,Husband
35220,Not-in-family
35220,Other-relative
35220,Own-child
35220,Unmarried
35220,Wife
5655,Husband
5655,Not-in-family
5655,Other-relative
5655,Own-child
5655,Unmarried
5655,Wife
46980,Husband
46980,Not-in-family
46980,Other-relative
46980,Own-child
46980,Unmarried
46980,Wife
2668,Husband
2668,Not-in-family
2668,Other-relative
2668,Own-child
2668,Unmarried
2668,Wife
18505,Not-in-family
18505,Unmarried
34152,Husband
34152,Not-in-family
34152,Other-relative
34152,Own-child
34152,Unmarried
34152,Wife
17239,Husband
17239,Not-in-family
17239,Other-relative
17239,Own-child
17239,Unmarried
17239,Wife
39166,Not-in-family
39166,Unmarried
43504,Husband
43504,Not-in-family
43504,Other-relative
43504,Own-child
43504,Unmarried
43504,Wife
14714,Husband
14714,Other-relative
14714,Own-child
14714,Wife
17184,Husband
17184,Other-relative
17184,Own-child
17184,Wife
17044,Husband
17044,Not-in-family
17044,Other-relative
17044,Own-child
17044,Unmarried
17044,Wife
21019,Husband
21019,Other-relative
21019,Own-child
21019,Wife
33300,Husband
33300,Not-in-family
33300,Other-relative
33300,Own-child
33300,Unmarried
33300,Wife
27711,Husband
27711,Not-in-family
27711,Other-relative
27711,Own-child
27711,Unmarried
27711,Wife
14165,Husband
14165,Not-in-family
14165,Other-relative
14165,Own-child
14165,Unmarried
14165,Wife
45947,Husband
45947,Other-relative
45947,Own-child
45947,Wife
15747,Husband
15747,Not-in-family
15747,Other-relative
15747,Own-child
15747,Unmarried
15747,Wife
22900,Husband
22900,Not-in-family
22900,Other-relative
22900,Own-child
22900,Unmarried
22900,Wife
31907,Husband
31907,Not-in-family
31907,Other-relative
31907,Own-child
31907,Unmarried
31907,Wife
17381,Husband
17381,Not-in-family
17381,Other-relative
17381,Own-child
17381,Unmarried
17381,Wife
40921,Husband
40921,Other-relative
40921,Own-child
40921,Wife
1765,Husband
1765,Other-relative
1765,Own-child
1765,Wife
29800,Not-in-family
29800,Unmarried
1822,Husband
1822,Other-relative
1822,Own-child
1822,Wife
15109,Husband
15109,Not-in-family
15109,Other-relative
15109,Own-child
15109,Unmarried
15109,Wife
17544,Husband
17544,Not-in-family
17544,Other-relative
17544,Own-child
17544,Unmarried
17544,Wife
35023,Not-in-family
35023,Unmarried
20832,Husband
20832,Not-in-family
20832,Other-relative
20832,Own-child
20832,Unmarried
20832,Wife
48741,Husband
48741,Not-in-family
48741,Other-relative
48741,Own-child
48741,Unmarried
48741,Wife
37239,Husband
37239,Not-in-family
37239,Other-relative
37239,Own-child
37239,Unmarried
37239,Wife
161,Not-in-family
161,Unmarried
17220,Husband
17220,Not-in-family
17220,Other-relative
17220,Own-child
17220,Unmarried
17220,Wife
29854,Husband
29854,Not-in-family
29854,Other-relative
29854,Own-child
29854,Unmarried
29854,Wife
47508,Husband
47508,Not-in-family
47508,Other-relative
47508,Own-child
47508,Unmarried
47508,Wife
4063,Husband
4063,Not-in-family
4063,Other-relative
4063,Own-child
4063,Unmarried
4063,Wife
121,Husband
121,Other-relative
121,Own-child
121,Wife
30446,Husband
30446,Not-in-family
30446,Other-relative
30446,Own-child
30446,Unmarried
30446,Wife
30544,Husband
30544,Not-in-family
30544,Other-relative
30544,Own-child
30544,Unmarried
30544,Wife
37489,Husband
37489,Not-in-family
37489,Other-relative
37489,Own-child
37489,Unmarried
37489,Wife
46976,Not-in-family
46976,Unmarried
40042,Husband
40042,Other-relative
40042,Own-child
40042,Wife
40852,Husband
40852,Not-in-family
40852,Other-relative
40852,Own-child
40852,Unmarried
40852,Wife
11416,Not-in-family
11416,Unmarried
38803,Husband
38803,Other-relative
38803,Own-child
38803,Wife
41441,Husband
41441,Not-in-family
41441,Other-relative
41441,Own-child
41441,Unmarried
41441,Wife
15284,Husband
15284,Not-in-family
15284,Other-relative
15284,Own-child
15284,Unmarried
15284,Wife
14661,Husband
14661,Other-relative
14661,Own-child
14661,Wife
321,Husband
321,Not-in-family
321,Other-relative
321,Own-child
321,Unmarried
321,Wife
37666,Husband
37666,Not-in-family
37666,Other-relative
37666,Own-child
37666,Unmarried
37666,Wife
15050,Husband
15050,Not-in-family
15050,Other-relative
15050,Own-child
15050,Unmarried
15050,Wife
16800,Husband
16800,Other-relative
16800,Own-child
16800,Wife
19004,Not-in-family
19004,Unmarried
27986,Husband
27986,Other-relative
27986,Own-child
27986,Wife
28471,Not-in-family
28471,Unmarried
28228,Husband
28228,Other-relative
28228,Own-child
28228,Wife
47153,Husband
47153,Other-relative
47153,Own-child
47153,Wife
37583,Husband
37583,Not-in-family
37583,Other-relative
37583,Own-child
37583,Unmarried
37583,Wife
5460,Husband
5460,Other-relative
5460,Own-child
5460,Wife
36455,Husband
36455,Not-in-family
36455,Other-relative
36455,Own-child
36455,Unmarried
36455,Wife
2965,Husband
2965,Other-relative
2965,Own-child
2965,Wife
32400,Husband
32400,Other-relative
32400,Own-child
32400,Wife
39273,Husband
39273,Other-relative
39273,Own-child
39273,Wife
812,Not-in-family
812,Unmarried
2463,Not-in-family
2463,Unmarried
22368,Husband
22368,Not-in-family
22368,Other-relative
22368,Own-child
22368,Unmarried
22368,Wife
29757,Husband
29757,Not-in-family
29757,Other-relative
29757,Own-child
29757,Unmarried
29757,Wife
28909,Husband
28909,Not-in-family
28909,Other-relative
28909,Own-child
28909,Unmarried
28909,Wife
15382,Husband
15382,Not-in-family
15382,Other-relative
15382,Own-child
15382,Unmarried
15382,Wife
19344,Husband
19344,Not-in-family
19344,Other-relative
19344,Own-child
19344,Unmarried
19344,Wife
21569,Husband
21569,Other-relative
21569,Own-child
21569,Wife
40518,Husband
40518,Not-in-family
40518,Other-relative
40518,Own-child
40518,Unmarried
40518,Wife
13990,Husband
13990,Not-in-family
13990,Other-relative
13990,Own-child
13990,Unmarried
13990,Wife
6592,Not-in-family
6592,Unmarried
16811,Husband
16811,Other-relative
16811,Own-child
16811,Wife
47049,Husband
47049,Other-relative
47049,Own-child
47049,Wife
1530,Husband
1530,Not-in-family
1530,Other-relative
1530,Own-child
1530,Unmarried
1530,Wife
34069,Husband
34069,Other-relative
34069,Own-child
34069,Wife
7599,Husband
7599,Other-relative
7599,Own-child
7599,Wife
33134,Husband
33134,Not-in-family
33134,Other-relative
33134,Own-child
33134,Unmarried
33134,Wife
4333,Not-in-family
4333,Unmarried
20294,Husband
20294,Not-in-family
20294,Other-relative
20294,Own-child
20294,Unmarried
20294,Wife
28801,Husband
28801,Other-relative
28801,Own-child
28801,Wife
46644,Husband
46644,Not-in-family
46644,Other-relative
46644,Own-child
46644,Unmarried
46644,Wife
29503,Husband
29503,Not-in-family
29503,Other-relative
29503,Own-child
29503,Unmarried
29503,Wife
21469,Husband
21469,Not-in-family
21469,Other-relative
21469,Own-child
21469,Unmarried
21469,Wife
4049,Husband
4049,Not-in-family
4049,Other-relative
4049,Own-child
4049,Unmarried
4049,Wife
199,Not-in-family
199,Unmarried
20330,Husband
20330,Other-relative
20330,Own-child
20330,Wife
47192,Husband
47192,Not-in-family
47192,Other-relative
47192,Own-child
47192,Unmarried
47192,Wife
25057,Not-in-family
25057,Unmarried
38804,Husband
38804,Not-in-family
38804,Other-relative
38804,Own-child
38804,Unmarried
38804,Wife
21002,Husband
21002,Other-relative
21002,Own-child
21002,Wife
16216,Husband
16216,Not-in-family
16216,Other-relative
16216,Own-child
16216,Unmarried
16216,Wife
25174,Husband
25174,Not-in-family
25174,Other-relative
25174,Own-child
25174,Unmarried
25174,Wife
25650,Husband
25650,Not-in-family
25650,Other-relative
25650,Own-child
25650,Unmarried
25650,Wife
33152,Husband
33152,Other-relative
33152,Own-child
33152,Wife
18606,Husband
18606,Not-in-family
18606,Other-relative
18606,Own-child
18606,Unmarried
18606,Wife
32628,Husband
32628,Not-in-family
32628,Other-relative
32628,Own-child
32628,Unmarried
32628,Wife
8738,Husband
8738,Not-in-family
8738,Other-relative
8738,Own-child
8738,Unmarried
8738,Wife
1617,Husband
1617,Not-in-family
1617,Other-relative
1617,Own-child
1617,Unmarried
1617,Wife
23114,Husband
23114,Not-in-family
23114,Other-relative
23114,Own-child
23114,Unmarried
23114,Wife
13021,Husband
13021,Not-in-family
13021,Other-relative
13021,Own-child
13021,Unmarried
13021,Wife
10988,Husband
10988,Not-in-family
10988,Other-relative
10988,Own-child
10988,Unmarried
10988,Wife
1076,Husband
1076,Not-in-family
1076,Other-relative
1076,Own-child
1076,Unmarried
1076,Wife
39977,Husband
39977,Not-in-family
39977,Other-relative
39977,Own-child
39977,Unmarried
39977,Wife
39508,Husband
39508,Not-in-family
39508,Other-relative
39508,Own-child
39508,Unmarried
39508,Wife
10763,Husband
10763,Not-in-family
10763,Other-relative
10763,Own-child
10763,Unmarried
10763,Wife
16766,Not-in-family
16766,Unmarried
8969,Husband
8969,Other-relative
8969,Own-child
8969,Wife
33116,Husband
33116,Other-relative
33116,Own-child
33116,Wife
156,Husband
156,Not-in-family
156,Other-relative
156,Own-child
156,Unmarried
156,Wife
40060,Husband
40060,Other-relative
40060,Own-child
40060,Wife
29874,Husband
29874,Not-in-family
29874,Other-relative
29874,Own-child
29874,Unmarried
29874,Wife
31374,Husband
31374,Not-in-family
31374,Other-relative
31374,Own-child
31374,Unmarried
31374,Wife
21371,Not-in-family
21371,Unmarried
38617,Not-in-family
38617,Unmarried
4714,Husband
4714,Not-in-family
4714,Other-relative
4714,Own-child
4714,Unmarried
4714,Wife
27488,Not-in-family
27488,Unmarried
26921,Husband
26921,Not-in-family
26921,Other-relative
26921,Own-child
26921,Unmarried
26921,Wife
26538,Husband
26538,Other-relative
26538,Own-child
26538,Wife
25814,Husband
25814,Not-in-family
25814,Other-relative
25814,Own-child
25814,Unmarried
25814,Wife
19039,Husband
19039,Other-relative
19039,Own-child
19039,Wife
21171,Husband
21171,Not-in-family
21171,Other-relative
21171,Own-child
21171,Unmarried
21171,Wife
29895,Husband
29895,Not-in-family
29895,Other-relative
29895,Own-child
29895,Unmarried
29895,Wife
30541,Husband
30541,Other-relative
30541,Own-child
30541,Wife
48633,Not-in-family
48633,Unmarried
1586,Husband
1586,Not-in-family
1586,Other-relative
1586,Own-child
1586,Unmarried
1586,Wife
4871,Husband
4871,Other-relative
4871,Own-child
4871,Wife
38996,Husband
38996,Other-relative
38996,Own-child
38996,Wife
35783,Husband
35783,Not-in-family
35783,Other-relative
35783,Own-child
35783,Unmarried
35783,Wife
28406,Husband
28406,Not-in-family
28406,Other-relative
28406,Own-child
28406,Unmarried
28406,Wife
16520,Husband
16520,Not-in-family
16520,Other-relative
16520,Own-child
16520,Unmarried
16520,Wife
5351,Not-in-family
5351,Unmarried
9989,Husband
9989,Other-relative
9989,Own-child
9989,Wife
27474,Husband
27474,Not-in-family
27474,Other-relative
27474,Own-child
27474,Unmarried
27474,Wife
18105,Not-in-family
18105,Unmarried
4043,Not-in-family
4043,Unmarried
1720,Husband
1720,Not-in-family
1720,Other-relative
1720,Own-child
1720,Unmarried
1720,Wife
34090,Husband
34090,Not-in-family
34090,Other-relative
34090,Own-child
34090,Unmarried
34090,Wife
18157,Husband
18157,Not-in-family
18157,Other-relative
18157,Own-child
18157,Unmarried
18157,Wife
32476,Husband
32476,Not-in-family
32476,Other-relative
32476,Own-child
32476,Unmarried
32476,Wife
38876,Not-in-family
38876,Unmarried
13758,Not-in-family
13758,Unmarried
1660,Husband
1660,Not-in-family
1660,Other-relative
1660,Own-child
1660,Unmarried
1660,Wife
9388,Husband
9388,Other-relative
9388,Own-child
9388,Wife
42600,Not-in-family
42600,Unmarried
6691,Not-in-family
6691,Unmarried
32849,Husband
32849,Other-relative
32849,Own-child
32849,Wife
6182,Husband
6182,Not-in-family
6182,Other-relative
6182,Own-child
6182,Unmarried
6182,Wife
43409,Husband
43409,Other-relative
43409,Own-child
43409,Wife
5550,Husband
5550,Not-in-family
5550,Other-relative
5550,Own-child
5550,Unmarried
5550,Wife
40417,Husband
40417,Not-in-family
40417,Other-relative
40417,Own-child
40417,Unmarried
40417,Wife
12148,Husband
12148,Other-relative
12148,Own-child
12148,Wife
31297,Not-in-family
31297,Unmarried
38122,Husband
38122,Not-in-family
38122,Other-relative
38122,Own-child
38122,Unmarried
38122,Wife
28818,Husband
28818,Other-relative
28818,Own-child
28818,Wife
36510,Not-in-family
36510,Unmarried
14969,Husband
14969,Other-relative
14969,Own-child
14969,Wife
19743,Husband
19743,Not-in-family
19743,Other-relative
19743,Own-child
19743,Unmarried
19743,Wife
33462,Husband
33462,Not-in-family
33462,Other-relative
33462,Own-child
33462,Unmarried
33462,Wife
43534,Husband
43534,Other-relative
43534,Own-child
43534,Wife
1603,Husband
1603,Other-relative
1603,Own-child
1603,Wife
47431,Not-in-family
47431,Unmarried
6590,Not-in-family
6590,Unmarried
18434,Not-in-family
18434,Unmarried
11571,Husband
11571,Not-in-family
11571,Other-relative
11571,Own-child
11571,Unmarried
11571,Wife
10076,Husband
10076,Not-in-family
10076,Other-relative
10076,Own-child
10076,Unmarried
10076,Wife
22726,Husband
22726,Other-relative
22726,Own-child
22726,Wife
41626,Husband
41626,Not-in-family
41626,Other-relative
41626,Own-child
41626,Unmarried
41626,Wife
26157,Husband
26157,Not-in-family
26157,Other-relative
26157,Own-child
26157,Unmarried
26157,Wife
48163,Husband
48163,Other-relative
48163,Own-child
48163,Wife
1967,Husband
1967,Not-in-family
1967,Other-relative
1967,Own-child
1967,Unmarried
1967,Wife
7309,Husband
7309,Other-relative
7309,Own-child
7309,Wife
32582,Husband
32582,Not-in-family
32582,Other-relative
32582,Own-child
32582,Unmarried
32582,Wife
39346,Husband
39346,Not-in-family
39346,Other-relative
39346,Own-child
39346,Unmarried
39346,Wife
26521,Husband
26521,Other-relative
26521,Own-child
26521,Wife
20907,Husband
20907,Not-in-family
20907,Other-relative
20907,Own-child
20907,Unmarried
20907,Wife
1334,Husband
1334,Other-relative
1334,Own-child
1334,Wife
9504,Husband
9504,Not-in-family
9504,Other-relative
9504,Own-child
9504,Unmarried
9504,Wife
2747,Husband
2747,Not-in-family
2747,Other-relative
2747,Own-child
2747,Unmarried
2747,Wife
31618,Husband
31618,Other-relative
31618,Own-child
31618,Wife
41639,Husband
41639,Other-relative
41639,Own-child
41639,Wife
7590,Husband
7590,Other-relative
7590,Own-child
7590,Wife
36009,Not-in-family
36009,Unmarried
28213,Husband
28213,Not-in-family
28213,Other-relative
28213,Own-child
28213,Unmarried
28213,Wife
31985,Husband
31985,Not-in-family
31985,Other-relative
31985,Own-child
31985,Unmarried
31985,Wife
22889,Husband
22889,Not-in-family
22889,Other-relative
22889,Own-child
22889,Unmarried
22889,Wife
11775,Husband
11775,Other-relative
11775,Own-child
11775,Wife
665,Husband
665,Not-in-family
665,Other-relative
665,Own-child
665,Unmarried
665,Wife
28817,Husband
28817,Not-in-family
28817,Other-relative
28817,Own-child
28817,Unmarried
28817,Wife
36221,Husband
36221,Other-relative
36221,Own-child
36221,Wife
15632,Husband
15632,Not-in-family
15632,Other-relative
15632,Own-child
15632,Unmarried
15632,Wife
10813,Not-in-family
10813,Unmarried
24467,Husband
24467,Not-in-family
24467,Other-relative
24467,Own-child
24467,Unmarried
24467,Wife
153,Husband
153,Other-relative
153,Own-child
153,Wife
41264,Not-in-family
41264,Unmarried
11736,Husband
11736,Not-in-family
11736,Other-relative
11736,Own-child
11736,Unmarried
11736,Wife
1907,Husband
1907,Not-in-family
1907,Other-relative
1907,Own-child
1907,Unmarried
1907,Wife
41163,Husband
41163,Other-relative
41163,Own-child
41163,Wife
4495,Husband
4495,Other-relative
4495,Own-child
4495,Wife
18333,Husband
18333,Not-in-family
18333,Other-relative
18333,Own-child
18333,Unmarried
18333,Wife
1794,Husband
1794,Other-relative
1794,Own-child
1794,Wife
42840,Husband
42840,Not-in-family
42840,Other-relative
42840,Own-child
42840,Unmarried
42840,Wife
13964,Not-in-family
13964,Unmarried
37476,Not-in-family
37476,Unmarried
38734,Husband
38734,Not-in-family
38734,Other-relative
38734,Own-child
38734,Unmarried
38734,Wife
43159,Husband
43159,Other-relative
43159,Own-child
43159,Wife
47010,Not-in-family
47010,Unmarried
8596,Not-in-family
8596,Unmarried
42013,Not-in-family
42013,Unmarried
10398,Not-in-family
10398,Unmarried
44569,Husband
44569,Not-in-family
44569,Other-relative
44569,Own-child
44569,Unmarried
44569,Wife
14599,Husband
14599,Other-relative
14599,Own-child
14599,Wife
39076,Husband
39076,Not-in-family
39076,Other-relative
39076,Own-child
39076,Unmarried
39076,Wife
45296,Husband
45296,Other-relative
45296,Own-child
45296,Wife
22062,Husband
22062,Other-relative
22062,Own-child
22062,Wife
8349,Husband
8349,Not-in-family
8349,Other-relative
8349,Own-child
8349,Unmarried
8349,Wife
24263,Husband
24263,Other-relative
24263,Own-child
24263,Wife
6119,Husband
6119,Not-in-family
6119,Other-relative
6119,Own-child
6119,Unmarried
6119,Wife
42743,Husband
42743,Other-relative
42743,Own-child
42743,Wife
42687,Husband
42687,Other-relative
42687,Own-child
42687,Wife
28119,Husband
28119,Not-in-family
28119,Other-relative
28119,Own-child
28119,Unmarried
28119,Wife
5797,Husband
5797,Not-in-family
5797,Other-relative
5797,Own-child
5797,Unmarried
5797,Wife
979,Husband
979,Other-relative
979,Own-child
979,Wife
14989,Husband
14989,Not-in-family
14989,Other-relative
14989,Own-child
14989,Unmarried
14989,Wife
28070,Husband
28070,Not-in-family
28070,Other-relative
28070,Own-child
28070,Unmarried
28070,Wife
37291,Husband
37291,Other-relative
37291,Own-child
37291,Wife
5761,Husband
5761,Not-in-family
5761,Other-relative
5761,Own-child
5761,Unmarried
5761,Wife
14268,Not-in-family
14268,Unmarried
39108,Husband
39108,Not-in-family
39108,Other-relative
39108,Own-child
39108,Unmarried
39108,Wife
35344,Husband
35344,Other-relative
35344,Own-child
35344,Wife
4802,Husband
4802,Not-in-family
4802,Other-relative
4802,Own-child
4802,Unmarried
4802,Wife
43230,Husband
43230,Not-in-family
43230,Other-relative
43230,Own-child
43230,Unmarried
43230,Wife
14168,Husband
14168,Other-relative
14168,Own-child
14168,Wife
2490,Husband
2490,Not-in-family
2490,Other-relative
2490,Own-child
2490,Unmarried
2490,Wife
17919,Husband
17919,Not-in-family
17919,Other-relative
17919,Own-child
17919,Unmarried
17919,Wife
17641,Not-in-family
17641,Unmarried
2290,Husband
2290,Other-relative
2290,Own-child
2290,Wife
20856,Husband
20856,Not-in-family
20856,Other-relative
20856,Own-child
20856,Unmarried
20856,Wife
1885,Not-in-family
1885,Unmarried
2665,Husband
2665,Not-in-family
2665,Other-relative
2665,Own-child
2665,Unmarried
2665,Wife
33640,Not-in-family
33640,Unmarried
18816,Husband
18816,Not-in-family
18816,Other-relative
18816,Own-child
18816,Unmarried
18816,Wife
8870,Husband
8870,Not-in-family
8870,Other-relative
8870,Own-child
8870,Unmarried
8870,Wife
36856,Husband
36856,Not-in-family
36856,Other-relative
36856,Own-child
36856,Unmarried
36856,Wife
8259,Not-in-family
8259,Unmarried
21544,Husband
21544,Not-in-family
21544,Other-relative
21544,Own-child
21544,Unmarried
21544,Wife
22016,Husband
22016,Other-relative
22016,Own-child
22016,Wife
34228,Husband
34228,Not-in-family
34228,Other-relative
34228,Own-child
34228,Unmarried
34228,Wife
13304,Husband
13304,Other-relative
13304,Own-child
13304,Wife
15191,Husband
15191,Not-in-family
15191,Other-relative
15191,Own-child
15191,Unmarried
15191,Wife
26726,Husband
26726,Not-in-family
26726,Other-relative
26726,Own-child
26726,Unmarried
26726,Wife
32604,Husband
32604,Other-relative
32604,Own-child
32604,Wife
19006,Husband
19006,Not-in-family
19006,Other-relative
19006,Own-child
19006,Unmarried
19006,Wife
10028,Husband
10028,Not-in-family
10028,Other-relative
10028,Own-child
10028,Unmarried
10028,Wife
35328,Husband
35328,Not-in-family
35328,Other-relative
35328,Own-child
35328,Unmarried
35328,Wife
30338,Husband
30338,Not-in-family
30338,Other-relative
30338,Own-child
30338,Unmarried
30338,Wife
10066,Husband
10066,Not-in-family
10066,Other-relative
10066,Own-child
10066,Unmarried
10066,Wife
14626,Husband
14626,Other-relative
14626,Own-child
14626,Wife
20539,Husband
20539,Not-in-family
20539,Other-relative
20539,Own-child
20539,Unmarried
20539,Wife
9162,Husband
9162,Not-in-family
9162,Other-relative
9162,Own-child
9162,Unmarried
9162,Wife
36715,Husband
36715,Not-in-family
36715,Other-relative
36715,Own-child
36715,Unmarried
36715,Wife
33524,Husband
33524,Other-relative
33524,Own-child
33524,Wife
6139,Husband
6139,Other-relative
6139,Own-child
6139,Wife
37018,Husband
37018,Not-in-family
37018,Other-relative
37018,Own-child
37018,Unmarried
37018,Wife
9899,Husband
9899,Not-in-family
9899,Other-relative
9899,Own-child
9899,Unmarried
9899,Wife
43881,Husband
43881,Not-in-family
43881,Other-relative
43881,Own-child
43881,Unmarried
43881,Wife
27991,Husband
27991,Not-in-family
27991,Other-relative
27991,Own-child
27991,Unmarried
27991,Wife
1940,Husband
1940,Not-in-family
1940,Other-relative
1940,Own-child
1940,Unmarried
1940,Wife
45551,Husband
45551,Other-relative
45551,Own-child
45551,Wife
4552,Husband
4552,Not-in-family
4552,Other-relative
4552,Own-child
4552,Unmarried
4552,Wife
571,Husband
571,Other-relative
571,Own-child
571,Wife
20478,Not-in-family
20478,Unmarried
31381,Not-in-family
31381,Unmarried
4807,Husband
4807,Not-in-family
4807,Other-relative
4807,Own-child
4807,Unmarried
4807,Wife
29298,Husband
29298,Not-in-family
29298,Other-relative
29298,Own-child
29298,Unmarried
29298,Wife
19755,Husband
19755,Not-in-family
19755,Other-relative
19755,Own-child
19755,Unmarried
19755,Wife
17532,Husband
17532,Not-in-family
17532,Other-relative
17532,Own-child
17532,Unmarried
17532,Wife
22626,Not-in-family
22626,Unmarried
3552,Husband
3552,Not-in-family
3552,Other-relative
3552,Own-child
3552,Unmarried
3552,Wife
32374,Husband
32374,Not-in-family
32374,Other-relative
32374,Own-child
32374,Unmarried
32374,Wife
34292,Husband
34292,Not-in-family
34292,Other-relative
34292,Own-child
34292,Unmarried
34292,Wife
44427,Husband
44427,Not-in-family
44427,Other-relative
44427,Own-child
44427,Unmarried
44427,Wife
15436,Husband
15436,Other-relative
15436,Own-child
15436,Wife
19027,Husband
19027,Not-in-family
19027,Other-relative
19027,Own-child
19027,Unmarried
19027,Wife
30164,Husband
30164,Not-in-family
30164,Other-relative
30164,Own-child
30164,Unmarried
30164,Wife
26585,Not-in-family
26585,Unmarried
13317,Husband
13317,Not-in-family
13317,Other-relative
13317,Own-child
13317,Unmarried
13317,Wife
29695,Not-in-family
29695,Unmarried
1308,Husband
1308,Other-relative
1308,Own-child
1308,Wife
42326,Husband
42326,Not-in-family
42326,Other-relative
42326,Own-child
42326,Unmarried
42326,Wife
13777,Husband
13777,Not-in-family
13777,Other-relative
13777,Own-child
13777,Unmarried
13777,Wife
26686,Husband
26686,Not-in-family
26686,Other-relative
26686,Own-child
26686,Unmarried
26686,Wife
14034,Husband
14034,Other-relative
14034,Own-child
14034,Wife
25949,Not-in-family
25949,Unmarried
9556,Husband
9556,Not-in-family
9556,Other-relative
9556,Own-child
9556,Unmarried
9556,Wife
22323,Husband
22323,Other-relative
22323,Own-child
22323,Wife
16815,Husband
16815,Other-relative
16815,Own-child
16815,Wife
20777,Husband
20777,Not-in-family
20777,Other-relative
20777,Own-child
20777,Unmarried
20777,Wife
25204,Husband
25204,Other-relative
25204,Own-child
25204,Wife
25287,Husband
25287,Not-in-family
25287,Other-relative
25287,Own-child
25287,Unmarried
25287,Wife
46016,Husband
46016,Other-relative
46016,Own-child
46016,Wife
13484,Husband
13484,Other-relative
13484,Own-child
13484,Wife
12473,Husband
12473,Not-in-family
12473,Other-relative
12473,Own-child
12473,Unmarried
12473,Wife
41190,Husband
41190,Not-in-family
41190,Other-relative
41190,Own-child
41190,Unmarried
41190,Wife
25595,Husband
25595,Other-relative
25595,Own-child
25595,Wife
42844,Husband
42844,Not-in-family
42844,Other-relative
42844,Own-child
42844,Unmarried
42844,Wife
28060,Husband
28060,Not-in-family
28060,Other-relative
28060,Own-child
28060,Unmarried
28060,Wife
16840,Husband
16840,Other-relative
16840,Own-child
16840,Wife
18737,Husband
18737,Other-relative
18737,Own-child
18737,Wife
11209,Husband
11209,Not-in-family
11209,Other-relative
11209,Own-child
11209,Unmarried
11209,Wife
24448,Not-in-family
24448,Unmarried
29776,Husband
29776,Other-relative
29776,Own-child
29776,Wife
42771,Husband
42771,Not-in-family
42771,Other-relative
42771,Own-child
42771,Unmarried
42771,Wife
19386,Husband
19386,Other-relative
19386,Own-child
19386,Wife
46108,Husband
46108,Other-relative
46108,Own-child
46108,Wife
31644,Husband
31644,Other-relative
31644,Own-child
31644,Wife
37650,Husband
37650,Other-relative
37650,Own-child
37650,Wife
6450,Husband
6450,Other-relative
6450,Own-child
6450,Wife
6412,Husband
6412,Other-relative
6412,Own-child
6412,Wife
44254,Not-in-family
44254,Unmarried
35552,Husband
35552,Not-in-family
35552,Other-relative
35552,Own-child
35552,Unmarried
35552,Wife
47590,Husband
47590,Other-relative
47590,Own-child
47590,Wife
7254,Husband
7254,Other-relative
7254,Own-child
7254,Wife
37260,Husband
37260,Other-relative
37260,Own-child
37260,Wife
14886,Husband
14886,Not-in-family
14886,Other-relative
14886,Own-child
14886,Unmarried
14886,Wife
40400,Husband
40400,Not-in-family
40400,Other-relative
40400,Own-child
40400,Unmarried
40400,Wife
11673,Not-in-family
11673,Unmarried
5027,Husband
5027,Other-relative
5027,Own-child
5027,Wife
48667,Husband
48667,Not-in-family
48667,Other-relative
48667,Own-child
48667,Unmarried
48667,Wife
48301,Husband
48301,Other-relative
48301,Own-child
48301,Wife
41277,Husband
41277,Not-in-family
41277,Other-relative
41277,Own-child
41277,Unmarried
41277,Wife
24116,Husband
24116,Other-relative
24116,Own-child
24116,Wife
7795,Husband
7795,Not-in-family
7795,Other-relative
7795,Own-child
7795,Unmarried
7795,Wife
36139,Husband
36139,Not-in-family
36139,Other-relative
36139,Own-child
36139,Unmarried
36139,Wife
43631,Husband
43631,Not-in-family
43631,Other-relative
43631,Own-child
43631,Unmarried
43631,Wife
12212,Husband
12212,Not-in-family
12212,Other-relative
12212,Own-child
12212,Unmarried
12212,Wife
672,Husband
672,Other-relative
672,Own-child
672,Wife
6275,Husband
6275,Not-in-family
6275,Other-relative
6275,Own-child
6275,Unmarried
6275,Wife
33804,Husband
33804,Not-in-family
33804,Other-relative
33804,Own-child
33804,Unmarried
33804,Wife
37393,Not-in-family
37393,Unmarried
6116,Husband
6116,Other-relative
6116,Own-child
6116,Wife
41327,Husband
41327,Other-relative
41327,Own-child
41327,Wife
25520,Not-in-family
25520,Unmarried
33823,Husband
33823,Not-in-family
33823,Other-relative
33823,Own-child
33823,Unmarried
33823,Wife
24603,Husband
24603,Other-relative
24603,Own-child
24603,Wife
43708,Husband
43708,Other-relative
43708,Own-child
43708,Wife
8325,Husband
8325,Not-in-family
8325,Other-relative
8325,Own-child
8325,Unmarried
8325,Wife
19374,Husband
19374,Other-relative
19374,Own-child
19374,Wife
14171,Husband
14171,Not-in-family
14171,Other-relative
14171,Own-child
14171,Unmarried
14171,Wife
21015,Husband
21015,Other-relative
21015,Own-child
21015,Wife
21485,Husband
21485,Not-in-family
21485,Other-relative
21485,Own-child
21485,Unmarried
21485,Wife
34979,Husband
34979,Not-in-family
34979,Other-relative
34979,Own-child
34979,Unmarried
34979,Wife
41909,Husband
41909,Not-in-family
41909,Other-relative
41909,Own-child
41909,Unmarried
41909,Wife
19959,Husband
19959,Not-in-family
19959,Other-relative
19959,Own-child
19959,Unmarried
19959,Wife
44674,Husband
44674,Not-in-family
44674,Other-relative
44674,Own-child
44674,Unmarried
44674,Wife
9610,Husband
9610,Other-relative
9610,Own-child
9610,Wife
15629,Husband
15629,Other-relative
15629,Own-child
15629,Wife
27529,Husband
27529,Not-in-family
27529,Other-relative
27529,Own-child
27529,Unmarried
27529,Wife
1680,Husband
1680,Not-in-family
1680,Other-relative
1680,Own-child
1680,Unmarried
1680,Wife
22390,Husband
22390,Not-in-family
22390,Other-relative
22390,Own-child
22390,Unmarried
22390,Wife
42473,Husband
42473,Not-in-family
42473,Other-relative
42473,Own-child
42473,Unmarried
42473,Wife
44047,Not-in-family
44047,Unmarried
26568,Husband
26568,Other-relative
26568,Own-child
26568,Wife
43,Husband
43,Not-in-family
43,Other-relative
43,Own-child
43,Unmarried
43,Wife
38880,Husband
38880,Not-in-family
38880,Other-relative
38880,Own-child
38880,Unmarried
38880,Wife
25190,Husband
25190,Not-in-family
25190,Other-relative
25190,Own-child
25190,Unmarried
25190,Wife
22840,Husband
22840,Not-in-family
22840,Other-relative
22840,Own-child
22840,Unmarried
22840,Wife
15287,Husband
15287,Not-in-family
15287,Other-relative
15287,Own-child
15287,Unmarried
15287,Wife
30411,Husband
30411,Other-relative
30411,Own-child
30411,Wife
35837,Husband
35837,Other-relative
35837,Own-child
35837,Wife
22722,Husband
22722,Not-in-family
22722,Other-relative
22722,Own-child
22722,Unmarried
22722,Wife
47177,Husband
47177,Other-relative
47177,Own-child
47177,Wife
39749,Husband
39749,Not-in-family
39749,Other-relative
39749,Own-child
39749,Unmarried
39749,Wife
43338,Husband
43338,Not-in-family
43338,Other-relative
43338,Own-child
43338,Unmarried
43338,Wife
12590,Husband
12590,Other-relative
12590,Own-child
12590,Wife
29210,Husband
29210,Not-in-family
29210,Other-relative
29210,Own-child
29210,Unmarried
29210,Wife
19520,Husband
19520,Other-relative
19520,Own-child
19520,Wife
18275,Husband
18275,Other-relative
18275,Own-child
18275,Wife
44334,Husband
44334,Not-in-family
44334,Other-relative
44334,Own-child
44334,Unmarried
44334,Wife
30570,Husband
30570,Not-in-family
30570,Other-relative
30570,Own-child
30570,Unmarried
30570,Wife
6461,Husband
6461,Not-in-family
6461,Other-relative
6461,Own-child
6461,Unmarried
6461,Wife
39983,Husband
39983,Other-relative
39983,Own-child
39983,Wife
25952,Husband
25952,Not-in-family
25952,Other-relative
25952,Own-child
25952,Unmarried
25952,Wife
38873,Husband
38873,Not-in-family
38873,Other-relative
38873,Own-child
38873,Unmarried
38873,Wife
39618,Husband
39618,Not-in-family
39618,Other-relative
39618,Own-child
39618,Unmarried
39618,Wife
26020,Husband
26020,Not-in-family
26020,Other-relative
26020,Own-child
26020,Unmarried
26020,Wife
45715,Not-in-family
45715,Unmarried
32458,Husband
32458,Other-relative
32458,Own-child
32458,Wife
35253,Husband
35253,Other-relative
35253,Own-child
35253,Wife
47260,Husband
47260,Not-in-family
47260,Other-relative
47260,Own-child
47260,Unmarried
47260,Wife
6827,Husband
6827,Other-relative
6827,Own-child
6827,Wife
5012,Husband
5012,Not-in-family
5012,Other-relative
5012,Own-child
5012,Unmarried
5012,Wife
38162,Husband
38162,Not-in-family
38162,Other-relative
38162,Own-child
38162,Unmarried
38162,Wife
43323,Husband
43323,Not-in-family
43323,Other-relative
43323,Own-child
43323,Unmarried
43323,Wife
47991,Husband
47991,Other-relative
47991,Own-child
47991,Wife
42663,Husband
42663,Not-in-family
42663,Other-relative
42663,Own-child
42663,Unmarried
42663,Wife
5933,Husband
5933,Other-relative
5933,Own-child
5933,Wife
30657,Not-in-family
30657,Unmarried
24217,Husband
24217,Not-in-family
24217,Other-relative
24217,Own-child
24217,Unmarried
24217,Wife
18476,Husband
18476,Not-in-family
18476,Other-relative
18476,Own-child
18476,Unmarried
18476,Wife
12379,Husband
12379,Not-in-family
12379,Other-relative
12379,Own-child
12379,Unmarried
12379,Wife
43180,Not-in-family
43180,Unmarried
41637,Not-in-family
41637,Unmarried
47358,Not-in-family
47358,Unmarried
33211,Husband
33211,Other-relative
33211,Own-child
33211,Wife
16181,Husband
16181,Other-relative
16181,Own-child
16181,Wife
22295,Husband
22295,Not-in-family
22295,Other-relative
22295,Own-child
22295,Unmarried
22295,Wife
43808,Not-in-family
43808,Unmarried
19031,Husband
19031,Other-relative
19031,Own-child
19031,Wife
35560,Husband
35560,Other-relative
35560,Own-child
35560,Wife
48554,Husband
48554,Not-in-family
48554,Other-relative
48554,Own-child
48554,Unmarried
48554,Wife
57,Husband
57,Not-in-family
57,Other-relative
57,Own-child
57,Unmarried
57,Wife
30533,Husband
30533,Not-in-family
30533,Other-relative
30533,Own-child
30533,Unmarried
30533,Wife
12644,Not-in-family
12644,Unmarried
37355,Husband
37355,Not-in-family
37355,Other-relative
37355,Own-child
37355,Unmarried
37355,Wife
25378,Husband
25378,Other-relative
25378,Own-child
25378,Wife
15178,Husband
15178,Other-relative
15178,Own-child
15178,Wife
7305,Husband
7305,Not-in-family
7305,Other-relative
7305,Own-child
7305,Unmarried
7305,Wife
30726,Husband
30726,Not-in-family
30726,Other-relative
30726,Own-child
30726,Unmarried
30726,Wife
42751,Husband
42751,Not-in-family
42751,Other-relative
42751,Own-child
42751,Unmarried
42751,Wife
29468,Not-in-family
29468,Unmarried
24905,Husband
24905,Other-relative
24905,Own-child
24905,Wife
27892,Husband
27892,Not-in-family
27892,Other-relative
27892,Own-child
27892,Unmarried
27892,Wife
8507,Husband
8507,Not-in-family
8507,Other-relative
8507,Own-child
8507,Unmarried
8507,Wife
18093,Not-in-family
18093,Unmarried
30088,Husband
30088,Not-in-family
30088,Other-relative
30088,Own-child
30088,Unmarried
30088,Wife
21742,Husband
21742,Other-relative
21742,Own-child
21742,Wife
40528,Husband
40528,Other-relative
40528,Own-child
40528,Wife
14551,Husband
14551,Not-in-family
14551,Other-relative
14551,Own-child
14551,Unmarried
14551,Wife
8573,Husband
8573,Other-relative
8573,Own-child
8573,Wife
902,Husband
902,Not-in-family
902,Other-relative
902,Own-child
902,Unmarried
902,Wife
36227,Not-in-family
36227,Unmarried
7031,Husband
7031,Not-in-family
7031,Other-relative
7031,Own-child
7031,Unmarried
7031,Wife
42528,Husband
42528,Not-in-family
42528,Other-relative
42528,Own-child
42528,Unmarried
42528,Wife
48343,Husband
48343,Not-in-family
48343,Other-relative
48343,Own-child
48343,Unmarried
48343,Wife
31172,Not-in-family
31172,Unmarried
32341,Husband
32341,Not-in-family
32341,Other-relative
32341,Own-child
32341,Unmarried
32341,Wife
5076,Husband
5076,Not-in-family
5076,Other-relative
5076,Own-child
5076,Unmarried
5076,Wife
28118,Husband
28118,Other-relative
28118,Own-child
28118,Wife
41820,Husband
41820,Other-relative
41820,Own-child
41820,Wife
18864,Husband
18864,Other-relative
18864,Own-child
18864,Wife
25916,Husband
25916,Other-relative
25916,Own-child
25916,Wife
4641,Husband
4641,Other-relative
4641,Own-child
4641,Wife
21078,Husband
21078,Not-in-family
21078,Other-relative
21078,Own-child
21078,Unmarried
21078,Wife
2765,Husband
2765,Not-in-family
2765,Other-relative
2765,Own-child
2765,Unmarried
2765,Wife
36132,Husband
36132,Other-relative
36132,Own-child
36132,Wife
4390,Husband
4390,Other-relative
4390,Own-child
4390,Wife
48813,Husband
48813,Other-relative
48813,Own-child
48813,Wife
32009,Husband
32009,Other-relative
32009,Own-child
32009,Wife
17138,Husband
17138,Other-relative
17138,Own-child
17138,Wife
22324,Husband
22324,Not-in-family
22324,Other-relative
22324,Own-child
22324,Unmarried
22324,Wife
11615,Husband
11615,Other-relative
11615,Own-child
11615,Wife
13212,Husband
13212,Other-relative
13212,Own-child
13212,Wife
28921,Husband
28921,Not-in-family
28921,Other-relative
28921,Own-child
28921,Unmarried
28921,Wife
10227,Husband
10227,Not-in-family
10227,Other-relative
10227,Own-child
10227,Unmarried
10227,Wife
41227,Husband
41227,Not-in-family
41227,Other-relative
41227,Own-child
41227,Unmarried
41227,Wife
45868,Husband
45868,Not-in-family
45868,Other-relative
45868,Own-child
45868,Unmarried
45868,Wife
26451,Husband
26451,Other-relative
26451,Own-child
26451,Wife
2815,Husband
2815,Other-relative
2815,Own-child
2815,Wife
48457,Husband
48457,Other-relative
48457,Own-child
48457,Wife
34276,Not-in-family
34276,Unmarried
23512,Husband
23512,Not-in-family
23512,Other-relative
23512,Own-child
23512,Unmarried
23512,Wife
6305,Husband
6305,Other-relative
6305,Own-child
6305,Wife
16715,Husband
16715,Not-in-family
16715,Other-relative
16715,Own-child
16715,Unmarried
16715,Wife
28873,Husband
28873,Not-in-family
28873,Other-relative
28873,Own-child
28873,Unmarried
28873,Wife
38089,Husband
38089,Not-in-family
38089,Other-relative
38089,Own-child
38089,Unmarried
38089,Wife
30543,Husband
30543,Not-in-family
30543,Other-relative
30543,Own-child
30543,Unmarried
30543,Wife
10525,Husband
10525,Not-in-family
10525,Other-relative
10525,Own-child
10525,Unmarried
10525,Wife
20651,Husband
20651,Not-in-family
20651,Other-relative
20651,Own-child
20651,Unmarried
20651,Wife
2111,Not-in-family
2111,Unmarried
31473,Husband
31473,Other-relative
31473,Own-child
31473,Wife
5677,Not-in-family
5677,Unmarried
9181,Not-in-family
9181,Unmarried
34817,Husband
34817,Not-in-family
34817,Other-relative
34817,Own-child
34817,Unmarried
34817,Wife
1219,Husband
1219,Other-relative
1219,Own-child
1219,Wife
6442,Husband
6442,Other-relative
6442,Own-child
6442,Wife
44330,Husband
44330,Not-in-family
44330,Other-relative
44330,Own-child
44330,Unmarried
44330,Wife
44348,Husband
44348,Other-relative
44348,Own-child
44348,Wife
30477,Husband
30477,Not-in-family
30477,Other-relative
30477,Own-child
30477,Unmarried
30477,Wife
29088,Husband
29088,Not-in-family
29088,Other-relative
29088,Own-child
29088,Unmarried
29088,Wife
37736,Husband
37736,Not-in-family
37736,Other-relative
37736,Own-child
37736,Unmarried
37736,Wife
23974,Husband
23974,Other-relative
23974,Own-child
23974,Wife
14454,Husband
14454,Not-in-family
14454,Other-relative
14454,Own-child
14454,Unmarried
14454,Wife
1172,Husband
1172,Not-in-family
1172,Other-relative
1172,Own-child
1172,Unmarried
1172,Wife
40864,Not-in-family
40864,Unmarried
42104,Husband
42104,Not-in-family
42104,Other-relative
42104,Own-child
42104,Unmarried
42104,Wife
28132,Husband
28132,Other-relative
28132,Own-child
28132,Wife
25226,Not-in-family
25226,Unmarried
43019,Husband
43019,Other-relative
43019,Own-child
43019,Wife
368,Not-in-family
368,Unmarried
48,Husband
48,Not-in-family
48,Other-relative
48,Own-child
48,Unmarried
48,Wife
22476,Husband
22476,Not-in-family
22476,Other-relative
22476,Own-child
22476,Unmarried
22476,Wife
42519,Not-in-family
42519,Unmarried
31149,Husband
31149,Other-relative
31149,Own-child
31149,Wife
47674,Husband
47674,Not-in-family
47674,Other-relative
47674,Own-child
47674,Unmarried
47674,Wife
44106,Husband
44106,Other-relative
44106,Own-child
44106,Wife
45224,Husband
45224,Not-in-family
45224,Other-relative
45224,Own-child
45224,Unmarried
45224,Wife
31319,Not-in-family
31319,Unmarried
36287,Husband
36287,Not-in-family
36287,Other-relative
36287,Own-child
36287,Unmarried
36287,Wife
25245,Husband
25245,Other-relative
25245,Own-child
25245,Wife
38791,Husband
38791,Other-relative
38791,Own-child
38791,Wife
31379,Husband
31379,Not-in-family
31379,Other-relative
31379,Own-child
31379,Unmarried
31379,Wife
9568,Not-in-family
9568,Unmarried
42102,Husband
42102,Not-in-family
42102,Other-relative
42102,Own-child
42102,Unmarried
42102,Wife
26559,Husband
26559,Other-relative
26559,Own-child
26559,Wife
12896,Husband
12896,Not-in-family
12896,Other-relative
12896,Own-child
12896,Unmarried
12896,Wife
34146,Husband
34146,Not-in-family
34146,Other-relative
34146,Own-child
34146,Unmarried
34146,Wife
42189,Husband
42189,Not-in-family
42189,Other-relative
42189,Own-child
42189,Unmarried
42189,Wife
43718,Husband
43718,Not-in-family
43718,Other-relative
43718,Own-child
43718,Unmarried
43718,Wife
19653,Husband
19653,Not-in-family
19653,Other-relative
19653,Own-child
19653,Unmarried
19653,Wife
28991,Husband
28991,Not-in-family
28991,Other-relative
28991,Own-child
28991,Unmarried
28991,Wife
44568,Not-in-family
44568,Unmarried
27572,Husband
27572,Not-in-family
27572,Other-relative
27572,Own-child
27572,Unmarried
27572,Wife
5464,Husband
5464,Not-in-family
5464,Other-relative
5464,Own-child
5464,Unmarried
5464,Wife
41746,Husband
41746,Not-in-family
41746,Other-relative
41746,Own-child
41746,Unmarried
41746,Wife
35582,Husband
35582,Not-in-family
35582,Other-relative
35582,Own-child
35582,Unmarried
35582,Wife
47052,Not-in-family
47052,Unmarried
16618,Husband
16618,Not-in-family
16618,Other-relative
16618,Own-child
16618,Unmarried
16618,Wife
44509,Husband
44509,Other-relative
44509,Own-child
44509,Wife
3111,Husband
3111,Other-relative
3111,Own-child
3111,Wife
47830,Husband
47830,Not-in-family
47830,Other-relative
47830,Own-child
47830,Unmarried
47830,Wife
7174,Not-in-family
7174,Unmarried
20928,Husband
20928,Other-relative
20928,Own-child
20928,Wife
20408,Not-in-family
20408,Unmarried
31545,Husband
31545,Not-in-family
31545,Other-relative
31545,Own-child
31545,Unmarried
31545,Wife
43017,Husband
43017,Not-in-family
43017,Other-relative
43017,Own-child
43017,Unmarried
43017,Wife
6586,Husband
6586,Not-in-family
6586,Other-relative
6586,Own-child
6586,Unmarried
6586,Wife
10488,Not-in-family
10488,Unmarried
25662,Husband
25662,Other-relative
25662,Own-child
25662,Wife
14200,Not-in-family
14200,Unmarried
22764,Husband
22764,Not-in-family
22764,Other-relative
22764,Own-child
22764,Unmarried
22764,Wife
43137,Not-in-family
43137,Unmarried
6215,Husband
6215,Not-in-family
6215,Other-relative
6215,Own-child
6215,Unmarried
6215,Wife
17493,Husband
17493,Not-in-family
17493,Other-relative
17493,Own-child
17493,Unmarried
17493,Wife
24193,Husband
24193,Other-relative
24193,Own-child
24193,Wife
43188,Husband
43188,Not-in-family
43188,Other-relative
43188,Own-child
43188,Unmarried
43188,Wife
7331,Husband
7331,Not-in-family
7331,Other-relative
7331,Own-child
7331,Unmarried
7331,Wife
319,Not-in-family
319,Unmarried
39299,Husband
39299,Not-in-family
39299,Other-relative
39299,Own-child
39299,Unmarried
39299,Wife
17976,Not-in-family
17976,Unmarried
17538,Not-in-family
17538,Unmarried
35756,Not-in-family
35756,Unmarried
45106,Not-in-family
45106,Unmarried
34021,Husband
34021,Not-in-family
34021,Other-relative
34021,Own-child
34021,Unmarried
34021,Wife
25842,Not-in-family
25842,Unmarried
11959,Husband
11959,Not-in-family
11959,Other-relative
11959,Own-child
11959,Unmarried
11959,Wife
14384,Husband
14384,Not-in-family
14384,Other-relative
14384,Own-child
14384,Unmarried
14384,Wife
23576,Husband
23576,Not-in-family
23576,Other-relative
23576,Own-child
23576,Unmarried
23576,Wife
1526,Not-in-family
1526,Unmarried
43687,Husband
43687,Not-in-family
43687,Other-relative
43687,Own-child
43687,Unmarried
43687,Wife
17982,Husband
17982,Not-in-family
17982,Other-relative
17982,Own-child
17982,Unmarried
17982,Wife
16408,Husband
16408,Other-relative
16408,Own-child
16408,Wife
7923,Not-in-family
7923,Unmarried
20613,Husband
20613,Not-in-family
20613,Other-relative
20613,Own-child
20613,Unmarried
20613,Wife
40635,Not-in-family
40635,Unmarried
2514,Husband
2514,Not-in-family
2514,Other-relative
2514,Own-child
2514,Unmarried
2514,Wife
27446,Husband
27446,Not-in-family
27446,Other-relative
27446,Own-child
27446,Unmarried
27446,Wife
39919,Not-in-family
39919,Unmarried
31877,Husband
31877,Other-relative
31877,Own-child
31877,Wife
31171,Husband
31171,Not-in-family
31171,Other-relative
31171,Own-child
31171,Unmarried
31171,Wife
39005,Not-in-family
39005,Unmarried
35724,Husband
35724,Other-relative
35724,Own-child
35724,Wife
21386,Husband
21386,Not-in-family
21386,Other-relative
21386,Own-child
21386,Unmarried
21386,Wife
19821,Not-in-family
19821,Unmarried
37429,Husband
37429,Not-in-family
37429,Other-relative
37429,Own-child
37429,Unmarried
37429,Wife
30148,Husband
30148,Not-in-family
30148,Other-relative
30148,Own-child
30148,Unmarried
30148,Wife
27958,Not-in-family
27958,Unmarried
24107,Husband
24107,Other-relative
24107,Own-child
24107,Wife
37124,Husband
37124,Not-in-family
37124,Other-relative
37124,Own-child
37124,Unmarried
37124,Wife
20770,Husband
20770,Other-relative
20770,Own-child
20770,Wife
38916,Husband
38916,Other-relative
38916,Own-child
38916,Wife
5348,Husband
5348,Other-relative
5348,Own-child
5348,Wife
43769,Not-in-family
43769,Unmarried
48755,Husband
48755,Other-relative
48755,Own-child
48755,Wife
18034,Husband
18034,Not-in-family
18034,Other-relative
18034,Own-child
18034,Unmarried
18034,Wife
204,Husband
204,Not-in-family
204,Other-relative
204,Own-child
204,Unmarried
204,Wife
5890,Husband
5890,Other-relative
5890,Own-child
5890,Wife
19408,Husband
19408,Not-in-family
19408,Other-relative
19408,Own-child
19408,Unmarried
19408,Wife
7952,Husband
7952,Not-in-family
7952,Other-relative
7952,Own-child
7952,Unmarried
7952,Wife
29301,Husband
29301,Not-in-family
29301,Other-relative
29301,Own-child
29301,Unmarried
29301,Wife
43253,Husband
43253,Not-in-family
43253,Other-relative
43253,Own-child
43253,Unmarried
43253,Wife
19317,Husband
19317,Not-in-family
19317,Other-relative
19317,Own-child
19317,Unmarried
19317,Wife
5819,Husband
5819,Not-in-family
5819,Other-relative
5819,Own-child
5819,Unmarried
5819,Wife
40121,Husband
40121,Other-relative
40121,Own-child
40121,Wife
27046,Husband
27046,Other-relative
27046,Own-child
27046,Wife
43744,Husband
43744,Other-relative
43744,Own-child
43744,Wife
1860,Not-in-family
1860,Unmarried
454,Husband
454,Other-relative
454,Own-child
454,Wife
45136,Husband
45136,Other-relative
45136,Own-child
45136,Wife
41465,Husband
41465,Not-in-family
41465,Other-relative
41465,Own-child
41465,Unmarried
41465,Wife
48610,Husband
48610,Not-in-family
48610,Other-relative
48610,Own-child
48610,Unmarried
48610,Wife
10589,Husband
10589,Not-in-family
10589,Other-relative
10589,Own-child
10589,Unmarried
10589,Wife
35690,Husband
35690,Not-in-family
35690,Other-relative
35690,Own-child
35690,Unmarried
35690,Wife
13906,Husband
13906,Other-relative
13906,Own-child
13906,Wife
16781,Husband
16781,Not-in-family
16781,Other-relative
16781,Own-child
16781,Unmarried
16781,Wife
28168,Not-in-family
28168,Unmarried
30215,Husband
30215,Other-relative
30215,Own-child
30215,Wife
5807,Husband
5807,Other-relative
5807,Own-child
5807,Wife
36090,Husband
36090,Not-in-family
36090,Other-relative
36090,Own-child
36090,Unmarried
36090,Wife
18665,Husband
18665,Not-in-family
18665,Other-relative
18665,Own-child
18665,Unmarried
18665,Wife
29307,Husband
29307,Not-in-family
29307,Other-relative
29307,Own-child
29307,Unmarried
29307,Wife
4523,Husband
4523,Not-in-family
4523,Other-relative
4523,Own-child
4523,Unmarried
4523,Wife
38622,Husband
38622,Not-in-family
38622,Other-relative
38622,Own-child
38622,Unmarried
38622,Wife
17200,Husband
17200,Not-in-family
17200,Other-relative
17200,Own-child
17200,Unmarried
17200,Wife
28606,Husband
28606,Other-relative
28606,Own-child
28606,Wife
4874,Husband
4874,Not-in-family
4874,Other-relative
4874,Own-child
4874,Unmarried
4874,Wife
27129,Husband
27129,Other-relative
27129,Own-child
27129,Wife
14219,Husband
14219,Not-in-family
14219,Other-relative
14219,Own-child
14219,Unmarried
14219,Wife
12127,Not-in-family
12127,Unmarried
1943,Husband
1943,Not-in-family
1943,Other-relative
1943,Own-child
1943,Unmarried
1943,Wife
6321,Husband
6321,Other-relative
6321,Own-child
6321,Wife
17093,Husband
17093,Other-relative
17093,Own-child
17093,Wife
45810,Husband
45810,Other-relative
45810,Own-child
45810,Wife
693,Husband
693,Other-relative
693,Own-child
693,Wife
19034,Husband
19034,Not-in-family
19034,Other-relative
19034,Own-child
19034,Unmarried
19034,Wife
3637,Not-in-family
3637,Unmarried
18528,Husband
18528,Not-in-family
18528,Other-relative
18528,Own-child
18528,Unmarried
18528,Wife
24446,Husband
24446,Not-in-family
24446,Other-relative
24446,Own-child
24446,Unmarried
24446,Wife
41214,Husband
41214,Other-relative
41214,Own-child
41214,Wife
41426,Husband
41426,Not-in-family
41426,Other-relative
41426,Own-child
41426,Unmarried
41426,Wife
16587,Husband
16587,Not-in-family
16587,Other-relative
16587,Own-child
16587,Unmarried
16587,Wife
30662,Husband
30662,Other-relative
30662,Own-child
30662,Wife
10693,Husband
10693,Not-in-family
10693,Other-relative
10693,Own-child
10693,Unmarried
10693,Wife
1671,Husband
1671,Not-in-family
1671,Other-relative
1671,Own-child
1671,Unmarried
1671,Wife
8109,Not-in-family
8109,Unmarried
45591,Husband
45591,Not-in-family
45591,Other-relative
45591,Own-child
45591,Unmarried
45591,Wife
10617,Husband
10617,Other-relative
10617,Own-child
10617,Wife
14293,Not-in-family
14293,Unmarried
29931,Husband
29931,Not-in-family
29931,Other-relative
29931,Own-child
29931,Unmarried
29931,Wife
5470,Husband
5470,Not-in-family
5470,Other-relative
5470,Own-child
5470,Unmarried
5470,Wife
33085,Husband
33085,Not-in-family
33085,Other-relative
33085,Own-child
33085,Unmarried
33085,Wife
36038,Husband
36038,Not-in-family
36038,Other-relative
36038,Own-child
36038,Unmarried
36038,Wife
41005,Not-in-family
41005,Unmarried
24647,Not-in-family
24647,Unmarried
41572,Not-in-family
41572,Unmarried
39903,Husband
39903,Not-in-family
39903,Other-relative
39903,Own-child
39903,Unmarried
39903,Wife
45023,Husband
45023,Other-relative
45023,Own-child
45023,Wife
26203,Husband
26203,Other-relative
26203,Own-child
26203,Wife
753,Not-in-family
753,Unmarried
33535,Husband
33535,Other-relative
33535,Own-child
33535,Wife
8594,Husband
8594,Not-in-family
8594,Other-relative
8594,Own-child
8594,Unmarried
8594,Wife
20791,Husband
20791,Not-in-family
20791,Other-relative
20791,Own-child
20791,Unmarried
20791,Wife
32938,Husband
32938,Other-relative
32938,Own-child
32938,Wife
35802,Husband
35802,Not-in-family
35802,Other-relative
35802,Own-child
35802,Unmarried
35802,Wife
39967,Husband
39967,Other-relative
39967,Own-child
39967,Wife
16619,Husband
16619,Not-in-family
16619,Other-relative
16619,Own-child
16619,Unmarried
16619,Wife
44532,Husband
44532,Other-relative
44532,Own-child
44532,Wife
34707,Not-in-family
34707,Unmarried
25219,Husband
25219,Other-relative
25219,Own-child
25219,Wife
33317,Husband
33317,Not-in-family
33317,Other-relative
33317,Own-child
33317,Unmarried
33317,Wife
8230,Husband
8230,Other-relative
8230,Own-child
8230,Wife
20004,Husband
20004,Not-in-family
20004,Other-relative
20004,Own-child
20004,Unmarried
20004,Wife
13934,Husband
13934,Not-in-family
13934,Other-relative
13934,Own-child
13934,Unmarried
13934,Wife
492,Not-in-family
492,Unmarried
31114,Husband
31114,Other-relative
31114,Own-child
31114,Wife
29107,Not-in-family
29107,Unmarried
41303,Husband
41303,Not-in-family
41303,Other-relative
41303,Own-child
41303,Unmarried
41303,Wife
7512,Husband
7512,Other-relative
7512,Own-child
7512,Wife
41359,Husband
41359,Not-in-family
41359,Other-relative
41359,Own-child
41359,Unmarried
41359,Wife
14480,Husband
14480,Other-relative
14480,Own-child
14480,Wife
38426,Husband
38426,Not-in-family
38426,Other-relative
38426,Own-child
38426,Unmarried
38426,Wife
29143,Husband
29143,Other-relative
29143,Own-child
29143,Wife
35276,Husband
35276,Not-in-family
35276,Other-relative
35276,Own-child
35276,Unmarried
35276,Wife
23756,Husband
23756,Other-relative
23756,Own-child
23756,Wife
29803,Not-in-family
29803,Unmarried
23575,Husband
23575,Other-relative
23575,Own-child
23575,Wife
42636,Not-in-family
42636,Unmarried
44400,Husband
44400,Not-in-family
44400,Other-relative
44400,Own-child
44400,Unmarried
44400,Wife
16806,Husband
16806,Other-relative
16806,Own-child
16806,Wife
11709,Husband
11709,Not-in-family
11709,Other-relative
11709,Own-child
11709,Unmarried
11709,Wife
36192,Husband
36192,Not-in-family
36192,Other-relative
36192,Own-child
36192,Unmarried
36192,Wife
33388,Husband
33388,Not-in-family
33388,Other-relative
33388,Own-child
33388,Unmarried
33388,Wife
3396,Not-in-family
3396,Unmarried
32836,Husband
32836,Not-in-family
32836,Other-relative
32836,Own-child
32836,Unmarried
32836,Wife
33050,Husband
33050,Not-in-family
33050,Other-relative
33050,Own-child
33050,Unmarried
33050,Wife
22543,Husband
22543,Other-relative
22543,Own-child
22543,Wife
10452,Husband
10452,Other-relative
10452,Own-child
10452,Wife
7286,Husband
7286,Other-relative
7286,Own-child
7286,Wife
24287,Not-in-family
24287,Unmarried
5203,Husband
5203,Other-relative
5203,Own-child
5203,Wife
2325,Husband
2325,Not-in-family
2325,Other-relative
2325,Own-child
2325,Unmarried
2325,Wife
18410,Husband
18410,Other-relative
18410,Own-child
18410,Wife
29006,Husband
29006,Other-relative
29006,Own-child
29006,Wife
16306,Husband
16306,Not-in-family
16306,Other-relative
16306,Own-child
16306,Unmarried
16306,Wife
3831,Husband
3831,Not-in-family
3831,Other-relative
3831,Own-child
3831,Unmarried
3831,Wife
23948,Husband
23948,Not-in-family
23948,Other-relative
23948,Own-child
23948,Unmarried
23948,Wife
26991,Husband
26991,Not-in-family
26991,Other-relative
26991,Own-child
26991,Unmarried
26991,Wife
43630,Not-in-family
43630,Unmarried
39557,Husband
39557,Not-in-family
39557,Other-relative
39557,Own-child
39557,Unmarried
39557,Wife
31647,Husband
31647,Not-in-family
31647,Other-relative
31647,Own-child
31647,Unmarried
31647,Wife
27043,Husband
27043,Other-relative
27043,Own-child
27043,Wife
32185,Husband
32185,Other-relative
32185,Own-child
32185,Wife
32496,Husband
32496,Not-in-family
32496,Other-relative
32496,Own-child
32496,Unmarried
32496,Wife
35511,Husband
35511,Not-in-family
35511,Other-relative
35511,Own-child
35511,Unmarried
35511,Wife
30474,Not-in-family
30474,Unmarried
4969,Husband
4969,Not-in-family
4969,Other-relative
4969,Own-child
4969,Unmarried
4969,Wife
30966,Husband
30966,Not-in-family
30966,Other-relative
30966,Own-child
30966,Unmarried
30966,Wife
47767,Husband
47767,Other-relative
47767,Own-child
47767,Wife
27048,Husband
27048,Other-relative
27048,Own-child
27048,Wife
39192,Husband
39192,Other-relative
39192,Own-child
39192,Wife
25161,Husband
25161,Other-relative
25161,Own-child
25161,Wife
32388,Husband
32388,Not-in-family
32388,Other-relative
32388,Own-child
32388,Unmarried
32388,Wife
21690,Not-in-family
21690,Unmarried
37366,Husband
37366,Not-in-family
37366,Other-relative
37366,Own-child
37366,Unmarried
37366,Wife
1691,Husband
1691,Not-in-family
1691,Other-relative
1691,Own-child
1691,Unmarried
1691,Wife
3984,Not-in-family
3984,Unmarried
23177,Husband
23177,Not-in-family
23177,Other-relative
23177,Own-child
23177,Unmarried
23177,Wife
33270,Husband
33270,Other-relative
33270,Own-child
33270,Wife
48429,Husband
48429,Not-in-family
48429,Other-relative
48429,Own-child
48429,Unmarried
48429,Wife
30364,Not-in-family
30364,Unmarried
2319,Husband
2319,Other-relative
2319,Own-child
2319,Wife
44086,Husband
44086,Other-relative
44086,Own-child
44086,Wife
40152,Husband
40152,Other-relative
40152,Own-child
40152,Wife
31132,Husband
31132,Not-in-family
31132,Other-relative
31132,Own-child
31132,Unmarried
31132,Wife
38940,Husband
38940,Other-relative
38940,Own-child
38940,Wife
26427,Husband
26427,Not-in-family
26427,Other-relative
26427,Own-child
26427,Unmarried
26427,Wife
136,Husband
136,Other-relative
136,Own-child
136,Wife
27920,Husband
27920,Not-in-family
27920,Other-relative
27920,Own-child
27920,Unmarried
27920,Wife
29767,Husband
29767,Other-relative
29767,Own-child
29767,Wife
23337,Husband
23337,Not-in-family
23337,Other-relative
23337,Own-child
23337,Unmarried
23337,Wife
2421,Husband
2421,Not-in-family
2421,Other-relative
2421,Own-child
2421,Unmarried
2421,Wife
8416,Husband
8416,Not-in-family
8416,Other-relative
8416,Own-child
8416,Unmarried
8416,Wife
16706,Husband
16706,Other-relative
16706,Own-child
16706,Wife
24612,Not-in-family
24612,Unmarried
31175,Husband
31175,Other-relative
31175,Own-child
31175,Wife
28359,Husband
28359,Other-relative
28359,Own-child
28359,Wife
24870,Not-in-family
24870,Unmarried
42870,Husband
42870,Not-in-family
42870,Other-relative
42870,Own-child
42870,Unmarried
42870,Wife
926,Husband
926,Not-in-family
926,Other-relative
926,Own-child
926,Unmarried
926,Wife
1161,Not-in-family
1161,Unmarried
13842,Not-in-family
13842,Unmarried
521,Husband
521,Other-relative
521,Own-child
521,Wife
17129,Husband
17129,Not-in-family
17129,Other-relative
17129,Own-child
17129,Unmarried
17129,Wife
4789,Husband
4789,Not-in-family
4789,Other-relative
4789,Own-child
4789,Unmarried
4789,Wife
48261,Husband
48261,Other-relative
48261,Own-child
48261,Wife
17013,Husband
17013,Other-relative
17013,Own-child
17013,Wife
31393,Not-in-family
31393,Unmarried
2207,Not-in-family
2207,Unmarried
23861,Husband
23861,Not-in-family
23861,Other-relative
23861,Own-child
23861,Unmarried
23861,Wife
17244,Husband
17244,Not-in-family
17244,Other-relative
17244,Own-child
17244,Unmarried
17244,Wife
24930,Husband
24930,Not-in-family
24930,Other-relative
24930,Own-child
24930,Unmarried
24930,Wife
12546,Husband
12546,Not-in-family
12546,Other-relative
12546,Own-child
12546,Unmarried
12546,Wife
14324,Not-in-family
14324,Unmarried
17218,Not-in-family
17218,Unmarried
6946,Husband
6946,Not-in-family
6946,Other-relative
6946,Own-child
6946,Unmarried
6946,Wife
28536,Husband
28536,Not-in-family
28536,Other-relative
28536,Own-child
28536,Unmarried
28536,Wife
31904,Not-in-family
31904,Unmarried
33140,Husband
33140,Not-in-family
33140,Other-relative
33140,Own-child
33140,Unmarried
33140,Wife
25299,Husband
25299,Not-in-family
25299,Other-relative
25299,Own-child
25299,Unmarried
25299,Wife
5047,Husband
5047,Not-in-family
5047,Other-relative
5047,Own-child
5047,Unmarried
5047,Wife
15416,Not-in-family
15416,Unmarried
18901,Husband
18901,Not-in-family
18901,Other-relative
18901,Own-child
18901,Unmarried
18901,Wife
39407,Husband
39407,Not-in-family
39407,Other-relative
39407,Own-child
39407,Unmarried
39407,Wife
19443,Husband
19443,Other-relative
19443,Own-child
19443,Wife
6476,Not-in-family
6476,Unmarried
20680,Not-in-family
20680,Unmarried
34737,Husband
34737,Not-in-family
34737,Other-relative
34737,Own-child
34737,Unmarried
34737,Wife
36539,Husband
36539,Other-relative
36539,Own-child
36539,Wife
22007,Husband
22007,Other-relative
22007,Own-child
22007,Wife
30487,Husband
30487,Other-relative
30487,Own-child
30487,Wife
9851,Husband
9851,Other-relative
9851,Own-child
9851,Wife
19295,Husband
19295,Not-in-family
19295,Other-relative
19295,Own-child
19295,Unmarried
19295,Wife
19771,Husband
19771,Not-in-family
19771,Other-relative
19771,Own-child
19771,Unmarried
19771,Wife
42399,Husband
42399,Not-in-family
42399,Other-relative
42399,Own-child
42399,Unmarried
42399,Wife
9833,Husband
9833,Not-in-family
9833,Other-relative
9833,Own-child
9833,Unmarried
9833,Wife
10800,Husband
10800,Not-in-family
10800,Other-relative
10800,Own-child
10800,Unmarried
10800,Wife
28695,Husband
28695,Not-in-family
28695,Other-relative
28695,Own-child
28695,Unmarried
28695,Wife
20140,Not-in-family
20140,Unmarried
4703,Not-in-family
4703,Unmarried
33933,Husband
33933,Other-relative
33933,Own-child
33933,Wife
40247,Husband
40247,Not-in-family
40247,Other-relative
40247,Own-child
40247,Unmarried
40247,Wife
29330,Husband
29330,Not-in-family
29330,Other-relative
29330,Own-child
29330,Unmarried
29330,Wife
30400,Husband
30400,Not-in-family
30400,Other-relative
30400,Own-child
30400,Unmarried
30400,Wife
1874,Husband
1874,Not-in-family
1874,Other-relative
1874,Own-child
1874,Unmarried
1874,Wife
25332,Husband
25332,Not-in-family
25332,Other-relative
25332,Own-child
25332,Unmarried
25332,Wife
32480,Husband
32480,Other-relative
32480,Own-child
32480,Wife
40610,Husband
40610,Other-relative
40610,Own-child
40610,Wife
38216,Husband
38216,Not-in-family
38216,Other-relative
38216,Own-child
38216,Unmarried
38216,Wife
18372,Husband
18372,Not-in-family
18372,Other-relative
18372,Own-child
18372,Unmarried
18372,Wife
27788,Husband
27788,Other-relative
27788,Own-child
27788,Wife
8557,Husband
8557,Not-in-family
8557,Other-relative
8557,Own-child
8557,Unmarried
8557,Wife
4236,Husband
4236,Other-relative
4236,Own-child
4236,Wife
32239,Husband
32239,Not-in-family
32239,Other-relative
32239,Own-child
32239,Unmarried
32239,Wife
11374,Not-in-family
11374,Unmarried
25329,Husband
25329,Not-in-family
25329,Other-relative
25329,Own-child
25329,Unmarried
25329,Wife
48777,Husband
48777,Other-relative
48777,Own-child
48777,Wife
21120,Husband
21120,Not-in-family
21120,Other-relative
21120,Own-child
21120,Unmarried
21120,Wife
27309,Not-in-family
27309,Unmarried
2702,Husband
2702,Not-in-family
2702,Other-relative
2702,Own-child
2702,Unmarried
2702,Wife
20756,Husband
20756,Other-relative
20756,Own-child
20756,Wife
21181,Husband
21181,Not-in-family
21181,Other-relative
21181,Own-child
21181,Unmarried
21181,Wife
11606,Husband
11606,Other-relative
11606,Own-child
11606,Wife
39928,Husband
39928,Not-in-family
39928,Other-relative
39928,Own-child
39928,Unmarried
39928,Wife
37626,Husband
37626,Not-in-family
37626,Other-relative
37626,Own-child
37626,Unmarried
37626,Wife
22980,Not-in-family
22980,Unmarried
23245,Husband
23245,Not-in-family
23245,Other-relative
23245,Own-child
23245,Unmarried
23245,Wife
14827,Husband
14827,Other-relative
14827,Own-child
14827,Wife
42428,Husband
42428,Other-relative
42428,Own-child
42428,Wife
14990,Husband
14990,Not-in-family
14990,Other-relative
14990,Own-child
14990,Unmarried
14990,Wife
28166,Husband
28166,Not-in-family
28166,Other-relative
28166,Own-child
28166,Unmarried
28166,Wife
13216,Not-in-family
13216,Unmarried
24948,Husband
24948,Not-in-family
24948,Other-relative
24948,Own-child
24948,Unmarried
24948,Wife
12104,Not-in-family
12104,Unmarried
38499,Husband
38499,Not-in-family
38499,Other-relative
38499,Own-child
38499,Unmarried
38499,Wife
30317,Husband
30317,Not-in-family
30317,Other-relative
30317,Own-child
30317,Unmarried
30317,Wife
18656,Not-in-family
18656,Unmarried
33123,Husband
33123,Other-relative
33123,Own-child
33123,Wife
25381,Husband
25381,Other-relative
25381,Own-child
25381,Wife
33318,Husband
33318,Not-in-family
33318,Other-relative
33318,Own-child
33318,Unmarried
33318,Wife
29858,Husband
29858,Other-relative
29858,Own-child
29858,Wife
3401,Husband
3401,Not-in-family
3401,Other-relative
3401,Own-child
3401,Unmarried
3401,Wife
38299,Husband
38299,Not-in-family
38299,Other-relative
38299,Own-child
38299,Unmarried
38299,Wife
730,Husband
730,Not-in-family
730,Other-relative
730,Own-child
730,Unmarried
730,Wife
39828,Husband
39828,Not-in-family
39828,Other-relative
39828,Own-child
39828,Unmarried
39828,Wife
42304,Husband
42304,Not-in-family
42304,Other-relative
42304,Own-child
42304,Unmarried
42304,Wife
34416,Not-in-family
34416,Unmarried
11335,Husband
11335,Other-relative
11335,Own-child
11335,Wife
3156,Husband
3156,Other-relative
3156,Own-child
3156,Wife
47173,Not-in-family
47173,Unmarried
8401,Husband
8401,Other-relative
8401,Own-child
8401,Wife
44632,Not-in-family
44632,Unmarried
39493,Husband
39493,Not-in-family
39493,Other-relative
39493,Own-child
39493,Unmarried
39493,Wife
47705,Not-in-family
47705,Unmarried
12610,Husband
12610,Not-in-family
12610,Other-relative
12610,Own-child
12610,Unmarried
12610,Wife
4263,Husband
4263,Not-in-family
4263,Other-relative
4263,Own-child
4263,Unmarried
4263,Wife
7564,Husband
7564,Other-relative
7564,Own-child
7564,Wife
14274,Husband
14274,Not-in-family
14274,Other-relative
14274,Own-child
14274,Unmarried
14274,Wife
4806,Not-in-family
4806,Unmarried
25947,Husband
25947,Not-in-family
25947,Other-relative
25947,Own-child
25947,Unmarried
25947,Wife
18842,Husband
18842,Not-in-family
18842,Other-relative
18842,Own-child
18842,Unmarried
18842,Wife
14104,Husband
14104,Not-in-family
14104,Other-relative
14104,Own-child
14104,Unmarried
14104,Wife
13348,Husband
13348,Not-in-family
13348,Other-relative
13348,Own-child
13348,Unmarried
13348,Wife
10351,Husband
10351,Not-in-family
10351,Other-relative
10351,Own-child
10351,Unmarried
10351,Wife
42793,Husband
42793,Not-in-family
42793,Other-relative
42793,Own-child
42793,Unmarried
42793,Wife
12909,Husband
12909,Not-in-family
12909,Other-relative
12909,Own-child
12909,Unmarried
12909,Wife
28513,Not-in-family
28513,Unmarried
31841,Husband
31841,Not-in-family
31841,Other-relative
31841,Own-child
31841,Unmarried
31841,Wife
3480,Husband
3480,Not-in-family
3480,Other-relative
3480,Own-child
3480,Unmarried
3480,Wife
28708,Husband
28708,Not-in-family
28708,Other-relative
28708,Own-child
28708,Unmarried
28708,Wife
9771,Husband
9771,Other-relative
9771,Own-child
9771,Wife
37950,Husband
37950,Other-relative
37950,Own-child
37950,Wife
48298,Husband
48298,Other-relative
48298,Own-child
48298,Wife
6104,Not-in-family
6104,Unmarried
13392,Husband
13392,Not-in-family
13392,Other-relative
13392,Own-child
13392,Unmarried
13392,Wife
41239,Husband
41239,Other-relative
41239,Own-child
41239,Wife
48444,Husband
48444,Not-in-family
48444,Other-relative
48444,Own-child
48444,Unmarried
48444,Wife
10601,Husband
10601,Not-in-family
10601,Other-relative
10601,Own-child
10601,Unmarried
10601,Wife
39246,Husband
39246,Other-relative
39246,Own-child
39246,Wife
15816,Husband
15816,Not-in-family
15816,Other-relative
15816,Own-child
15816,Unmarried
15816,Wife
31755,Husband
31755,Not-in-family
31755,Other-relative
31755,Own-child
31755,Unmarried
31755,Wife
39610,Husband
39610,Not-in-family
39610,Other-relative
39610,Own-child
39610,Unmarried
39610,Wife
14427,Husband
14427,Not-in-family
14427,Other-relative
14427,Own-child
14427,Unmarried
14427,Wife
27834,Husband
27834,Other-relative
27834,Own-child
27834,Wife
40950,Husband
40950,Not-in-family
40950,Other-relative
40950,Own-child
40950,Unmarried
40950,Wife
9135,Husband
9135,Not-in-family
9135,Other-relative
9135,Own-child
9135,Unmarried
9135,Wife
43584,Husband
43584,Not-in-family
43584,Other-relative
43584,Own-child
43584,Unmarried
43584,Wife
46362,Not-in-family
46362,Unmarried
14991,Husband
14991,Other-relative
14991,Own-child
14991,Wife
35739,Husband
35739,Not-in-family
35739,Other-relative
35739,Own-child
35739,Unmarried
35739,Wife
41000,Husband
41000,Not-in-family
41000,Other-relative
41000,Own-child
41000,Unmarried
41000,Wife
13709,Husband
13709,Not-in-family
13709,Other-relative
13709,Own-child
13709,Unmarried
13709,Wife
48349,Husband
48349,Not-in-family
48349,Other-relative
48349,Own-child
48349,Unmarried
48349,Wife
22198,Husband
22198,Other-relative
22198,Own-child
22198,Wife
46615,Husband
46615,Not-in-family
46615,Other-relative
46615,Own-child
46615,Unmarried
46615,Wife
2975,Not-in-family
2975,Unmarried
45039,Not-in-family
45039,Unmarried
14415,Husband
14415,Not-in-family
14415,Other-relative
14415,Own-child
14415,Unmarried
14415,Wife
34741,Husband
34741,Not-in-family
34741,Other-relative
34741,Own-child
34741,Unmarried
34741,Wife
40646,Not-in-family
40646,Unmarried
35569,Husband
35569,Not-in-family
35569,Other-relative
35569,Own-child
35569,Unmarried
35569,Wife
41278,Husband
41278,Not-in-family
41278,Other-relative
41278,Own-child
41278,Unmarried
41278,Wife
24990,Husband
24990,Not-in-family
24990,Other-relative
24990,Own-child
24990,Unmarried
24990,Wife
30792,Husband
30792,Not-in-family
30792,Other-relative
30792,Own-child
30792,Unmarried
30792,Wife
31673,Husband
31673,Other-relative
31673,Own-child
31673,Wife
19833,Not-in-family
19833,Unmarried
19974,Husband
19974,Other-relative
19974,Own-child
19974,Wife
34431,Husband
34431,Not-in-family
34431,Other-relative
34431,Own-child
34431,Unmarried
34431,Wife
33725,Not-in-family
33725,Unmarried
2169,Not-in-family
2169,Unmarried
44249,Husband
44249,Other-relative
44249,Own-child
44249,Wife
30849,Not-in-family
30849,Unmarried
42016,Husband
42016,Other-relative
42016,Own-child
42016,Wife
33903,Husband
33903,Other-relative
33903,Own-child
33903,Wife
6791,Husband
6791,Not-in-family
6791,Other-relative
6791,Own-child
6791,Unmarried
6791,Wife
41366,Not-in-family
41366,Unmarried
13621,Husband
13621,Other-relative
13621,Own-child
13621,Wife
45182,Husband
45182,Not-in-family
45182,Other-relative
45182,Own-child
45182,Unmarried
45182,Wife
10170,Husband
10170,Not-in-family
10170,Other-relative
10170,Own-child
10170,Unmarried
10170,Wife
4822,Husband
4822,Not-in-family
4822,Other-relative
4822,Own-child
4822,Unmarried
4822,Wife
20709,Husband
20709,Not-in-family
20709,Other-relative
20709,Own-child
20709,Unmarried
20709,Wife
27972,Husband
27972,Other-relative
27972,Own-child
27972,Wife
14393,Husband
14393,Not-in-family
14393,Other-relative
14393,Own-child
14393,Unmarried
14393,Wife
23654,Not-in-family
23654,Unmarried
10741,Husband
10741,Other-relative
10741,Own-child
10741,Wife
2792,Husband
2792,Not-in-family
2792,Other-relative
2792,Own-child
2792,Unmarried
2792,Wife
22074,Husband
22074,Other-relative
22074,Own-child
22074,Wife
45300,Husband
45300,Not-in-family
45300,Other-relative
45300,Own-child
45300,Unmarried
45300,Wife
43029,Not-in-family
43029,Unmarried
11933,Husband
11933,Other-relative
11933,Own-child
11933,Wife
47439,Husband
47439,Not-in-family
47439,Other-relative
47439,Own-child
47439,Unmarried
47439,Wife
45942,Husband
45942,Not-in-family
45942,Other-relative
45942,Own-child
45942,Unmarried
45942,Wife
24248,Husband
24248,Other-relative
24248,Own-child
24248,Wife
10732,Husband
10732,Not-in-family
10732,Other-relative
10732,Own-child
10732,Unmarried
10732,Wife
32184,Husband
32184,Not-in-family
32184,Other-relative
32184,Own-child
32184,Unmarried
32184,Wife
22168,Husband
22168,Other-relative
22168,Own-child
22168,Wife
40660,Husband
40660,Not-in-family
40660,Other-relative
40660,Own-child
40660,Unmarried
40660,Wife
14791,Husband
14791,Not-in-family
14791,Other-relative
14791,Own-child
14791,Unmarried
14791,Wife
23462,Not-in-family
23462,Unmarried
43653,Husband
43653,Not-in-family
43653,Other-relative
43653,Own-child
43653,Unmarried
43653,Wife
10548,Husband
10548,Other-relative
10548,Own-child
10548,Wife
27311,Husband
27311,Other-relative
27311,Own-child
27311,Wife
8013,Husband
8013,Other-relative
8013,Own-child
8013,Wife
20301,Not-in-family
20301,Unmarried
3444,Husband
3444,Not-in-family
3444,Other-relative
3444,Own-child
3444,Unmarried
3444,Wife
3512,Husband
3512,Other-relative
3512,Own-child
3512,Wife
9311,Husband
9311,Other-relative
9311,Own-child
9311,Wife
33790,Husband
33790,Not-in-family
33790,Other-relative
33790,Own-child
33790,Unmarried
33790,Wife
15048,Husband
15048,Not-in-family
15048,Other-relative
15048,Own-child
15048,Unmarried
15048,Wife
20196,Not-in-family
20196,Unmarried
6010,Husband
6010,Other-relative
6010,Own-child
6010,Wife
47334,Husband
47334,Not-in-family
47334,Other-relative
47334,Own-child
47334,Unmarried
47334,Wife
4325,Husband
4325,Not-in-family
4325,Other-relative
4325,Own-child
4325,Unmarried
4325,Wife
40104,Husband
40104,Not-in-family
40104,Other-relative
40104,Own-child
40104,Unmarried
40104,Wife
14460,Husband
14460,Other-relative
14460,Own-child
14460,Wife
25971,Husband
25971,Not-in-family
25971,Other-relative
25971,Own-child
25971,Unmarried
25971,Wife
47890,Husband
47890,Not-in-family
47890,Other-relative
47890,Own-child
47890,Unmarried
47890,Wife
39267,Husband
39267,Not-in-family
39267,Other-relative
39267,Own-child
39267,Unmarried
39267,Wife
38280,Husband
38280,Not-in-family
38280,Other-relative
38280,Own-child
38280,Unmarried
38280,Wife
43529,Husband
43529,Not-in-family
43529,Other-relative
43529,Own-child
43529,Unmarried
43529,Wife
4888,Husband
4888,Not-in-family
4888,Other-relative
4888,Own-child
4888,Unmarried
4888,Wife
11291,Husband
11291,Not-in-family
11291,Other-relative
11291,Own-child
11291,Unmarried
11291,Wife
1151,Husband
1151,Not-in-family
1151,Other-relative
1151,Own-child
1151,Unmarried
1151,Wife
9346,Husband
9346,Other-relative
9346,Own-child
9346,Wife
5323,Husband
5323,Other-relative
5323,Own-child
5323,Wife
16684,Husband
16684,Other-relative
16684,Own-child
16684,Wife
963,Husband
963,Not-in-family
963,Other-relative
963,Own-child
963,Unmarried
963,Wife
27929,Husband
27929,Not-in-family
27929,Other-relative
27929,Own-child
27929,Unmarried
27929,Wife
28251,Not-in-family
28251,Unmarried
28693,Husband
28693,Not-in-family
28693,Other-relative
28693,Own-child
28693,Unmarried
28693,Wife
43746,Husband
43746,Other-relative
43746,Own-child
43746,Wife
16813,Not-in-family
16813,Unmarried
2555,Husband
2555,Other-relative
2555,Own-child
2555,Wife
27412,Husband
27412,Other-relative
27412,Own-child
27412,Wife
6418,Husband
6418,Not-in-family
6418,Other-relative
6418,Own-child
6418,Unmarried
6418,Wife
35902,Husband
35902,Other-relative
35902,Own-child
35902,Wife
20944,Husband
20944,Other-relative
20944,Own-child
20944,Wife
28367,Husband
28367,Not-in-family
28367,Other-relative
28367,Own-child
28367,Unmarried
28367,Wife
16314,Not-in-family
16314,Unmarried
7047,Husband
7047,Not-in-family
7047,Other-relative
7047,Own-child
7047,Unmarried
7047,Wife
5502,Husband
5502,Not-in-family
5502,Other-relative
5502,Own-child
5502,Unmarried
5502,Wife
42675,Husband
42675,Not-in-family
42675,Other-relative
42675,Own-child
42675,Unmarried
42675,Wife
30736,Husband
30736,Not-in-family
30736,Other-relative
30736,Own-child
30736,Unmarried
30736,Wife
28951,Husband
28951,Not-in-family
28951,Other-relative
28951,Own-child
28951,Unmarried
28951,Wife
29337,Husband
29337,Not-in-family
29337,Other-relative
29337,Own-child
29337,Unmarried
29337,Wife
39232,Not-in-family
39232,Unmarried
11262,Husband
11262,Not-in-family
11262,Other-relative
11262,Own-child
11262,Unmarried
11262,Wife
36759,Husband
36759,Other-relative
36759,Own-child
36759,Wife
14632,Husband
14632,Not-in-family
14632,Other-relative
14632,Own-child
14632,Unmarried
14632,Wife
14593,Husband
14593,Other-relative
14593,Own-child
14593,Wife
6869,Husband
6869,Other-relative
6869,Own-child
6869,Wife
44360,Husband
44360,Not-in-family
44360,Other-relative
44360,Own-child
44360,Unmarried
44360,Wife
36627,Husband
36627,Not-in-family
36627,Other-relative
36627,Own-child
36627,Unmarried
36627,Wife
20974,Husband
20974,Not-in-family
20974,Other-relative
20974,Own-child
20974,Unmarried
20974,Wife
27062,Not-in-family
27062,Unmarried
48657,Husband
48657,Not-in-family
48657,Other-relative
48657,Own-child
48657,Unmarried
48657,Wife
39697,Husband
39697,Not-in-family
39697,Other-relative
39697,Own-child
39697,Unmarried
39697,Wife
26493,Husband
26493,Other-relative
26493,Own-child
26493,Wife
43001,Not-in-family
43001,Unmarried
21775,Husband
21775,Other-relative
21775,Own-child
21775,Wife
2529,Husband
2529,Not-in-family
2529,Other-relative
2529,Own-child
2529,Unmarried
2529,Wife
8081,Husband
8081,Not-in-family
8081,Other-relative
8081,Own-child
8081,Unmarried
8081,Wife
39168,Husband
39168,Not-in-family
39168,Other-relative
39168,Own-child
39168,Unmarried
39168,Wife
7313,Husband
7313,Not-in-family
7313,Other-relative
7313,Own-child
7313,Unmarried
7313,Wife
25498,Husband
25498,Other-relative
25498,Own-child
25498,Wife
28638,Husband
28638,Other-relative
28638,Own-child
28638,Wife
44395,Husband
44395,Not-in-family
44395,Other-relative
44395,Own-child
44395,Unmarried
44395,Wife
30453,Husband
30453,Not-in-family
30453,Other-relative
30453,Own-child
30453,Unmarried
30453,Wife
48283,Husband
48283,Not-in-family
48283,Other-relative
48283,Own-child
48283,Unmarried
48283,Wife
25390,Husband
25390,Not-in-family
25390,Other-relative
25390,Own-child
25390,Unmarried
25390,Wife
44017,Not-in-family
44017,Unmarried
5601,Husband
5601,Other-relative
5601,Own-child
5601,Wife
37996,Husband
37996,Other-relative
37996,Own-child
37996,Wife
14105,Husband
14105,Other-relative
14105,Own-child
14105,Wife
44806,Not-in-family
44806,Unmarried
38686,Husband
38686,Other-relative
38686,Own-child
38686,Wife
28598,Husband
28598,Not-in-family
28598,Other-relative
28598,Own-child
28598,Unmarried
28598,Wife
26743,Husband
26743,Not-in-family
26743,Other-relative
26743,Own-child
26743,Unmarried
26743,Wife
26854,Husband
26854,Not-in-family
26854,Other-relative
26854,Own-child
26854,Unmarried
26854,Wife
34689,Husband
34689,Not-in-family
34689,Other-relative
34689,Own-child
34689,Unmarried
34689,Wife
32786,Husband
32786,Not-in-family
32786,Other-relative
32786,Own-child
32786,Unmarried
32786,Wife
33319,Husband
33319,Other-relative
33319,Own-child
33319,Wife
12518,Husband
12518,Other-relative
12518,Own-child
12518,Wife
1657,Husband
1657,Other-relative
1657,Own-child
1657,Wife
47772,Husband
47772,Other-relative
47772,Own-child
47772,Wife
44225,Husband
44225,Not-in-family
44225,Other-relative
44225,Own-child
44225,Unmarried
44225,Wife
44385,Husband
44385,Not-in-family
44385,Other-relative
44385,Own-child
44385,Unmarried
44385,Wife
17409,Husband
17409,Other-relative
17409,Own-child
17409,Wife
16716,Husband
16716,Other-relative
16716,Own-child
16716,Wife
10506,Husband
10506,Not-in-family
10506,Other-relative
10506,Own-child
10506,Unmarried
10506,Wife
44677,Husband
44677,Not-in-family
44677,Other-relative
44677,Own-child
44677,Unmarried
44677,Wife
32031,Husband
32031,Not-in-family
32031,Other-relative
32031,Own-child
32031,Unmarried
32031,Wife
10005,Husband
10005,Not-in-family
10005,Other-relative
10005,Own-child
10005,Unmarried
10005,Wife
40583,Husband
40583,Not-in-family
40583,Other-relative
40583,Own-child
40583,Unmarried
40583,Wife
47911,Husband
47911,Other-relative
47911,Own-child
47911,Wife
4908,Husband
4908,Not-in-family
4908,Other-relative
4908,Own-child
4908,Unmarried
4908,Wife
24071,Husband
24071,Other-relative
24071,Own-child
24071,Wife
33001,Husband
33001,Other-relative
33001,Own-child
33001,Wife
32196,Husband
32196,Not-in-family
32196,Other-relative
32196,Own-child
32196,Unmarried
32196,Wife
24639,Not-in-family
24639,Unmarried
44779,Husband
44779,Not-in-family
44779,Other-relative
44779,Own-child
44779,Unmarried
44779,Wife
23849,Husband
23849,Other-relative
23849,Own-child
23849,Wife
33665,Husband
33665,Other-relative
33665,Own-child
33665,Wife
20667,Husband
20667,Not-in-family
20667,Other-relative
20667,Own-child
20667,Unmarried
20667,Wife
40492,Not-in-family
40492,Unmarried
34965,Husband
34965,Other-relative
34965,Own-child
34965,Wife
652,Husband
652,Other-relative
652,Own-child
652,Wife
17838,Husband
17838,Other-relative
17838,Own-child
17838,Wife
14405,Husband
14405,Not-in-family
14405,Other-relative
14405,Own-child
14405,Unmarried
14405,Wife
30655,Husband
30655,Not-in-family
30655,Other-relative
30655,Own-child
30655,Unmarried
30655,Wife
8730,Husband
8730,Not-in-family
8730,Other-relative
8730,Own-child
8730,Unmarried
8730,Wife
7703,Husband
7703,Other-relative
7703,Own-child
7703,Wife
2651,Husband
2651,Not-in-family
2651,Other-relative
2651,Own-child
2651,Unmarried
2651,Wife
28101,Husband
28101,Not-in-family
28101,Other-relative
28101,Own-child
28101,Unmarried
28101,Wife
16194,Husband
16194,Not-in-family
16194,Other-relative
16194,Own-child
16194,Unmarried
16194,Wife
5536,Husband
5536,Other-relative
5536,Own-child
5536,Wife
12080,Husband
12080,Other-relative
12080,Own-child
12080,Wife
20181,Husband
20181,Other-relative
20181,Own-child
20181,Wife
13652,Husband
13652,Other-relative
13652,Own-child
13652,Wife
236,Not-in-family
236,Unmarried
47176,Husband
47176,Not-in-family
47176,Other-relative
47176,Own-child
47176,Unmarried
47176,Wife
4412,Husband
4412,Not-in-family
4412,Other-relative
4412,Own-child
4412,Unmarried
4412,Wife
29751,Husband
29751,Not-in-family
29751,Other-relative
29751,Own-child
29751,Unmarried
29751,Wife
7274,Husband
7274,Other-relative
7274,Own-child
7274,Wife
28208,Husband
28208,Not-in-family
28208,Other-relative
28208,Own-child
28208,Unmarried
28208,Wife
41134,Husband
41134,Not-in-family
41134,Other-relative
41134,Own-child
41134,Unmarried
41134,Wife
24271,Husband
24271,Not-in-family
24271,Other-relative
24271,Own-child
24271,Unmarried
24271,Wife
23141,Husband
23141,Not-in-family
23141,Other-relative
23141,Own-child
23141,Unmarried
23141,Wife
513,Husband
513,Not-in-family
513,Other-relative
513,Own-child
513,Unmarried
513,Wife
19983,Husband
19983,Not-in-family
19983,Other-relative
19983,Own-child
19983,Unmarried
19983,Wife
20228,Husband
20228,Other-relative
20228,Own-child
20228,Wife
46869,Not-in-family
46869,Unmarried
2989,Husband
2989,Other-relative
2989,Own-child
2989,Wife
43877,Husband
43877,Not-in-family
43877,Other-relative
43877,Own-child
43877,Unmarried
43877,Wife
20119,Husband
20119,Other-relative
20119,Own-child
20119,Wife
18209,Husband
18209,Not-in-family
18209,Other-relative
18209,Own-child
18209,Unmarried
18209,Wife
7930,Husband
7930,Other-relative
7930,Own-child
7930,Wife
36162,Husband
36162,Not-in-family
36162,Other-relative
36162,Own-child
36162,Unmarried
36162,Wife
15546,Husband
15546,Not-in-family
15546,Other-relative
15546,Own-child
15546,Unmarried
15546,Wife
20445,Husband
20445,Other-relative
20445,Own-child
20445,Wife
4781,Husband
4781,Not-in-family
4781,Other-relative
4781,Own-child
4781,Unmarried
4781,Wife
30128,Husband
30128,Not-in-family
30128,Other-relative
30128,Own-child
30128,Unmarried
30128,Wife
2678,Husband
2678,Not-in-family
2678,Other-relative
2678,Own-child
2678,Unmarried
2678,Wife
8711,Husband
8711,Not-in-family
8711,Other-relative
8711,Own-child
8711,Unmarried
8711,Wife
34703,Husband
34703,Other-relative
34703,Own-child
34703,Wife
39579,Husband
39579,Not-in-family
39579,Other-relative
39579,Own-child
39579,Unmarried
39579,Wife
45157,Not-in-family
45157,Unmarried
24776,Husband
24776,Not-in-family
24776,Other-relative
24776,Own-child
24776,Unmarried
24776,Wife
46940,Husband
46940,Not-in-family
46940,Other-relative
46940,Own-child
46940,Unmarried
46940,Wife
19875,Not-in-family
19875,Unmarried
35878,Not-in-family
35878,Unmarried
38942,Husband
38942,Not-in-family
38942,Other-relative
38942,Own-child
38942,Unmarried
38942,Wife
46387,Husband
46387,Not-in-family
46387,Other-relative
46387,Own-child
46387,Unmarried
46387,Wife
37235,Husband
37235,Other-relative
37235,Own-child
37235,Wife
14701,Husband
14701,Not-in-family
14701,Other-relative
14701,Own-child
14701,Unmarried
14701,Wife
3560,Not-in-family
3560,Unmarried
21633,Not-in-family
21633,Unmarried
45,Husband
45,Other-relative
45,Own-child
45,Wife
37392,Husband
37392,Not-in-family
37392,Other-relative
37392,Own-child
37392,Unmarried
37392,Wife
29054,Husband
29054,Other-relative
29054,Own-child
29054,Wife
47901,Husband
47901,Not-in-family
47901,Other-relative
47901,Own-child
47901,Unmarried
47901,Wife
19934,Husband
19934,Not-in-family
19934,Other-relative
19934,Own-child
19934,Unmarried
19934,Wife
22780,Husband
22780,Other-relative
22780,Own-child
22780,Wife
7875,Husband
7875,Other-relative
7875,Own-child
7875,Wife
24390,Husband
24390,Not-in-family
24390,Other-relative
24390,Own-child
24390,Unmarried
24390,Wife
23166,Husband
23166,Not-in-family
23166,Other-relative
23166,Own-child
23166,Unmarried
23166,Wife
18668,Husband
18668,Not-in-family
18668,Other-relative
18668,Own-child
18668,Unmarried
18668,Wife
21310,Not-in-family
21310,Unmarried
29452,Husband
29452,Not-in-family
29452,Other-relative
29452,Own-child
29452,Unmarried
29452,Wife
45990,Husband
45990,Not-in-family
45990,Other-relative
45990,Own-child
45990,Unmarried
45990,Wife
17814,Husband
17814,Other-relative
17814,Own-child
17814,Wife
35961,Husband
35961,Not-in-family
35961,Other-relative
35961,Own-child
35961,Unmarried
35961,Wife
21889,Husband
21889,Not-in-family
21889,Other-relative
21889,Own-child
21889,Unmarried
21889,Wife
19733,Not-in-family
19733,Unmarried
6746,Husband
6746,Not-in-family
6746,Other-relative
6746,Own-child
6746,Unmarried
6746,Wife
102,Husband
102,Not-in-family
102,Other-relative
102,Own-child
102,Unmarried
102,Wife
19849,Husband
19849,Not-in-family
19849,Other-relative
19849,Own-child
19849,Unmarried
19849,Wife
46372,Husband
46372,Other-relative
46372,Own-child
46372,Wife
12051,Not-in-family
12051,Unmarried
11737,Husband
11737,Not-in-family
11737,Other-relative
11737,Own-child
11737,Unmarried
11737,Wife
47089,Husband
47089,Other-relative
47089,Own-child
47089,Wife
32515,Husband
32515,Other-relative
32515,Own-child
32515,Wife
27805,Husband
27805,Not-in-family
27805,Other-relative
27805,Own-child
27805,Unmarried
27805,Wife
33744,Husband
33744,Not-in-family
33744,Other-relative
33744,Own-child
33744,Unmarried
33744,Wife
13252,Husband
13252,Other-relative
13252,Own-child
13252,Wife
34823,Not-in-family
34823,Unmarried
41745,Husband
41745,Other-relative
41745,Own-child
41745,Wife
5954,Husband
5954,Not-in-family
5954,Other-relative
5954,Own-child
5954,Unmarried
5954,Wife
16564,Husband
16564,Not-in-family
16564,Other-relative
16564,Own-child
16564,Unmarried
16564,Wife
14524,Husband
14524,Other-relative
14524,Own-child
14524,Wife
26086,Not-in-family
26086,Unmarried
28694,Husband
28694,Other-relative
28694,Own-child
28694,Wife
15004,Not-in-family
15004,Unmarried
43341,Husband
43341,Other-relative
43341,Own-child
43341,Wife
30012,Husband
30012,Not-in-family
30012,Other-relative
30012,Own-child
30012,Unmarried
30012,Wife
21752,Husband
21752,Not-in-family
21752,Other-relative
21752,Own-child
21752,Unmarried
21752,Wife
8564,Husband
8564,Not-in-family
8564,Other-relative
8564,Own-child
8564,Unmarried
8564,Wife
47686,Not-in-family
47686,Unmarried
46298,Not-in-family
46298,Unmarried
30526,Husband
30526,Not-in-family
30526,Other-relative
30526,Own-child
30526,Unmarried
30526,Wife
17418,Husband
17418,Not-in-family
17418,Other-relative
17418,Own-child
17418,Unmarried
17418,Wife
47117,Husband
47117,Other-relative
47117,Own-child
47117,Wife
18166,Husband
18166,Not-in-family
18166,Other-relative
18166,Own-child
18166,Unmarried
18166,Wife
22785,Not-in-family
22785,Unmarried
16662,Husband
16662,Other-relative
16662,Own-child
16662,Wife
14655,Husband
14655,Other-relative
14655,Own-child
14655,Wife
43971,Husband
43971,Other-relative
43971,Own-child
43971,Wife
11538,Husband
11538,Not-in-family
11538,Other-relative
11538,Own-child
11538,Unmarried
11538,Wife
22287,Husband
22287,Not-in-family
22287,Other-relative
22287,Own-child
22287,Unmarried
22287,Wife
26097,Husband
26097,Not-in-family
26097,Other-relative
26097,Own-child
26097,Unmarried
26097,Wife
2353,Husband
2353,Other-relative
2353,Own-child
2353,Wife
5202,Husband
5202,Not-in-family
5202,Other-relative
5202,Own-child
5202,Unmarried
5202,Wife
36513,Husband
36513,Not-in-family
36513,Other-relative
36513,Own-child
36513,Unmarried
36513,Wife
18101,Husband
18101,Other-relative
18101,Own-child
18101,Wife
22942,Husband
22942,Other-relative
22942,Own-child
22942,Wife
10730,Husband
10730,Not-in-family
10730,Other-relative
10730,Own-child
10730,Unmarried
10730,Wife
1961,Husband
1961,Not-in-family
1961,Other-relative
1961,Own-child
1961,Unmarried
1961,Wife
28713,Not-in-family
28713,Unmarried
7294,Husband
7294,Other-relative
7294,Own-child
7294,Wife
29991,Husband
29991,Not-in-family
29991,Other-relative
29991,Own-child
29991,Unmarried
29991,Wife
30854,Husband
30854,Not-in-family
30854,Other-relative
30854,Own-child
30854,Unmarried
30854,Wife
34991,Husband
34991,Not-in-family
34991,Other-relative
34991,Own-child
34991,Unmarried
34991,Wife
19551,Husband
19551,Not-in-family
19551,Other-relative
19551,Own-child
19551,Unmarried
19551,Wife
40292,Husband
40292,Not-in-family
40292,Other-relative
40292,Own-child
40292,Unmarried
40292,Wife
17337,Husband
17337,Not-in-family
17337,Other-relative
17337,Own-child
17337,Unmarried
17337,Wife
14865,Husband
14865,Not-in-family
14865,Other-relative
14865,Own-child
14865,Unmarried
14865,Wife
24747,Husband
24747,Other-relative
24747,Own-child
24747,Wife
24613,Husband
24613,Other-relative
24613,Own-child
24613,Wife
26509,Husband
26509,Not-in-family
26509,Other-relative
26509,Own-child
26509,Unmarried
26509,Wife
7722,Husband
7722,Other-relative
7722,Own-child
7722,Wife
18631,Husband
18631,Not-in-family
18631,Other-relative
18631,Own-child
18631,Unmarried
18631,Wife
44233,Husband
44233,Not-in-family
44233,Other-relative
44233,Own-child
44233,Unmarried
44233,Wife
15998,Husband
15998,Not-in-family
15998,Other-relative
15998,Own-child
15998,Unmarried
15998,Wife
35435,Husband
35435,Other-relative
35435,Own-child
35435,Wife
20848,Husband
20848,Other-relative
20848,Own-child
20848,Wife
20866,Not-in-family
20866,Unmarried
2469,Husband
2469,Not-in-family
2469,Other-relative
2469,Own-child
2469,Unmarried
2469,Wife
22332,Husband
22332,Other-relative
22332,Own-child
22332,Wife
36271,Not-in-family
36271,Unmarried
32941,Husband
32941,Other-relative
32941,Own-child
32941,Wife
26238,Husband
26238,Not-in-family
26238,Other-relative
26238,Own-child
26238,Unmarried
26238,Wife
47896,Not-in-family
47896,Unmarried
26844,Not-in-family
26844,Unmarried
12388,Husband
12388,Other-relative
12388,Own-child
12388,Wife
16398,Husband
16398,Not-in-family
16398,Other-relative
16398,Own-child
16398,Unmarried
16398,Wife
36977,Husband
36977,Other-relative
36977,Own-child
36977,Wife
42665,Husband
42665,Other-relative
42665,Own-child
42665,Wife
24685,Husband
24685,Not-in-family
24685,Other-relative
24685,Own-child
24685,Unmarried
24685,Wife
9982,Husband
9982,Not-in-family
9982,Other-relative
9982,Own-child
9982,Unmarried
9982,Wife
47264,Husband
47264,Not-in-family
47264,Other-relative
47264,Own-child
47264,Unmarried
47264,Wife
40079,Husband
40079,Other-relative
40079,Own-child
40079,Wife
12844,Husband
12844,Not-in-family
12844,Other-relative
12844,Own-child
12844,Unmarried
12844,Wife
44517,Husband
44517,Other-relative
44517,Own-child
44517,Wife
15833,Husband
15833,Other-relative
15833,Own-child
15833,Wife
3344,Husband
3344,Other-relative
3344,Own-child
3344,Wife
14671,Husband
14671,Not-in-family
14671,Other-relative
14671,Own-child
14671,Unmarried
14671,Wife
16250,Husband
16250,Not-in-family
16250,Other-relative
16250,Own-child
16250,Unmarried
16250,Wife
30288,Husband
30288,Not-in-family
30288,Other-relative
30288,Own-child
30288,Unmarried
30288,Wife
43868,Husband
43868,Other-relative
43868,Own-child
43868,Wife
1291,Not-in-family
1291,Unmarried
48303,Husband
48303,Other-relative
48303,Own-child
48303,Wife
45155,Husband
45155,Not-in-family
45155,Other-relative
45155,Own-child
45155,Unmarried
45155,Wife
28768,Husband
28768,Other-relative
28768,Own-child
28768,Wife
3465,Husband
3465,Not-in-family
3465,Other-relative
3465,Own-child
3465,Unmarried
3465,Wife
6367,Not-in-family
6367,Unmarried
36418,Husband
36418,Other-relative
36418,Own-child
36418,Wife
16055,Husband
16055,Other-relative
16055,Own-child
16055,Wife
10144,Husband
10144,Not-in-family
10144,Other-relative
10144,Own-child
10144,Unmarried
10144,Wife
47267,Husband
47267,Not-in-family
47267,Other-relative
47267,Own-child
47267,Unmarried
47267,Wife
21911,Husband
21911,Not-in-family
21911,Other-relative
21911,Own-child
21911,Unmarried
21911,Wife
33181,Husband
33181,Not-in-family
33181,Other-relative
33181,Own-child
33181,Unmarried
33181,Wife
37410,Husband
37410,Not-in-family
37410,Other-relative
37410,Own-child
37410,Unmarried
37410,Wife
9370,Not-in-family
9370,Unmarried
24312,Husband
24312,Not-in-family
24312,Other-relative
24312,Own-child
24312,Unmarried
24312,Wife
20625,Husband
20625,Other-relative
20625,Own-child
20625,Wife
22547,Husband
22547,Not-in-family
22547,Other-relative
22547,Own-child
22547,Unmarried
22547,Wife
33080,Husband
33080,Not-in-family
33080,Other-relative
33080,Own-child
33080,Unmarried
33080,Wife
1121,Husband
1121,Not-in-family
1121,Other-relative
1121,Own-child
1121,Unmarried
1121,Wife
19390,Husband
19390,Other-relative
19390,Own-child
19390,Wife
2532,Husband
2532,Not-in-family
2532,Other-relative
2532,Own-child
2532,Unmarried
2532,Wife
43772,Not-in-family
43772,Unmarried
27182,Husband
27182,Other-relative
27182,Own-child
27182,Wife
18090,Husband
18090,Not-in-family
18090,Other-relative
18090,Own-child
18090,Unmarried
18090,Wife
40703,Husband
40703,Not-in-family
40703,Other-relative
40703,Own-child
40703,Unmarried
40703,Wife
28998,Husband
28998,Other-relative
28998,Own-child
28998,Wife
96,Husband
96,Not-in-family
96,Other-relative
96,Own-child
96,Unmarried
96,Wife
16429,Not-in-family
16429,Unmarried
35378,Husband
35378,Not-in-family
35378,Other-relative
35378,Own-child
35378,Unmarried
35378,Wife
35462,Not-in-family
35462,Unmarried
3981,Husband
3981,Not-in-family
3981,Other-relative
3981,Own-child
3981,Unmarried
3981,Wife
47702,Husband
47702,Other-relative
47702,Own-child
47702,Wife
32815,Husband
32815,Other-relative
32815,Own-child
32815,Wife
14033,Husband
14033,Not-in-family
14033,Other-relative
14033,Own-child
14033,Unmarried
14033,Wife
9599,Husband
9599,Not-in-family
9599,Other-relative
9599,Own-child
9599,Unmarried
9599,Wife
10560,Husband
10560,Other-relative
10560,Own-child
10560,Wife
15774,Husband
15774,Not-in-family
15774,Other-relative
15774,Own-child
15774,Unmarried
15774,Wife
48416,Husband
48416,Not-in-family
48416,Other-relative
48416,Own-child
48416,Unmarried
48416,Wife
2865,Husband
2865,Not-in-family
2865,Other-relative
2865,Own-child
2865,Unmarried
2865,Wife
2483,Husband
2483,Other-relative
2483,Own-child
2483,Wife
20298,Husband
20298,Not-in-family
20298,Other-relative
20298,Own-child
20298,Unmarried
20298,Wife
31734,Husband
31734,Other-relative
31734,Own-child
31734,Wife
23937,Husband
23937,Not-in-family
23937,Other-relative
23937,Own-child
23937,Unmarried
23937,Wife
6902,Not-in-family
6902,Unmarried
32046,Husband
32046,Other-relative
32046,Own-child
32046,Wife
15224,Husband
15224,Not-in-family
15224,Other-relative
15224,Own-child
15224,Unmarried
15224,Wife
48584,Husband
48584,Not-in-family
48584,Other-relative
48584,Own-child
48584,Unmarried
48584,Wife
12238,Not-in-family
12238,Unmarried
16334,Husband
16334,Not-in-family
16334,Other-relative
16334,Own-child
16334,Unmarried
16334,Wife
35080,Husband
35080,Not-in-family
35080,Other-relative
35080,Own-child
35080,Unmarried
35080,Wife
43190,Husband
43190,Other-relative
43190,Own-child
43190,Wife
19904,Not-in-family
19904,Unmarried
44443,Not-in-family
44443,Unmarried
37971,Husband
37971,Other-relative
37971,Own-child
37971,Wife
1770,Husband
1770,Not-in-family
1770,Other-relative
1770,Own-child
1770,Unmarried
1770,Wife
17551,Husband
17551,Not-in-family
17551,Other-relative
17551,Own-child
17551,Unmarried
17551,Wife
45820,Husband
45820,Not-in-family
45820,Other-relative
45820,Own-child
45820,Unmarried
45820,Wife
11329,Husband
11329,Not-in-family
11329,Other-relative
11329,Own-child
11329,Unmarried
11329,Wife
45626,Husband
45626,Not-in-family
45626,Other-relative
45626,Own-child
45626,Unmarried
45626,Wife
31689,Not-in-family
31689,Unmarried
30667,Husband
30667,Not-in-family
30667,Other-relative
30667,Own-child
30667,Unmarried
30667,Wife
40430,Not-in-family
40430,Unmarried
24333,Husband
24333,Not-in-family
24333,Other-relative
24333,Own-child
24333,Unmarried
24333,Wife
20548,Husband
20548,Other-relative
20548,Own-child
20548,Wife
170,Not-in-family
170,Unmarried
30290,Husband
30290,Other-relative
30290,Own-child
30290,Wife
31192,Husband
31192,Other-relative
31192,Own-child
31192,Wife
10752,Husband
10752,Other-relative
10752,Own-child
10752,Wife
9077,Husband
9077,Other-relative
9077,Own-child
9077,Wife
11646,Not-in-family
11646,Unmarried
29755,Husband
29755,Other-relative
29755,Own-child
29755,Wife
21895,Not-in-family
21895,Unmarried
41044,Husband
41044,Not-in-family
41044,Other-relative
41044,Own-child
41044,Unmarried
41044,Wife
17631,Husband
17631,Other-relative
17631,Own-child
17631,Wife
11197,Husband
11197,Not-in-family
11197,Other-relative
11197,Own-child
11197,Unmarried
11197,Wife
33803,Husband
33803,Not-in-family
33803,Other-relative
33803,Own-child
33803,Unmarried
33803,Wife
1079,Husband
1079,Not-in-family
1079,Other-relative
1079,Own-child
1079,Unmarried
1079,Wife
40413,Husband
40413,Not-in-family
40413,Other-relative
40413,Own-child
40413,Unmarried
40413,Wife
21774,Not-in-family
21774,Unmarried
28771,Husband
28771,Not-in-family
28771,Other-relative
28771,Own-child
28771,Unmarried
28771,Wife
39476,Not-in-family
39476,Unmarried
30332,Husband
30332,Not-in-family
30332,Other-relative
30332,Own-child
30332,Unmarried
30332,Wife
32813,Husband
32813,Other-relative
32813,Own-child
32813,Wife
2736,Husband
2736,Other-relative
2736,Own-child
2736,Wife
44817,Husband
44817,Not-in-family
44817,Other-relative
44817,Own-child
44817,Unmarried
44817,Wife
33507,Husband
33507,Other-relative
33507,Own-child
33507,Wife
29028,Husband
29028,Not-in-family
29028,Other-relative
29028,Own-child
29028,Unmarried
29028,Wife
43289,Husband
43289,Not-in-family
43289,Other-relative
43289,Own-child
43289,Unmarried
43289,Wife
45595,Husband
45595,Other-relative
45595,Own-child
45595,Wife
38711,Not-in-family
38711,Unmarried
10859,Husband
10859,Not-in-family
10859,Other-relative
10859,Own-child
10859,Unmarried
10859,Wife
3955,Husband
3955,Other-relative
3955,Own-child
3955,Wife
42217,Husband
42217,Not-in-family
42217,Other-relative
42217,Own-child
42217,Unmarried
42217,Wife
18098,Husband
18098,Not-in-family
18098,Other-relative
18098,Own-child
18098,Unmarried
18098,Wife
21260,Husband
21260,Not-in-family
21260,Other-relative
21260,Own-child
21260,Unmarried
21260,Wife
39569,Not-in-family
39569,Unmarried
25041,Husband
25041,Not-in-family
25041,Other-relative
25041,Own-child
25041,Unmarried
25041,Wife
3677,Husband
3677,Not-in-family
3677,Other-relative
3677,Own-child
3677,Unmarried
3677,Wife
17450,Husband
17450,Not-in-family
17450,Other-relative
17450,Own-child
17450,Unmarried
17450,Wife
28347,Husband
28347,Not-in-family
28347,Other-relative
28347,Own-child
28347,Unmarried
28347,Wife
45260,Husband
45260,Not-in-family
45260,Other-relative
45260,Own-child
45260,Unmarried
45260,Wife
15936,Husband
15936,Other-relative
15936,Own-child
15936,Wife
258,Husband
258,Not-in-family
258,Other-relative
258,Own-child
258,Unmarried
258,Wife
17067,Husband
17067,Other-relative
17067,Own-child
17067,Wife
45780,Not-in-family
45780,Unmarried
8177,Husband
8177,Not-in-family
8177,Other-relative
8177,Own-child
8177,Unmarried
8177,Wife
37979,Husband
37979,Not-in-family
37979,Other-relative
37979,Own-child
37979,Unmarried
37979,Wife
16751,Husband
16751,Not-in-family
16751,Other-relative
16751,Own-child
16751,Unmarried
16751,Wife
36154,Not-in-family
36154,Unmarried
47467,Husband
47467,Other-relative
47467,Own-child
47467,Wife
32785,Husband
32785,Not-in-family
32785,Other-relative
32785,Own-child
32785,Unmarried
32785,Wife
22439,Husband
22439,Not-in-family
22439,Other-relative
22439,Own-child
22439,Unmarried
22439,Wife
18246,Husband
18246,Other-relative
18246,Own-child
18246,Wife
32532,Husband
32532,Other-relative
32532,Own-child
32532,Wife
35165,Husband
35165,Not-in-family
35165,Other-relative
35165,Own-child
35165,Unmarried
35165,Wife
39945,Husband
39945,Other-relative
39945,Own-child
39945,Wife
35021,Husband
35021,Other-relative
35021,Own-child
35021,Wife
1866,Not-in-family
1866,Unmarried
36796,Not-in-family
36796,Unmarried
14074,Husband
14074,Not-in-family
14074,Other-relative
14074,Own-child
14074,Unmarried
14074,Wife
8669,Husband
8669,Other-relative
8669,Own-child
8669,Wife
31394,Husband
31394,Not-in-family
31394,Other-relative
31394,Own-child
31394,Unmarried
31394,Wife
19151,Husband
19151,Not-in-family
19151,Other-relative
19151,Own-child
19151,Unmarried
19151,Wife
39316,Husband
39316,Not-in-family
39316,Other-relative
39316,Own-child
39316,Unmarried
39316,Wife
40690,Husband
40690,Not-in-family
40690,Other-relative
40690,Own-child
40690,Unmarried
40690,Wife
47124,Husband
47124,Other-relative
47124,Own-child
47124,Wife
14231,Husband
14231,Other-relative
14231,Own-child
14231,Wife
41125,Husband
41125,Not-in-family
41125,Other-relative
41125,Own-child
41125,Unmarried
41125,Wife
9970,Not-in-family
9970,Unmarried
1913,Husband
1913,Other-relative
1913,Own-child
1913,Wife
19450,Husband
19450,Other-relative
19450,Own-child
19450,Wife
48326,Husband
48326,Other-relative
48326,Own-child
48326,Wife
7128,Not-in-family
7128,Unmarried
5845,Husband
5845,Other-relative
5845,Own-child
5845,Wife
48233,Husband
48233,Other-relative
48233,Own-child
48233,Wife
41707,Husband
41707,Not-in-family
41707,Other-relative
41707,Own-child
41707,Unmarried
41707,Wife
22292,Husband
22292,Other-relative
22292,Own-child
22292,Wife
7436,Husband
7436,Not-in-family
7436,Other-relative
7436,Own-child
7436,Unmarried
7436,Wife
21468,Not-in-family
21468,Unmarried
14877,Not-in-family
14877,Unmarried
21343,Husband
21343,Other-relative
21343,Own-child
21343,Wife
8301,Husband
8301,Not-in-family
8301,Other-relative
8301,Own-child
8301,Unmarried
8301,Wife
42236,Husband
42236,Not-in-family
42236,Other-relative
42236,Own-child
42236,Unmarried
42236,Wife
34506,Husband
34506,Not-in-family
34506,Other-relative
34506,Own-child
34506,Unmarried
34506,Wife
43581,Husband
43581,Other-relative
43581,Own-child
43581,Wife
44174,Husband
44174,Not-in-family
44174,Other-relative
44174,Own-child
44174,Unmarried
44174,Wife
30845,Not-in-family
30845,Unmarried
45829,Husband
45829,Other-relative
45829,Own-child
45829,Wife
13070,Husband
13070,Not-in-family
13070,Other-relative
13070,Own-child
13070,Unmarried
13070,Wife
39057,Husband
39057,Not-in-family
39057,Other-relative
39057,Own-child
39057,Unmarried
39057,Wife
47412,Husband
47412,Other-relative
47412,Own-child
47412,Wife
47449,Husband
47449,Not-in-family
47449,Other-relative
47449,Own-child
47449,Unmarried
47449,Wife
15973,Husband
15973,Other-relative
15973,Own-child
15973,Wife
27836,Not-in-family
27836,Unmarried
20511,Husband
20511,Other-relative
20511,Own-child
20511,Wife
14637,Husband
14637,Not-in-family
14637,Other-relative
14637,Own-child
14637,Unmarried
14637,Wife
44945,Husband
44945,Not-in-family
44945,Other-relative
44945,Own-child
44945,Unmarried
44945,Wife
30817,Not-in-family
30817,Unmarried
43900,Husband
43900,Not-in-family
43900,Other-relative
43900,Own-child
43900,Unmarried
43900,Wife
9525,Not-in-family
9525,Unmarried
7525,Not-in-family
7525,Unmarried
18867,Husband
18867,Other-relative
18867,Own-child
18867,Wife
25279,Husband
25279,Other-relative
25279,Own-child
25279,Wife
21010,Not-in-family
21010,Unmarried
46141,Not-in-family
46141,Unmarried
35801,Husband
35801,Not-in-family
35801,Other-relative
35801,Own-child
35801,Unmarried
35801,Wife
19157,Husband
19157,Not-in-family
19157,Other-relative
19157,Own-child
19157,Unmarried
19157,Wife
47112,Husband
47112,Not-in-family
47112,Other-relative
47112,Own-child
47112,Unmarried
47112,Wife
22414,Husband
22414,Not-in-family
22414,Other-relative
22414,Own-child
22414,Unmarried
22414,Wife
3654,Husband
3654,Other-relative
3654,Own-child
3654,Wife
5069,Husband
5069,Not-in-family
5069,Other-relative
5069,Own-child
5069,Unmarried
5069,Wife
45059,Husband
45059,Other-relative
45059,Own-child
45059,Wife
37092,Husband
37092,Not-in-family
37092,Other-relative
37092,Own-child
37092,Unmarried
37092,Wife
39042,Husband
39042,Other-relative
39042,Own-child
39042,Wife
6608,Husband
6608,Not-in-family
6608,Other-relative
6608,Own-child
6608,Unmarried
6608,Wife
30323,Husband
30323,Not-in-family
30323,Other-relative
30323,Own-child
30323,Unmarried
30323,Wife
42982,Not-in-family
42982,Unmarried
34629,Husband
34629,Other-relative
34629,Own-child
34629,Wife
28404,Husband
28404,Not-in-family
28404,Other-relative
28404,Own-child
28404,Unmarried
28404,Wife
5458,Husband
5458,Not-in-family
5458,Other-relative
5458,Own-child
5458,Unmarried
5458,Wife
10450,Not-in-family
10450,Unmarried
31119,Husband
31119,Not-in-family
31119,Other-relative
31119,Own-child
31119,Unmarried
31119,Wife
25995,Husband
25995,Not-in-family
25995,Other-relative
25995,Own-child
25995,Unmarried
25995,Wife
26767,Husband
26767,Other-relative
26767,Own-child
26767,Wife
7473,Husband
7473,Not-in-family
7473,Other-relative
7473,Own-child
7473,Unmarried
7473,Wife
48727,Husband
48727,Not-in-family
48727,Other-relative
48727,Own-child
48727,Unmarried
48727,Wife
25863,Husband
25863,Not-in-family
25863,Other-relative
25863,Own-child
25863,Unmarried
25863,Wife
48816,Husband
48816,Other-relative
48816,Own-child
48816,Wife
42059,Not-in-family
42059,Unmarried
6686,Husband
6686,Not-in-family
6686,Other-relative
6686,Own-child
6686,Unmarried
6686,Wife
24964,Not-in-family
24964,Unmarried
6187,Not-in-family
6187,Unmarried
19526,Not-in-family
19526,Unmarried
31909,Husband
31909,Not-in-family
31909,Other-relative
31909,Own-child
31909,Unmarried
31909,Wife
14523,Husband
14523,Other-relative
14523,Own-child
14523,Wife
18801,Husband
18801,Not-in-family
18801,Other-relative
18801,Own-child
18801,Unmarried
18801,Wife
47534,Husband
47534,Not-in-family
47534,Other-relative
47534,Own-child
47534,Unmarried
47534,Wife
37141,Husband
37141,Not-in-family
37141,Other-relative
37141,Own-child
37141,Unmarried
37141,Wife
14127,Husband
14127,Not-in-family
14127,Other-relative
14127,Own-child
14127,Unmarried
14127,Wife
31937,Husband
31937,Other-relative
31937,Own-child
31937,Wife
24364,Husband
24364,Other-relative
24364,Own-child
24364,Wife
25151,Husband
25151,Not-in-family
25151,Other-relative
25151,Own-child
25151,Unmarried
25151,Wife
39583,Husband
39583,Other-relative
39583,Own-child
39583,Wife
23401,Husband
23401,Not-in-family
23401,Other-relative
23401,Own-child
23401,Unmarried
23401,Wife
15449,Husband
15449,Not-in-family
15449,Other-relative
15449,Own-child
15449,Unmarried
15449,Wife
1790,Husband
1790,Not-in-family
1790,Other-relative
1790,Own-child
1790,Unmarried
1790,Wife
16637,Husband
16637,Not-in-family
16637,Other-relative
16637,Own-child
16637,Unmarried
16637,Wife
45788,Husband
45788,Other-relative
45788,Own-child
45788,Wife
26781,Husband
26781,Not-in-family
26781,Other-relative
26781,Own-child
26781,Unmarried
26781,Wife
9691,Husband
9691,Not-in-family
9691,Other-relative
9691,Own-child
9691,Unmarried
9691,Wife
16721,Husband
16721,Not-in-family
16721,Other-relative
16721,Own-child
16721,Unmarried
16721,Wife
24445,Husband
24445,Other-relative
24445,Own-child
24445,Wife
4742,Husband
4742,Not-in-family
4742,Other-relative
4742,Own-child
4742,Unmarried
4742,Wife
43372,Not-in-family
43372,Unmarried
16521,Husband
16521,Not-in-family
16521,Other-relative
16521,Own-child
16521,Unmarried
16521,Wife
44884,Husband
44884,Not-in-family
44884,Other-relative
44884,Own-child
44884,Unmarried
44884,Wife
47096,Husband
47096,Not-in-family
47096,Other-relative
47096,Own-child
47096,Unmarried
47096,Wife
10606,Husband
10606,Other-relative
10606,Own-child
10606,Wife
12885,Husband
12885,Other-relative
12885,Own-child
12885,Wife
30428,Husband
30428,Not-in-family
30428,Other-relative
30428,Own-child
30428,Unmarried
30428,Wife
24927,Not-in-family
24927,Unmarried
46162,Husband
46162,Not-in-family
46162,Other-relative
46162,Own-child
46162,Unmarried
46162,Wife
15745,Husband
15745,Not-in-family
15745,Other-relative
15745,Own-child
15745,Unmarried
15745,Wife
25586,Husband
25586,Not-in-family
25586,Other-relative
25586,Own-child
25586,Unmarried
25586,Wife
7928,Husband
7928,Other-relative
7928,Own-child
7928,Wife
43191,Husband
43191,Other-relative
43191,Own-child
43191,Wife
46847,Husband
46847,Not-in-family
46847,Other-relative
46847,Own-child
46847,Unmarried
46847,Wife
12383,Husband
12383,Not-in-family
12383,Other-relative
12383,Own-child
12383,Unmarried
12383,Wife
22273,Husband
22273,Not-in-family
22273,Other-relative
22273,Own-child
22273,Unmarried
22273,Wife
29997,Husband
29997,Not-in-family
29997,Other-relative
29997,Own-child
29997,Unmarried
29997,Wife
41108,Not-in-family
41108,Unmarried
31084,Husband
31084,Not-in-family
31084,Other-relative
31084,Own-child
31084,Unmarried
31084,Wife
32376,Not-in-family
32376,Unmarried
27780,Husband
27780,Other-relative
27780,Own-child
27780,Wife
29585,Husband
29585,Other-relative
29585,Own-child
29585,Wife
26770,Husband
26770,Other-relative
26770,Own-child
26770,Wife
17693,Husband
17693,Not-in-family
17693,Other-relative
17693,Own-child
17693,Unmarried
17693,Wife
14428,Husband
14428,Not-in-family
14428,Other-relative
14428,Own-child
14428,Unmarried
14428,Wife
48186,Husband
48186,Not-in-family
48186,Other-relative
48186,Own-child
48186,Unmarried
48186,Wife
32446,Not-in-family
32446,Unmarried
48355,Husband
48355,Not-in-family
48355,Other-relative
48355,Own-child
48355,Unmarried
48355,Wife
1137,Husband
1137,Other-relative
1137,Own-child
1137,Wife
40661,Husband
40661,Not-in-family
40661,Other-relative
40661,Own-child
40661,Unmarried
40661,Wife
7417,Husband
7417,Not-in-family
7417,Other-relative
7417,Own-child
7417,Unmarried
7417,Wife
3727,Husband
3727,Other-relative
3727,Own-child
3727,Wife
22829,Husband
22829,Other-relative
22829,Own-child
22829,Wife
25815,Husband
25815,Other-relative
25815,Own-child
25815,Wife
45459,Not-in-family
45459,Unmarried
4628,Not-in-family
4628,Unmarried
5162,Husband
5162,Not-in-family
5162,Other-relative
5162,Own-child
5162,Unmarried
5162,Wife
3570,Husband
3570,Not-in-family
3570,Other-relative
3570,Own-child
3570,Unmarried
3570,Wife
35371,Husband
35371,Not-in-family
35371,Other-relative
35371,Own-child
35371,Unmarried
35371,Wife
24152,Husband
24152,Other-relative
24152,Own-child
24152,Wife
2576,Husband
2576,Not-in-family
2576,Other-relative
2576,Own-child
2576,Unmarried
2576,Wife
21259,Not-in-family
21259,Unmarried
12197,Husband
12197,Not-in-family
12197,Other-relative
12197,Own-child
12197,Unmarried
12197,Wife
19146,Husband
19146,Other-relative
19146,Own-child
19146,Wife
46761,Husband
46761,Not-in-family
46761,Other-relative
46761,Own-child
46761,Unmarried
46761,Wife
10357,Husband
10357,Not-in-family
10357,Other-relative
10357,Own-child
10357,Unmarried
10357,Wife
47143,Husband
47143,Not-in-family
47143,Other-relative
47143,Own-child
47143,Unmarried
47143,Wife
22009,Husband
22009,Not-in-family
22009,Other-relative
22009,Own-child
22009,Unmarried
22009,Wife
46901,Not-in-family
46901,Unmarried
28239,Not-in-family
28239,Unmarried
44988,Husband
44988,Not-in-family
44988,Other-relative
44988,Own-child
44988,Unmarried
44988,Wife
37451,Husband
37451,Not-in-family
37451,Other-relative
37451,Own-child
37451,Unmarried
37451,Wife
4371,Husband
4371,Other-relative
4371,Own-child
4371,Wife
34850,Husband
34850,Not-in-family
34850,Other-relative
34850,Own-child
34850,Unmarried
34850,Wife
24865,Husband
24865,Not-in-family
24865,Other-relative
24865,Own-child
24865,Unmarried
24865,Wife
21488,Not-in-family
21488,Unmarried
24547,Husband
24547,Other-relative
24547,Own-child
24547,Wife
27779,Husband
27779,Other-relative
27779,Own-child
27779,Wife
34709,Husband
34709,Other-relative
34709,Own-child
34709,Wife
31680,Husband
31680,Other-relative
31680,Own-child
31680,Wife
37906,Not-in-family
37906,Unmarried
42559,Husband
42559,Other-relative
42559,Own-child
42559,Wife
26138,Not-in-family
26138,Unmarried
37179,Husband
37179,Other-relative
37179,Own-child
37179,Wife
31241,Husband
31241,Not-in-family
31241,Other-relative
31241,Own-child
31241,Unmarried
31241,Wife
44134,Husband
44134,Other-relative
44134,Own-child
44134,Wife
26848,Husband
26848,Other-relative
26848,Own-child
26848,Wife
7924,Not-in-family
7924,Unmarried
32221,Husband
32221,Other-relative
32221,Own-child
32221,Wife
36141,Husband
36141,Other-relative
36141,Own-child
36141,Wife
8568,Husband
8568,Not-in-family
8568,Other-relative
8568,Own-child
8568,Unmarried
8568,Wife
19570,Husband
19570,Not-in-family
19570,Other-relative
19570,Own-child
19570,Unmarried
19570,Wife
16605,Husband
16605,Other-relative
16605,Own-child
16605,Wife
28752,Not-in-family
28752,Unmarried
18336,Husband
18336,Not-in-family
18336,Other-relative
18336,Own-child
18336,Unmarried
18336,Wife
37651,Husband
37651,Not-in-family
37651,Other-relative
37651,Own-child
37651,Unmarried
37651,Wife
41216,Husband
41216,Not-in-family
41216,Other-relative
41216,Own-child
41216,Unmarried
41216,Wife
19085,Husband
19085,Other-relative
19085,Own-child
19085,Wife
28798,Not-in-family
28798,Unmarried
23405,Not-in-family
23405,Unmarried
43831,Husband
43831,Other-relative
43831,Own-child
43831,Wife
42534,Not-in-family
42534,Unmarried
1374,Husband
1374,Not-in-family
1374,Other-relative
1374,Own-child
1374,Unmarried
1374,Wife
40233,Husband
40233,Not-in-family
40233,Other-relative
40233,Own-child
40233,Unmarried
40233,Wife
25974,Husband
25974,Other-relative
25974,Own-child
25974,Wife
7734,Husband
7734,Not-in-family
7734,Other-relative
7734,Own-child
7734,Unmarried
7734,Wife
805,Husband
805,Other-relative
805,Own-child
805,Wife
44952,Husband
44952,Not-in-family
44952,Other-relative
44952,Own-child
44952,Unmarried
44952,Wife
19160,Husband
19160,Other-relative
19160,Own-child
19160,Wife
48752,Husband
48752,Other-relative
48752,Own-child
48752,Wife
1361,Husband
1361,Not-in-family
1361,Other-relative
1361,Own-child
1361,Unmarried
1361,Wife
25442,Husband
25442,Not-in-family
25442,Other-relative
25442,Own-child
25442,Unmarried
25442,Wife
37123,Not-in-family
37123,Unmarried
27132,Husband
27132,Not-in-family
27132,Other-relative
27132,Own-child
27132,Unmarried
27132,Wife
44158,Husband
44158,Other-relative
44158,Own-child
44158,Wife
35094,Husband
35094,Not-in-family
35094,Other-relative
35094,Own-child
35094,Unmarried
35094,Wife
48042,Husband
48042,Not-in-family
48042,Other-relative
48042,Own-child
48042,Unmarried
48042,Wife
17126,Husband
17126,Other-relative
17126,Own-child
17126,Wife
10394,Not-in-family
10394,Unmarried
20972,Husband
20972,Not-in-family
20972,Other-relative
20972,Own-child
20972,Unmarried
20972,Wife
28691,Not-in-family
28691,Unmarried
15564,Husband
15564,Not-in-family
15564,Other-relative
15564,Own-child
15564,Unmarried
15564,Wife
18040,Husband
18040,Other-relative
18040,Own-child
18040,Wife
5118,Husband
5118,Other-relative
5118,Own-child
5118,Wife
36593,Husband
36593,Not-in-family
36593,Other-relative
36593,Own-child
36593,Unmarried
36593,Wife
18538,Husband
18538,Other-relative
18538,Own-child
18538,Wife
19379,Husband
19379,Not-in-family
19379,Other-relative
19379,Own-child
19379,Unmarried
19379,Wife
30538,Husband
30538,Not-in-family
30538,Other-relative
30538,Own-child
30538,Unmarried
30538,Wife
34298,Husband
34298,Not-in-family
34298,Other-relative
34298,Own-child
34298,Unmarried
34298,Wife
15232,Husband
15232,Other-relative
15232,Own-child
15232,Wife
22272,Husband
22272,Not-in-family
22272,Other-relative
22272,Own-child
22272,Unmarried
22272,Wife
42044,Husband
42044,Other-relative
42044,Own-child
42044,Wife
38772,Not-in-family
38772,Unmarried
36093,Husband
36093,Not-in-family
36093,Other-relative
36093,Own-child
36093,Unmarried
36093,Wife
42627,Husband
42627,Other-relative
42627,Own-child
42627,Wife
44540,Husband
44540,Not-in-family
44540,Other-relative
44540,Own-child
44540,Unmarried
44540,Wife
36902,Husband
36902,Not-in-family
36902,Other-relative
36902,Own-child
36902,Unmarried
36902,Wife
19912,Not-in-family
19912,Unmarried
1340,Not-in-family
1340,Unmarried
15519,Not-in-family
15519,Unmarried
14808,Husband
14808,Not-in-family
14808,Other-relative
14808,Own-child
14808,Unmarried
14808,Wife
48809,Husband
48809,Not-in-family
48809,Other-relative
48809,Own-child
48809,Unmarried
48809,Wife
46361,Husband
46361,Other-relative
46361,Own-child
46361,Wife
19747,Husband
19747,Not-in-family
19747,Other-relative
19747,Own-child
19747,Unmarried
19747,Wife
22231,Not-in-family
22231,Unmarried
11132,Husband
11132,Not-in-family
11132,Other-relative
11132,Own-child
11132,Unmarried
11132,Wife
24896,Husband
24896,Not-in-family
24896,Other-relative
24896,Own-child
24896,Unmarried
24896,Wife
40130,Husband
40130,Not-in-family
40130,Other-relative
40130,Own-child
40130,Unmarried
40130,Wife
11884,Not-in-family
11884,Unmarried
16249,Husband
16249,Not-in-family
16249,Other-relative
16249,Own-child
16249,Unmarried
16249,Wife
25905,Not-in-family
25905,Unmarried
35984,Husband
35984,Other-relative
35984,Own-child
35984,Wife
38394,Husband
38394,Not-in-family
38394,Other-relative
38394,Own-child
38394,Unmarried
38394,Wife
5432,Not-in-family
5432,Unmarried
36323,Husband
36323,Not-in-family
36323,Other-relative
36323,Own-child
36323,Unmarried
36323,Wife
46755,Husband
46755,Not-in-family
46755,Other-relative
46755,Own-child
46755,Unmarried
46755,Wife
7411,Husband
7411,Not-in-family
7411,Other-relative
7411,Own-child
7411,Unmarried
7411,Wife
28321,Husband
28321,Not-in-family
28321,Other-relative
28321,Own-child
28321,Unmarried
28321,Wife
12774,Not-in-family
12774,Unmarried
10656,Husband
10656,Other-relative
10656,Own-child
10656,Wife
28524,Husband
28524,Other-relative
28524,Own-child
28524,Wife
1890,Husband
1890,Other-relative
1890,Own-child
1890,Wife
46434,Husband
46434,Not-in-family
46434,Other-relative
46434,Own-child
46434,Unmarried
46434,Wife
12694,Husband
12694,Other-relative
12694,Own-child
12694,Wife
26387,Husband
26387,Not-in-family
26387,Other-relative
26387,Own-child
26387,Unmarried
26387,Wife
46017,Husband
46017,Not-in-family
46017,Other-relative
46017,Own-child
46017,Unmarried
46017,Wife
27462,Husband
27462,Other-relative
27462,Own-child
27462,Wife
34858,Husband
34858,Other-relative
34858,Own-child
34858,Wife
30535,Husband
30535,Not-in-family
30535,Other-relative
30535,Own-child
30535,Unmarried
30535,Wife
48208,Husband
48208,Other-relative
48208,Own-child
48208,Wife
17610,Husband
17610,Not-in-family
17610,Other-relative
17610,Own-child
17610,Unmarried
17610,Wife
3652,Husband
3652,Other-relative
3652,Own-child
3652,Wife
8545,Husband
8545,Not-in-family
8545,Other-relative
8545,Own-child
8545,Unmarried
8545,Wife
3502,Husband
3502,Other-relative
3502,Own-child
3502,Wife
46974,Husband
46974,Other-relative
46974,Own-child
46974,Wife
8058,Not-in-family
8058,Unmarried
7804,Not-in-family
7804,Unmarried
12556,Husband
12556,Other-relative
12556,Own-child
12556,Wife
5411,Not-in-family
5411,Unmarried
17697,Not-in-family
17697,Unmarried
16421,Husband
16421,Not-in-family
16421,Other-relative
16421,Own-child
16421,Unmarried
16421,Wife
8973,Husband
8973,Other-relative
8973,Own-child
8973,Wife
9562,Husband
9562,Other-relative
9562,Own-child
9562,Wife
18567,Husband
18567,Not-in-family
18567,Other-relative
18567,Own-child
18567,Unmarried
18567,Wife
8500,Husband
8500,Other-relative
8500,Own-child
8500,Wife
146,Husband
146,Not-in-family
146,Other-relative
146,Own-child
146,Unmarried
146,Wife
10971,Husband
10971,Other-relative
10971,Own-child
10971,Wife
32160,Husband
32160,Other-relative
32160,Own-child
32160,Wife
38616,Not-in-family
38616,Unmarried
33646,Not-in-family
33646,Unmarried
43990,Husband
43990,Other-relative
43990,Own-child
43990,Wife
10243,Husband
10243,Other-relative
10243,Own-child
10243,Wife
45763,Husband
45763,Not-in-family
45763,Other-relative
45763,Own-child
45763,Unmarried
45763,Wife
4761,Husband
4761,Other-relative
4761,Own-child
4761,Wife
26895,Not-in-family
26895,Unmarried
18383,Husband
18383,Not-in-family
18383,Other-relative
18383,Own-child
18383,Unmarried
18383,Wife
23256,Husband
23256,Not-in-family
23256,Other-relative
23256,Own-child
23256,Unmarried
23256,Wife
16988,Husband
16988,Other-relative
16988,Own-child
16988,Wife
18474,Husband
18474,Other-relative
18474,Own-child
18474,Wife
41679,Husband
41679,Other-relative
41679,Own-child
41679,Wife
7116,Husband
7116,Not-in-family
7116,Other-relative
7116,Own-child
7116,Unmarried
7116,Wife
16604,Husband
16604,Not-in-family
16604,Other-relative
16604,Own-child
16604,Unmarried
16604,Wife
34310,Husband
34310,Other-relative
34310,Own-child
34310,Wife
46551,Husband
46551,Not-in-family
46551,Other-relative
46551,Own-child
46551,Unmarried
46551,Wife
28334,Husband
28334,Not-in-family
28334,Other-relative
28334,Own-child
28334,Unmarried
28334,Wife
10321,Husband
10321,Not-in-family
10321,Other-relative
10321,Own-child
10321,Unmarried
10321,Wife
4849,Husband
4849,Not-in-family
4849,Other-relative
4849,Own-child
4849,Unmarried
4849,Wife
44793,Husband
44793,Not-in-family
44793,Other-relative
44793,Own-child
44793,Unmarried
44793,Wife
45584,Husband
45584,Other-relative
45584,Own-child
45584,Wife
2056,Not-in-family
2056,Unmarried
330,Husband
330,Not-in-family
330,Other-relative
330,Own-child
330,Unmarried
330,Wife
3702,Not-in-family
3702,Unmarried
23059,Husband
23059,Not-in-family
23059,Other-relative
23059,Own-child
23059,Unmarried
23059,Wife
23356,Husband
23356,Other-relative
23356,Own-child
23356,Wife
46026,Husband
46026,Not-in-family
46026,Other-relative
46026,Own-child
46026,Unmarried
46026,Wife
23719,Husband
23719,Not-in-family
23719,Other-relative
23719,Own-child
23719,Unmarried
23719,Wife
4576,Husband
4576,Other-relative
4576,Own-child
4576,Wife
4673,Husband
4673,Not-in-family
4673,Other-relative
4673,Own-child
4673,Unmarried
4673,Wife
28625,Not-in-family
28625,Unmarried
12826,Husband
12826,Other-relative
12826,Own-child
12826,Wife
13642,Husband
13642,Not-in-family
13642,Other-relative
13642,Own-child
13642,Unmarried
13642,Wife
9844,Husband
9844,Other-relative
9844,Own-child
9844,Wife
18253,Husband
18253,Other-relative
18253,Own-child
18253,Wife
2216,Husband
2216,Not-in-family
2216,Other-relative
2216,Own-child
2216,Unmarried
2216,Wife
10817,Husband
10817,Other-relative
10817,Own-child
10817,Wife
17226,Husband
17226,Other-relative
17226,Own-child
17226,Wife
24499,Husband
24499,Not-in-family
24499,Other-relative
24499,Own-child
24499,Unmarried
24499,Wife
15044,Husband
15044,Not-in-family
15044,Other-relative
15044,Own-child
15044,Unmarried
15044,Wife
3129,Husband
3129,Not-in-family
3129,Other-relative
3129,Own-child
3129,Unmarried
3129,Wife
27861,Husband
27861,Other-relative
27861,Own-child
27861,Wife
6552,Husband
6552,Other-relative
6552,Own-child
6552,Wife
11208,Husband
11208,Not-in-family
11208,Other-relative
11208,Own-child
11208,Unmarried
11208,Wife
40530,Husband
40530,Other-relative
40530,Own-child
40530,Wife
44211,Husband
44211,Other-relative
44211,Own-child
44211,Wife
33019,Husband
33019,Other-relative
33019,Own-child
33019,Wife
40857,Husband
40857,Not-in-family
40857,Other-relative
40857,Own-child
40857,Unmarried
40857,Wife
29728,Husband
29728,Other-relative
29728,Own-child
29728,Wife
3373,Husband
3373,Not-in-family
3373,Other-relative
3373,Own-child
3373,Unmarried
3373,Wife
10159,Husband
10159,Not-in-family
10159,Other-relative
10159,Own-child
10159,Unmarried
10159,Wife
45328,Husband
45328,Other-relative
45328,Own-child
45328,Wife
46037,Husband
46037,Not-in-family
46037,Other-relative
46037,Own-child
46037,Unmarried
46037,Wife
22863,Husband
22863,Other-relative
22863,Own-child
22863,Wife
15143,Husband
15143,Not-in-family
15143,Other-relative
15143,Own-child
15143,Unmarried
15143,Wife
29668,Husband
29668,Other-relative
29668,Own-child
29668,Wife
14096,Husband
14096,Other-relative
14096,Own-child
14096,Wife
26210,Husband
26210,Not-in-family
26210,Other-relative
26210,Own-child
26210,Unmarried
26210,Wife
25198,Not-in-family
25198,Unmarried
43474,Husband
43474,Not-in-family
43474,Other-relative
43474,Own-child
43474,Unmarried
43474,Wife
28851,Husband
28851,Other-relative
28851,Own-child
28851,Wife
37873,Not-in-family
37873,Unmarried
3547,Husband
3547,Not-in-family
3547,Other-relative
3547,Own-child
3547,Unmarried
3547,Wife
31842,Husband
31842,Other-relative
31842,Own-child
31842,Wife
12331,Husband
12331,Not-in-family
12331,Other-relative
12331,Own-child
12331,Unmarried
12331,Wife
565,Husband
565,Not-in-family
565,Other-relative
565,Own-child
565,Unmarried
565,Wife
40710,Husband
40710,Not-in-family
40710,Other-relative
40710,Own-child
40710,Unmarried
40710,Wife
44472,Husband
44472,Not-in-family
44472,Other-relative
44472,Own-child
44472,Unmarried
44472,Wife
41802,Husband
41802,Not-in-family
41802,Other-relative
41802,Own-child
41802,Unmarried
41802,Wife
19826,Husband
19826,Not-in-family
19826,Other-relative
19826,Own-child
19826,Unmarried
19826,Wife
17449,Husband
17449,Not-in-family
17449,Other-relative
17449,Own-child
17449,Unmarried
17449,Wife
5366,Husband
5366,Not-in-family
5366,Other-relative
5366,Own-child
5366,Unmarried
5366,Wife
45789,Husband
45789,Not-in-family
45789,Other-relative
45789,Own-child
45789,Unmarried
45789,Wife
6084,Husband
6084,Not-in-family
6084,Other-relative
6084,Own-child
6084,Unmarried
6084,Wife
32146,Husband
32146,Not-in-family
32146,Other-relative
32146,Own-child
32146,Unmarried
32146,Wife
41877,Husband
41877,Not-in-family
41877,Other-relative
41877,Own-child
41877,Unmarried
41877,Wife
33832,Husband
33832,Not-in-family
33832,Other-relative
33832,Own-child
33832,Unmarried
33832,Wife
25460,Husband
25460,Not-in-family
25460,Other-relative
25460,Own-child
25460,Unmarried
25460,Wife
23961,Husband
23961,Other-relative
23961,Own-child
23961,Wife
21074,Husband
21074,Other-relative
21074,Own-child
21074,Wife
20241,Husband
20241,Not-in-family
20241,Other-relative
20241,Own-child
20241,Unmarried
20241,Wife
3136,Husband
3136,Not-in-family
3136,Other-relative
3136,Own-child
3136,Unmarried
3136,Wife
12915,Husband
12915,Not-in-family
12915,Other-relative
12915,Own-child
12915,Unmarried
12915,Wife
40225,Husband
40225,Not-in-family
40225,Other-relative
40225,Own-child
40225,Unmarried
40225,Wife
25077,Not-in-family
25077,Unmarried
32937,Husband
32937,Other-relative
32937,Own-child
32937,Wife
25515,Husband
25515,Other-relative
25515,Own-child
25515,Wife
34846,Husband
34846,Other-relative
34846,Own-child
34846,Wife
44397,Husband
44397,Not-in-family
44397,Other-relative
44397,Own-child
44397,Unmarried
44397,Wife
21426,Not-in-family
21426,Unmarried
29625,Husband
29625,Not-in-family
29625,Other-relative
29625,Own-child
29625,Unmarried
29625,Wife
40024,Not-in-family
40024,Unmarried
34209,Husband
34209,Not-in-family
34209,Other-relative
34209,Own-child
34209,Unmarried
34209,Wife
42192,Husband
42192,Other-relative
42192,Own-child
42192,Wife
43932,Not-in-family
43932,Unmarried
33732,Husband
33732,Not-in-family
33732,Other-relative
33732,Own-child
33732,Unmarried
33732,Wife
18775,Husband
18775,Not-in-family
18775,Other-relative
18775,Own-child
18775,Unmarried
18775,Wife
9662,Husband
9662,Other-relative
9662,Own-child
9662,Wife
19751,Husband
19751,Not-in-family
19751,Other-relative
19751,Own-child
19751,Unmarried
19751,Wife
3520,Husband
3520,Other-relative
3520,Own-child
3520,Wife
4296,Husband
4296,Not-in-family
4296,Other-relative
4296,Own-child
4296,Unmarried
4296,Wife
37339,Husband
37339,Other-relative
37339,Own-child
37339,Wife
39932,Not-in-family
39932,Unmarried
13093,Husband
13093,Other-relative
13093,Own-child
13093,Wife
48338,Husband
48338,Not-in-family
48338,Other-relative
48338,Own-child
48338,Unmarried
48338,Wife
14850,Husband
14850,Other-relative
14850,Own-child
14850,Wife
6515,Husband
6515,Other-relative
6515,Own-child
6515,Wife
47713,Husband
47713,Other-relative
47713,Own-child
47713,Wife
44664,Husband
44664,Not-in-family
44664,Other-relative
44664,Own-child
44664,Unmarried
44664,Wife
6597,Husband
6597,Not-in-family
6597,Other-relative
6597,Own-child
6597,Unmarried
6597,Wife
25725,Husband
25725,Not-in-family
25725,Other-relative
25725,Own-child
25725,Unmarried
25725,Wife
22655,Husband
22655,Other-relative
22655,Own-child
22655,Wife
24988,Husband
24988,Not-in-family
24988,Other-relative
24988,Own-child
24988,Unmarried
24988,Wife
47196,Husband
47196,Not-in-family
47196,Other-relative
47196,Own-child
47196,Unmarried
47196,Wife
29701,Husband
29701,Not-in-family
29701,Other-relative
29701,Own-child
29701,Unmarried
29701,Wife
468,Husband
468,Other-relative
468,Own-child
468,Wife
46784,Husband
46784,Other-relative
46784,Own-child
46784,Wife
36190,Husband
36190,Other-relative
36190,Own-child
36190,Wife
39887,Husband
39887,Not-in-family
39887,Other-relative
39887,Own-child
39887,Unmarried
39887,Wife
31709,Husband
31709,Not-in-family
31709,Other-relative
31709,Own-child
31709,Unmarried
31709,Wife
27292,Husband
27292,Not-in-family
27292,Other-relative
27292,Own-child
27292,Unmarried
27292,Wife
1876,Husband
1876,Not-in-family
1876,Other-relative
1876,Own-child
1876,Unmarried
1876,Wife
47163,Not-in-family
47163,Unmarried
17652,Husband
17652,Other-relative
17652,Own-child
17652,Wife
28966,Husband
28966,Not-in-family
28966,Other-relative
28966,Own-child
28966,Unmarried
28966,Wife
26039,Husband
26039,Not-in-family
26039,Other-relative
26039,Own-child
26039,Unmarried
26039,Wife
47131,Husband
47131,Other-relative
47131,Own-child
47131,Wife
27886,Husband
27886,Other-relative
27886,Own-child
27886,Wife
20768,Not-in-family
20768,Unmarried
33568,Not-in-family
33568,Unmarried
43512,Husband
43512,Other-relative
43512,Own-child
43512,Wife
1804,Not-in-family
1804,Unmarried
8021,Husband
8021,Not-in-family
8021,Other-relative
8021,Own-child
8021,Unmarried
8021,Wife
6841,Husband
6841,Other-relative
6841,Own-child
6841,Wife
21466,Not-in-family
21466,Unmarried
40882,Husband
40882,Not-in-family
40882,Other-relative
40882,Own-child
40882,Unmarried
40882,Wife
42801,Husband
42801,Other-relative
42801,Own-child
42801,Wife
4482,Husband
4482,Not-in-family
4482,Other-relative
4482,Own-child
4482,Unmarried
4482,Wife
26309,Husband
26309,Not-in-family
26309,Other-relative
26309,Own-child
26309,Unmarried
26309,Wife
42576,Not-in-family
42576,Unmarried
44857,Not-in-family
44857,Unmarried
37997,Husband
37997,Not-in-family
37997,Other-relative
37997,Own-child
37997,Unmarried
37997,Wife
17379,Husband
17379,Other-relative
17379,Own-child
17379,Wife
26581,Husband
26581,Not-in-family
26581,Other-relative
26581,Own-child
26581,Unmarried
26581,Wife
28029,Husband
28029,Not-in-family
28029,Other-relative
28029,Own-child
28029,Unmarried
28029,Wife
37929,Husband
37929,Not-in-family
37929,Other-relative
37929,Own-child
37929,Unmarried
37929,Wife
31550,Husband
31550,Other-relative
31550,Own-child
31550,Wife
11850,Husband
11850,Other-relative
11850,Own-child
11850,Wife
35813,Husband
35813,Not-in-family
35813,Other-relative
35813,Own-child
35813,Unmarried
35813,Wife
29022,Husband
29022,Not-in-family
29022,Other-relative
29022,Own-child
29022,Unmarried
29022,Wife
45477,Husband
45477,Other-relative
45477,Own-child
45477,Wife
30064,Husband
30064,Not-in-family
30064,Other-relative
30064,Own-child
30064,Unmarried
30064,Wife
21048,Husband
21048,Not-in-family
21048,Other-relative
21048,Own-child
21048,Unmarried
21048,Wife
41944,Husband
41944,Other-relative
41944,Own-child
41944,Wife
40450,Husband
40450,Not-in-family
40450,Other-relative
40450,Own-child
40450,Unmarried
40450,Wife
15583,Husband
15583,Not-in-family
15583,Other-relative
15583,Own-child
15583,Unmarried
15583,Wife
4160,Husband
4160,Other-relative
4160,Own-child
4160,Wife
20927,Husband
20927,Other-relative
20927,Own-child
20927,Wife
23407,Not-in-family
23407,Unmarried
22761,Husband
22761,Other-relative
22761,Own-child
22761,Wife
7907,Husband
7907,Not-in-family
7907,Other-relative
7907,Own-child
7907,Unmarried
7907,Wife
5170,Husband
5170,Other-relative
5170,Own-child
5170,Wife
39324,Husband
39324,Not-in-family
39324,Other-relative
39324,Own-child
39324,Unmarried
39324,Wife
48350,Husband
48350,Not-in-family
48350,Other-relative
48350,Own-child
48350,Unmarried
48350,Wife
797,Not-in-family
797,Unmarried
48645,Husband
48645,Other-relative
48645,Own-child
48645,Wife
14856,Husband
14856,Not-in-family
14856,Other-relative
14856,Own-child
14856,Unmarried
14856,Wife
23409,Husband
23409,Other-relative
23409,Own-child
23409,Wife
48207,Husband
48207,Other-relative
48207,Own-child
48207,Wife
8236,Husband
8236,Not-in-family
8236,Other-relative
8236,Own-child
8236,Unmarried
8236,Wife
27568,Husband
27568,Not-in-family
27568,Other-relative
27568,Own-child
27568,Unmarried
27568,Wife
18617,Husband
18617,Not-in-family
18617,Other-relative
18617,Own-child
18617,Unmarried
18617,Wife
15474,Husband
15474,Not-in-family
15474,Other-relative
15474,Own-child
15474,Unmarried
15474,Wife
18565,Husband
18565,Not-in-family
18565,Other-relative
18565,Own-child
18565,Unmarried
18565,Wife
28970,Husband
28970,Other-relative
28970,Own-child
28970,Wife
26301,Husband
26301,Other-relative
26301,Own-child
26301,Wife
22729,Husband
22729,Other-relative
22729,Own-child
22729,Wife
22072,Husband
22072,Not-in-family
22072,Other-relative
22072,Own-child
22072,Unmarried
22072,Wife
17460,Husband
17460,Other-relative
17460,Own-child
17460,Wife
1105,Husband
1105,Not-in-family
1105,Other-relative
1105,Own-child
1105,Unmarried
1105,Wife
24237,Husband
24237,Other-relative
24237,Own-child
24237,Wife
23091,Husband
23091,Not-in-family
23091,Other-relative
23091,Own-child
23091,Unmarried
23091,Wife
16087,Husband
16087,Not-in-family
16087,Other-relative
16087,Own-child
16087,Unmarried
16087,Wife
26305,Husband
26305,Not-in-family
26305,Other-relative
26305,Own-child
26305,Unmarried
26305,Wife
5488,Husband
5488,Other-relative
5488,Own-child
5488,Wife
45093,Husband
45093,Other-relative
45093,Own-child
45093,Wife
46406,Husband
46406,Not-in-family
46406,Other-relative
46406,Own-child
46406,Unmarried
46406,Wife
74,Husband
74,Not-in-family
74,Other-relative
74,Own-child
74,Unmarried
74,Wife
14785,Husband
14785,Other-relative
14785,Own-child
14785,Wife
32739,Husband
32739,Other-relative
32739,Own-child
32739,Wife
17696,Husband
17696,Not-in-family
17696,Other-relative
17696,Own-child
17696,Unmarried
17696,Wife
27469,Husband
27469,Not-in-family
27469,Other-relative
27469,Own-child
27469,Unmarried
27469,Wife
19289,Not-in-family
19289,Unmarried
17171,Husband
17171,Other-relative
17171,Own-child
17171,Wife
27937,Husband
27937,Other-relative
27937,Own-child
27937,Wife
13790,Husband
13790,Not-in-family
13790,Other-relative
13790,Own-child
13790,Unmarried
13790,Wife
31928,Husband
31928,Other-relative
31928,Own-child
31928,Wife
30710,Not-in-family
30710,Unmarried
4469,Husband
4469,Not-in-family
4469,Other-relative
4469,Own-child
4469,Unmarried
4469,Wife
37643,Husband
37643,Other-relative
37643,Own-child
37643,Wife
40093,Not-in-family
40093,Unmarried
25231,Husband
25231,Not-in-family
25231,Other-relative
25231,Own-child
25231,Unmarried
25231,Wife
12347,Husband
12347,Other-relative
12347,Own-child
12347,Wife
26784,Not-in-family
26784,Unmarried
13231,Not-in-family
13231,Unmarried
27097,Not-in-family
27097,Unmarried
2342,Not-in-family
2342,Unmarried
25017,Not-in-family
25017,Unmarried
9074,Husband
9074,Not-in-family
9074,Other-relative
9074,Own-child
9074,Unmarried
9074,Wife
31534,Husband
31534,Other-relative
31534,Own-child
31534,Wife
22085,Husband
22085,Other-relative
22085,Own-child
22085,Wife
46010,Not-in-family
46010,Unmarried
15706,Not-in-family
15706,Unmarried
39471,Husband
39471,Other-relative
39471,Own-child
39471,Wife
34967,Husband
34967,Other-relative
34967,Own-child
34967,Wife
4112,Husband
4112,Not-in-family
4112,Other-relative
4112,Own-child
4112,Unmarried
4112,Wife
19464,Husband
19464,Other-relative
19464,Own-child
19464,Wife
29236,Husband
29236,Not-in-family
29236,Other-relative
29236,Own-child
29236,Unmarried
29236,Wife
21912,Husband
21912,Other-relative
21912,Own-child
21912,Wife
17525,Husband
17525,Not-in-family
17525,Other-relative
17525,Own-child
17525,Unmarried
17525,Wife
6393,Husband
6393,Not-in-family
6393,Other-relative
6393,Own-child
6393,Unmarried
6393,Wife
15923,Husband
15923,Not-in-family
15923,Other-relative
15923,Own-child
15923,Unmarried
15923,Wife
4738,Not-in-family
4738,Unmarried
12445,Husband
12445,Other-relative
12445,Own-child
12445,Wife
1494,Husband
1494,Other-relative
1494,Own-child
1494,Wife
18788,Husband
18788,Other-relative
18788,Own-child
18788,Wife
4226,Husband
4226,Not-in-family
4226,Other-relative
4226,Own-child
4226,Unmarried
4226,Wife
14520,Husband
14520,Other-relative
14520,Own-child
14520,Wife
26893,Husband
26893,Not-in-family
26893,Other-relative
26893,Own-child
26893,Unmarried
26893,Wife
36687,Not-in-family
36687,Unmarried
23676,Husband
23676,Not-in-family
23676,Other-relative
23676,Own-child
23676,Unmarried
23676,Wife
24362,Husband
24362,Not-in-family
24362,Other-relative
24362,Own-child
24362,Unmarried
24362,Wife
42375,Husband
42375,Other-relative
42375,Own-child
42375,Wife
31803,Husband
31803,Other-relative
31803,Own-child
31803,Wife
15296,Husband
15296,Not-in-family
15296,Other-relative
15296,Own-child
15296,Unmarried
15296,Wife
5275,Husband
5275,Other-relative
5275,Own-child
5275,Wife
2170,Husband
2170,Other-relative
2170,Own-child
2170,Wife
38924,Not-in-family
38924,Unmarried
28967,Husband
28967,Not-in-family
28967,Other-relative
28967,Own-child
28967,Unmarried
28967,Wife
2791,Husband
2791,Not-in-family
2791,Other-relative
2791,Own-child
2791,Unmarried
2791,Wife
16058,Husband
16058,Not-in-family
16058,Other-relative
16058,Own-child
16058,Unmarried
16058,Wife
5903,Husband
5903,Other-relative
5903,Own-child
5903,Wife
11018,Husband
11018,Not-in-family
11018,Other-relative
11018,Own-child
11018,Unmarried
11018,Wife
40363,Husband
40363,Other-relative
40363,Own-child
40363,Wife
21855,Not-in-family
21855,Unmarried
37535,Husband
37535,Not-in-family
37535,Other-relative
37535,Own-child
37535,Unmarried
37535,Wife
30198,Husband
30198,Other-relative
30198,Own-child
30198,Wife
38984,Husband
38984,Not-in-family
38984,Other-relative
38984,Own-child
38984,Unmarried
38984,Wife
44768,Not-in-family
44768,Unmarried
26877,Husband
26877,Other-relative
26877,Own-child
26877,Wife
14433,Husband
14433,Not-in-family
14433,Other-relative
14433,Own-child
14433,Unmarried
14433,Wife
14307,Husband
14307,Not-in-family
14307,Other-relative
14307,Own-child
14307,Unmarried
14307,Wife
36246,Husband
36246,Not-in-family
36246,Other-relative
36246,Own-child
36246,Unmarried
36246,Wife
6329,Not-in-family
6329,Unmarried
44907,Husband
44907,Not-in-family
44907,Other-relative
44907,Own-child
44907,Unmarried
44907,Wife
46455,Husband
46455,Other-relative
46455,Own-child
46455,Wife
17007,Husband
17007,Not-in-family
17007,Other-relative
17007,Own-child
17007,Unmarried
17007,Wife
48424,Husband
48424,Other-relative
48424,Own-child
48424,Wife
18517,Husband
18517,Not-in-family
18517,Other-relative
18517,Own-child
18517,Unmarried
18517,Wife
14930,Husband
14930,Other-relative
14930,Own-child
14930,Wife
38256,Husband
38256,Not-in-family
38256,Other-relative
38256,Own-child
38256,Unmarried
38256,Wife
8373,Husband
8373,Other-relative
8373,Own-child
8373,Wife
19903,Husband
19903,Other-relative
19903,Own-child
19903,Wife
31580,Not-in-family
31580,Unmarried
9394,Husband
9394,Not-in-family
9394,Other-relative
9394,Own-child
9394,Unmarried
9394,Wife
42087,Husband
42087,Other-relative
42087,Own-child
42087,Wife
24698,Husband
24698,Other-relative
24698,Own-child
24698,Wife
2891,Husband
2891,Not-in-family
2891,Other-relative
2891,Own-child
2891,Unmarried
2891,Wife
10001,Husband
10001,Not-in-family
10001,Other-relative
10001,Own-child
10001,Unmarried
10001,Wife
34205,Husband
34205,Not-in-family
34205,Other-relative
34205,Own-child
34205,Unmarried
34205,Wife
42370,Husband
42370,Not-in-family
42370,Other-relative
42370,Own-child
42370,Unmarried
42370,Wife
21614,Husband
21614,Other-relative
21614,Own-child
21614,Wife
14466,Husband
14466,Other-relative
14466,Own-child
14466,Wife
11894,Husband
11894,Not-in-family
11894,Other-relative
11894,Own-child
11894,Unmarried
11894,Wife
381,Husband
381,Not-in-family
381,Other-relative
381,Own-child
381,Unmarried
381,Wife
43894,Not-in-family
43894,Unmarried
6742,Not-in-family
6742,Unmarried
41251,Husband
41251,Not-in-family
41251,Other-relative
41251,Own-child
41251,Unmarried
41251,Wife
19193,Husband
19193,Other-relative
19193,Own-child
19193,Wife
29706,Not-in-family
29706,Unmarried
36076,Husband
36076,Other-relative
36076,Own-child
36076,Wife
17275,Not-in-family
17275,Unmarried
40231,Husband
40231,Not-in-family
40231,Other-relative
40231,Own-child
40231,Unmarried
40231,Wife
32521,Husband
32521,Other-relative
32521,Own-child
32521,Wife
22176,Husband
22176,Not-in-family
22176,Other-relative
22176,Own-child
22176,Unmarried
22176,Wife
21295,Husband
21295,Not-in-family
21295,Other-relative
21295,Own-child
21295,Unmarried
21295,Wife
14218,Husband
14218,Not-in-family
14218,Other-relative
14218,Own-child
14218,Unmarried
14218,Wife
36152,Husband
36152,Not-in-family
36152,Other-relative
36152,Own-child
36152,Unmarried
36152,Wife
39335,Not-in-family
39335,Unmarried
18879,Husband
18879,Not-in-family
18879,Other-relative
18879,Own-child
18879,Unmarried
18879,Wife
3127,Husband
3127,Other-relative
3127,Own-child
3127,Wife
38364,Husband
38364,Not-in-family
38364,Other-relative
38364,Own-child
38364,Unmarried
38364,Wife
16014,Husband
16014,Other-relative
16014,Own-child
16014,Wife
20492,Husband
20492,Not-in-family
20492,Other-relative
20492,Own-child
20492,Unmarried
20492,Wife
17835,Husband
17835,Not-in-family
17835,Other-relative
17835,Own-child
17835,Unmarried
17835,Wife
39862,Husband
39862,Other-relative
39862,Own-child
39862,Wife
5751,Husband
5751,Other-relative
5751,Own-child
5751,Wife
43053,Husband
43053,Other-relative
43053,Own-child
43053,Wife
48693,Husband
48693,Other-relative
48693,Own-child
48693,Wife
39655,Husband
39655,Other-relative
39655,Own-child
39655,Wife
1948,Husband
1948,Not-in-family
1948,Other-relative
1948,Own-child
1948,Unmarried
1948,Wife
21548,Husband
21548,Other-relative
21548,Own-child
21548,Wife
32372,Husband
32372,Other-relative
32372,Own-child
32372,Wife
47589,Not-in-family
47589,Unmarried
30768,Husband
30768,Other-relative
30768,Own-child
30768,Wife
35589,Husband
35589,Not-in-family
35589,Other-relative
35589,Own-child
35589,Unmarried
35589,Wife
9060,Husband
9060,Not-in-family
9060,Other-relative
9060,Own-child
9060,Unmarried
9060,Wife
44425,Husband
44425,Other-relative
44425,Own-child
44425,Wife
29134,Husband
29134,Other-relative
29134,Own-child
29134,Wife
36866,Husband
36866,Not-in-family
36866,Other-relative
36866,Own-child
36866,Unmarried
36866,Wife
2157,Husband
2157,Not-in-family
2157,Other-relative
2157,Own-child
2157,Unmarried
2157,Wife
34105,Husband
34105,Other-relative
34105,Own-child
34105,Wife
46273,Husband
46273,Other-relative
46273,Own-child
46273,Wife
42780,Husband
42780,Not-in-family
42780,Other-relative
42780,Own-child
42780,Unmarried
42780,Wife
46580,Husband
46580,Other-relative
46580,Own-child
46580,Wife
44131,Husband
44131,Not-in-family
44131,Other-relative
44131,Own-child
44131,Unmarried
44131,Wife
33261,Not-in-family
33261,Unmarried
30470,Husband
30470,Not-in-family
30470,Other-relative
30470,Own-child
30470,Unmarried
30470,Wife
43841,Not-in-family
43841,Unmarried
30232,Husband
30232,Other-relative
30232,Own-child
30232,Wife
48162,Husband
48162,Other-relative
48162,Own-child
48162,Wife
33035,Husband
33035,Not-in-family
33035,Other-relative
33035,Own-child
33035,Unmarried
33035,Wife
2042,Husband
2042,Other-relative
2042,Own-child
2042,Wife
6253,Husband
6253,Not-in-family
6253,Other-relative
6253,Own-child
6253,Unmarried
6253,Wife
10133,Husband
10133,Not-in-family
10133,Other-relative
10133,Own-child
10133,Unmarried
10133,Wife
13848,Husband
13848,Other-relative
13848,Own-child
13848,Wife
33553,Husband
33553,Other-relative
33553,Own-child
33553,Wife
13463,Husband
13463,Not-in-family
13463,Other-relative
13463,Own-child
13463,Unmarried
13463,Wife
15759,Husband
15759,Other-relative
15759,Own-child
15759,Wife
8968,Not-in-family
8968,Unmarried
7508,Not-in-family
7508,Unmarried
34296,Husband
34296,Not-in-family
34296,Other-relative
34296,Own-child
34296,Unmarried
34296,Wife
45638,Husband
45638,Not-in-family
45638,Other-relative
45638,Own-child
45638,Unmarried
45638,Wife
22903,Husband
22903,Other-relative
22903,Own-child
22903,Wife
9344,Husband
9344,Other-relative
9344,Own-child
9344,Wife
30303,Not-in-family
30303,Unmarried
21119,Husband
21119,Not-in-family
21119,Other-relative
21119,Own-child
21119,Unmarried
21119,Wife
10414,Husband
10414,Not-in-family
10414,Other-relative
10414,Own-child
10414,Unmarried
10414,Wife
29761,Husband
29761,Not-in-family
29761,Other-relative
29761,Own-child
29761,Unmarried
29761,Wife
44976,Husband
44976,Not-in-family
44976,Other-relative
44976,Own-child
44976,Unmarried
44976,Wife
5985,Husband
5985,Other-relative
5985,Own-child
5985,Wife
47597,Husband
47597,Other-relative
47597,Own-child
47597,Wife
37992,Husband
37992,Other-relative
37992,Own-child
37992,Wife
24108,Not-in-family
24108,Unmarried
7428,Husband
7428,Other-relative
7428,Own-child
7428,Wife
11829,Husband
11829,Other-relative
11829,Own-child
11829,Wife
10887,Husband
10887,Not-in-family
10887,Other-relative
10887,Own-child
10887,Unmarried
10887,Wife
18741,Husband
18741,Not-in-family
18741,Other-relative
18741,Own-child
18741,Unmarried
18741,Wife
2142,Husband
2142,Not-in-family
2142,Other-relative
2142,Own-child
2142,Unmarried
2142,Wife
28844,Husband
28844,Other-relative
28844,Own-child
28844,Wife
33223,Husband
33223,Other-relative
33223,Own-child
33223,Wife
1968,Husband
1968,Not-in-family
1968,Other-relative
1968,Own-child
1968,Unmarried
1968,Wife
30878,Not-in-family
30878,Unmarried
45562,Husband
45562,Not-in-family
45562,Other-relative
45562,Own-child
45562,Unmarried
45562,Wife
11579,Husband
11579,Not-in-family
11579,Other-relative
11579,Own-child
11579,Unmarried
11579,Wife
32305,Husband
32305,Not-in-family
32305,Other-relative
32305,Own-child
32305,Unmarried
32305,Wife
15725,Not-in-family
15725,Unmarried
23093,Husband
23093,Not-in-family
23093,Other-relative
23093,Own-child
23093,Unmarried
23093,Wife
17154,Husband
17154,Not-in-family
17154,Other-relative
17154,Own-child
17154,Unmarried
17154,Wife
36695,Husband
36695,Not-in-family
36695,Other-relative
36695,Own-child
36695,Unmarried
36695,Wife
8149,Not-in-family
8149,Unmarried
1604,Husband
1604,Other-relative
1604,Own-child
1604,Wife
10348,Not-in-family
10348,Unmarried
40623,Husband
40623,Not-in-family
40623,Other-relative
40623,Own-child
40623,Unmarried
40623,Wife
24853,Husband
24853,Not-in-family
24853,Other-relative
24853,Own-child
24853,Unmarried
24853,Wife
39948,Husband
39948,Other-relative
39948,Own-child
39948,Wife
11126,Husband
11126,Not-in-family
11126,Other-relative
11126,Own-child
11126,Unmarried
11126,Wife
5297,Husband
5297,Not-in-family
5297,Other-relative
5297,Own-child
5297,Unmarried
5297,Wife
5641,Husband
5641,Not-in-family
5641,Other-relative
5641,Own-child
5641,Unmarried
5641,Wife
3606,Husband
3606,Other-relative
3606,Own-child
3606,Wife
27135,Husband
27135,Not-in-family
27135,Other-relative
27135,Own-child
27135,Unmarried
27135,Wife
26712,Husband
26712,Other-relative
26712,Own-child
26712,Wife
21345,Husband
21345,Not-in-family
21345,Other-relative
21345,Own-child
21345,Unmarried
21345,Wife
9105,Husband
9105,Other-relative
9105,Own-child
9105,Wife
15196,Not-in-family
15196,Unmarried
28360,Husband
28360,Not-in-family
28360,Other-relative
28360,Own-child
28360,Unmarried
28360,Wife
21676,Husband
21676,Not-in-family
21676,Other-relative
21676,Own-child
21676,Unmarried
21676,Wife
35101,Husband
35101,Other-relative
35101,Own-child
35101,Wife
21536,Not-in-family
21536,Unmarried
15376,Husband
15376,Not-in-family
15376,Other-relative
15376,Own-child
15376,Unmarried
15376,Wife
19213,Husband
19213,Not-in-family
19213,Other-relative
19213,Own-child
19213,Unmarried
19213,Wife
21961,Not-in-family
21961,Unmarried
36602,Not-in-family
36602,Unmarried
42161,Husband
42161,Not-in-family
42161,Other-relative
42161,Own-child
42161,Unmarried
42161,Wife
35745,Not-in-family
35745,Unmarried
37967,Husband
37967,Other-relative
37967,Own-child
37967,Wife
3929,Husband
3929,Other-relative
3929,Own-child
3929,Wife
30053,Not-in-family
30053,Unmarried
39433,Husband
39433,Other-relative
39433,Own-child
39433,Wife
18493,Husband
18493,Other-relative
18493,Own-child
18493,Wife
28655,Not-in-family
28655,Unmarried
8242,Husband
8242,Other-relative
8242,Own-child
8242,Wife
42788,Husband
42788,Not-in-family
42788,Other-relative
42788,Own-child
42788,Unmarried
42788,Wife
5134,Husband
5134,Not-in-family
5134,Other-relative
5134,Own-child
5134,Unmarried
5134,Wife
29117,Husband
29117,Other-relative
29117,Own-child
29117,Wife
42477,Husband
42477,Not-in-family
42477,Other-relative
42477,Own-child
42477,Unmarried
42477,Wife
43455,Husband
43455,Other-relative
43455,Own-child
43455,Wife
22618,Husband
22618,Not-in-family
22618,Other-relative
22618,Own-child
22618,Unmarried
22618,Wife
39182,Husband
39182,Not-in-family
39182,Other-relative
39182,Own-child
39182,Unmarried
39182,Wife
38964,Husband
38964,Not-in-family
38964,Other-relative
38964,Own-child
38964,Unmarried
38964,Wife
23712,Husband
23712,Not-in-family
23712,Other-relative
23712,Own-child
23712,Unmarried
23712,Wife
47233,Husband
47233,Not-in-family
47233,Other-relative
47233,Own-child
47233,Unmarried
47233,Wife
37595,Husband
37595,Not-in-family
37595,Other-relative
37595,Own-child
37595,Unmarried
37595,Wife
39746,Not-in-family
39746,Unmarried
45158,Husband
45158,Not-in-family
45158,Other-relative
45158,Own-child
45158,Unmarried
45158,Wife
30994,Husband
30994,Other-relative
30994,Own-child
30994,Wife
39630,Not-in-family
39630,Unmarried
45907,Husband
45907,Other-relative
45907,Own-child
45907,Wife
35459,Not-in-family
35459,Unmarried
9261,Not-in-family
9261,Unmarried
18411,Husband
18411,Not-in-family
18411,Other-relative
18411,Own-child
18411,Unmarried
18411,Wife
18877,Husband
18877,Not-in-family
18877,Other-relative
18877,Own-child
18877,Unmarried
18877,Wife
25119,Husband
25119,Not-in-family
25119,Other-relative
25119,Own-child
25119,Unmarried
25119,Wife
28435,Husband
28435,Not-in-family
28435,Other-relative
28435,Own-child
28435,Unmarried
28435,Wife
2291,Husband
2291,Not-in-family
2291,Other-relative
2291,Own-child
2291,Unmarried
2291,Wife
36407,Husband
36407,Not-in-family
36407,Other-relative
36407,Own-child
36407,Unmarried
36407,Wife
17421,Husband
17421,Not-in-family
17421,Other-relative
17421,Own-child
17421,Unmarried
17421,Wife
40681,Husband
40681,Other-relative
40681,Own-child
40681,Wife
376,Husband
376,Other-relative
376,Own-child
376,Wife
12378,Not-in-family
12378,Unmarried
35239,Not-in-family
35239,Unmarried
14751,Not-in-family
14751,Unmarried
10646,Husband
10646,Not-in-family
10646,Other-relative
10646,Own-child
10646,Unmarried
10646,Wife
35379,Husband
35379,Other-relative
35379,Own-child
35379,Wife
40325,Husband
40325,Other-relative
40325,Own-child
40325,Wife
45824,Not-in-family
45824,Unmarried
29211,Husband
29211,Not-in-family
29211,Other-relative
29211,Own-child
29211,Unmarried
29211,Wife
21986,Husband
21986,Not-in-family
21986,Other-relative
21986,Own-child
21986,Unmarried
21986,Wife
22678,Husband
22678,Other-relative
22678,Own-child
22678,Wife
33939,Husband
33939,Not-in-family
33939,Other-relative
33939,Own-child
33939,Unmarried
33939,Wife
3943,Not-in-family
3943,Unmarried
33440,Husband
33440,Not-in-family
33440,Other-relative
33440,Own-child
33440,Unmarried
33440,Wife
11986,Husband
11986,Other-relative
11986,Own-child
11986,Wife
24366,Husband
24366,Other-relative
24366,Own-child
24366,Wife
43485,Husband
43485,Other-relative
43485,Own-child
43485,Wife
48086,Not-in-family
48086,Unmarried
46796,Husband
46796,Other-relative
46796,Own-child
46796,Wife
30636,Husband
30636,Not-in-family
30636,Other-relative
30636,Own-child
30636,Unmarried
30636,Wife
47904,Husband
47904,Not-in-family
47904,Other-relative
47904,Own-child
47904,Unmarried
47904,Wife
43555,Husband
43555,Not-in-family
43555,Other-relative
43555,Own-child
43555,Unmarried
43555,Wife
27272,Husband
27272,Not-in-family
27272,Other-relative
27272,Own-child
27272,Unmarried
27272,Wife
16752,Husband
16752,Other-relative
16752,Own-child
16752,Wife
27609,Husband
27609,Not-in-family
27609,Other-relative
27609,Own-child
27609,Unmarried
27609,Wife
27392,Not-in-family
27392,Unmarried
35557,Not-in-family
35557,Unmarried
12808,Not-in-family
12808,Unmarried
37449,Husband
37449,Not-in-family
37449,Other-relative
37449,Own-child
37449,Unmarried
37449,Wife
21316,Husband
21316,Not-in-family
21316,Other-relative
21316,Own-child
21316,Unmarried
21316,Wife
39239,Husband
39239,Other-relative
39239,Own-child
39239,Wife
5238,Husband
5238,Not-in-family
5238,Other-relative
5238,Own-child
5238,Unmarried
5238,Wife
23731,Husband
23731,Other-relative
23731,Own-child
23731,Wife
6623,Husband
6623,Not-in-family
6623,Other-relative
6623,Own-child
6623,Unmarried
6623,Wife
33764,Husband
33764,Not-in-family
33764,Other-relative
33764,Own-child
33764,Unmarried
33764,Wife
38985,Husband
38985,Other-relative
38985,Own-child
38985,Wife
4467,Husband
4467,Not-in-family
4467,Other-relative
4467,Own-child
4467,Unmarried
4467,Wife
44077,Husband
44077,Not-in-family
44077,Other-relative
44077,Own-child
44077,Unmarried
44077,Wife
24950,Husband
24950,Not-in-family
24950,Other-relative
24950,Own-child
24950,Unmarried
24950,Wife
16478,Husband
16478,Not-in-family
16478,Other-relative
16478,Own-child
16478,Unmarried
16478,Wife
3910,Not-in-family
3910,Unmarried
44151,Husband
44151,Other-relative
44151,Own-child
44151,Wife
13207,Husband
13207,Other-relative
13207,Own-child
13207,Wife
9914,Husband
9914,Other-relative
9914,Own-child
9914,Wife
17916,Not-in-family
17916,Unmarried
29313,Husband
29313,Not-in-family
29313,Other-relative
29313,Own-child
29313,Unmarried
29313,Wife
18313,Husband
18313,Other-relative
18313,Own-child
18313,Wife
19933,Husband
19933,Other-relative
19933,Own-child
19933,Wife
2187,Not-in-family
2187,Unmarried
40570,Not-in-family
40570,Unmarried
25223,Not-in-family
25223,Unmarried
32058,Husband
32058,Not-in-family
32058,Other-relative
32058,Own-child
32058,Unmarried
32058,Wife
13795,Husband
13795,Other-relative
13795,Own-child
13795,Wife
47654,Husband
47654,Not-in-family
47654,Other-relative
47654,Own-child
47654,Unmarried
47654,Wife
27098,Husband
27098,Not-in-family
27098,Other-relative
27098,Own-child
27098,Unmarried
27098,Wife
15383,Husband
15383,Not-in-family
15383,Other-relative
15383,Own-child
15383,Unmarried
15383,Wife
40313,Husband
40313,Not-in-family
40313,Other-relative
40313,Own-child
40313,Unmarried
40313,Wife
46154,Not-in-family
46154,Unmarried
8027,Not-in-family
8027,Unmarried
11529,Husband
11529,Other-relative
11529,Own-child
11529,Wife
23993,Husband
23993,Not-in-family
23993,Other-relative
23993,Own-child
23993,Unmarried
23993,Wife
11962,Husband
11962,Not-in-family
11962,Other-relative
11962,Own-child
11962,Unmarried
11962,Wife
42630,Husband
42630,Other-relative
42630,Own-child
42630,Wife
42660,Husband
42660,Not-in-family
42660,Other-relative
42660,Own-child
42660,Unmarried
42660,Wife
19847,Husband
19847,Not-in-family
19847,Other-relative
19847,Own-child
19847,Unmarried
19847,Wife
4418,Husband
4418,Not-in-family
4418,Other-relative
4418,Own-child
4418,Unmarried
4418,Wife
35718,Husband
35718,Not-in-family
35718,Other-relative
35718,Own-child
35718,Unmarried
35718,Wife
12585,Husband
12585,Not-in-family
12585,Other-relative
12585,Own-child
12585,Unmarried
12585,Wife
41525,Husband
41525,Other-relative
41525,Own-child
41525,Wife
18300,Husband
18300,Other-relative
18300,Own-child
18300,Wife
34037,Husband
34037,Not-in-family
34037,Other-relative
34037,Own-child
34037,Unmarried
34037,Wife
14590,Husband
14590,Other-relative
14590,Own-child
14590,Wife
5447,Husband
5447,Not-in-family
5447,Other-relative
5447,Own-child
5447,Unmarried
5447,Wife
38671,Not-in-family
38671,Unmarried
9115,Husband
9115,Not-in-family
9115,Other-relative
9115,Own-child
9115,Unmarried
9115,Wife
44476,Husband
44476,Other-relative
44476,Own-child
44476,Wife
14103,Husband
14103,Not-in-family
14103,Other-relative
14103,Own-child
14103,Unmarried
14103,Wife
48635,Husband
48635,Other-relative
48635,Own-child
48635,Wife
1911,Not-in-family
1911,Unmarried
8652,Not-in-family
8652,Unmarried
5919,Husband
5919,Not-in-family
5919,Other-relative
5919,Own-child
5919,Unmarried
5919,Wife
35548,Husband
35548,Other-relative
35548,Own-child
35548,Wife
42435,Husband
42435,Not-in-family
42435,Other-relative
42435,Own-child
42435,Unmarried
42435,Wife
39132,Husband
39132,Other-relative
39132,Own-child
39132,Wife
6593,Husband
6593,Other-relative
6593,Own-child
6593,Wife
30167,Husband
30167,Not-in-family
30167,Other-relative
30167,Own-child
30167,Unmarried
30167,Wife
22229,Husband
22229,Not-in-family
22229,Other-relative
22229,Own-child
22229,Unmarried
22229,Wife
16105,Not-in-family
16105,Unmarried
48136,Husband
48136,Not-in-family
48136,Other-relative
48136,Own-child
48136,Unmarried
48136,Wife
26878,Husband
26878,Other-relative
26878,Own-child
26878,Wife
19972,Not-in-family
19972,Unmarried
7324,Husband
7324,Not-in-family
7324,Other-relative
7324,Own-child
7324,Unmarried
7324,Wife
15971,Husband
15971,Other-relative
15971,Own-child
15971,Wife
10107,Husband
10107,Not-in-family
10107,Other-relative
10107,Own-child
10107,Unmarried
10107,Wife
38905,Husband
38905,Not-in-family
38905,Other-relative
38905,Own-child
38905,Unmarried
38905,Wife
13428,Husband
13428,Other-relative
13428,Own-child
13428,Wife
11753,Husband
11753,Not-in-family
11753,Other-relative
11753,Own-child
11753,Unmarried
11753,Wife
14904,Not-in-family
14904,Unmarried
48594,Husband
48594,Not-in-family
48594,Other-relative
48594,Own-child
48594,Unmarried
48594,Wife
32606,Husband
32606,Other-relative
32606,Own-child
32606,Wife
15030,Husband
15030,Not-in-family
15030,Other-relative
15030,Own-child
15030,Unmarried
15030,Wife
13245,Husband
13245,Other-relative
13245,Own-child
13245,Wife
33707,Not-in-family
33707,Unmarried
2526,Not-in-family
2526,Unmarried
41775,Husband
41775,Not-in-family
41775,Other-relative
41775,Own-child
41775,Unmarried
41775,Wife
39567,Not-in-family
39567,Unmarried
30476,Husband
30476,Other-relative
30476,Own-child
30476,Wife
16163,Husband
16163,Not-in-family
16163,Other-relative
16163,Own-child
16163,Unmarried
16163,Wife
37893,Husband
37893,Other-relative
37893,Own-child
37893,Wife
7209,Husband
7209,Not-in-family
7209,Other-relative
7209,Own-child
7209,Unmarried
7209,Wife
34808,Husband
34808,Not-in-family
34808,Other-relative
34808,Own-child
34808,Unmarried
34808,Wife
46631,Husband
46631,Not-in-family
46631,Other-relative
46631,Own-child
46631,Unmarried
46631,Wife
26504,Not-in-family
26504,Unmarried
10816,Husband
10816,Not-in-family
10816,Other-relative
10816,Own-child
10816,Unmarried
10816,Wife
2003,Husband
2003,Not-in-family
2003,Other-relative
2003,Own-child
2003,Unmarried
2003,Wife
33449,Not-in-family
33449,Unmarried
7036,Not-in-family
7036,Unmarried
29712,Husband
29712,Not-in-family
29712,Other-relative
29712,Own-child
29712,Unmarried
29712,Wife
46736,Husband
46736,Not-in-family
46736,Other-relative
46736,Own-child
46736,Unmarried
46736,Wife
33826,Husband
33826,Not-in-family
33826,Other-relative
33826,Own-child
33826,Unmarried
33826,Wife
8170,Husband
8170,Not-in-family
8170,Other-relative
8170,Own-child
8170,Unmarried
8170,Wife
30115,Husband
30115,Other-relative
30115,Own-child
30115,Wife
6498,Husband
6498,Not-in-family
6498,Other-relative
6498,Own-child
6498,Unmarried
6498,Wife
28376,Not-in-family
28376,Unmarried
15496,Husband
15496,Not-in-family
15496,Other-relative
15496,Own-child
15496,Unmarried
15496,Wife
48811,Husband
48811,Other-relative
48811,Own-child
48811,Wife
12414,Not-in-family
12414,Unmarried
12654,Husband
12654,Not-in-family
12654,Other-relative
12654,Own-child
12654,Unmarried
12654,Wife
19120,Husband
19120,Not-in-family
19120,Other-relative
19120,Own-child
19120,Unmarried
19120,Wife
16372,Husband
16372,Not-in-family
16372,Other-relative
16372,Own-child
16372,Unmarried
16372,Wife
28804,Husband
28804,Other-relative
28804,Own-child
28804,Wife
30571,Husband
30571,Other-relative
30571,Own-child
30571,Wife
37640,Husband
37640,Not-in-family
37640,Other-relative
37640,Own-child
37640,Unmarried
37640,Wife
3142,Husband
3142,Not-in-family
3142,Other-relative
3142,Own-child
3142,Unmarried
3142,Wife
25955,Husband
25955,Other-relative
25955,Own-child
25955,Wife
5044,Husband
5044,Other-relative
5044,Own-child
5044,Wife
24045,Husband
24045,Other-relative
24045,Own-child
24045,Wife
514,Not-in-family
514,Unmarried
13045,Husband
13045,Other-relative
13045,Own-child
13045,Wife
9078,Husband
9078,Not-in-family
9078,Other-relative
9078,Own-child
9078,Unmarried
9078,Wife
33979,Husband
33979,Other-relative
33979,Own-child
33979,Wife
34905,Husband
34905,Not-in-family
34905,Other-relative
34905,Own-child
34905,Unmarried
34905,Wife
15248,Husband
15248,Not-in-family
15248,Other-relative
15248,Own-child
15248,Unmarried
15248,Wife
37281,Not-in-family
37281,Unmarried
45863,Husband
45863,Not-in-family
45863,Other-relative
45863,Own-child
45863,Unmarried
45863,Wife
38593,Husband
38593,Other-relative
38593,Own-child
38593,Wife
3407,Husband
3407,Other-relative
3407,Own-child
3407,Wife
6878,Not-in-family
6878,Unmarried
19156,Husband
19156,Other-relative
19156,Own-child
19156,Wife
35711,Husband
35711,Not-in-family
35711,Other-relative
35711,Own-child
35711,Unmarried
35711,Wife
45332,Husband
45332,Other-relative
45332,Own-child
45332,Wife
14042,Husband
14042,Other-relative
14042,Own-child
14042,Wife
19604,Husband
19604,Other-relative
19604,Own-child
19604,Wife
38502,Husband
38502,Not-in-family
38502,Other-relative
38502,Own-child
38502,Unmarried
38502,Wife
36883,Husband
36883,Not-in-family
36883,Other-relative
36883,Own-child
36883,Unmarried
36883,Wife
48590,Husband
48590,Other-relative
48590,Own-child
48590,Wife
24493,Husband
24493,Other-relative
24493,Own-child
24493,Wife
5083,Not-in-family
5083,Unmarried
4102,Husband
4102,Not-in-family
4102,Other-relative
4102,Own-child
4102,Unmarried
4102,Wife
45410,Husband
45410,Other-relative
45410,Own-child
45410,Wife
48181,Husband
48181,Not-in-family
48181,Other-relative
48181,Own-child
48181,Unmarried
48181,Wife
14385,Husband
14385,Not-in-family
14385,Other-relative
14385,Own-child
14385,Unmarried
14385,Wife
9640,Husband
9640,Other-relative
9640,Own-child
9640,Wife
13461,Husband
13461,Other-relative
13461,Own-child
13461,Wife
9817,Husband
9817,Not-in-family
9817,Other-relative
9817,Own-child
9817,Unmarried
9817,Wife
31323,Husband
31323,Not-in-family
31323,Other-relative
31323,Own-child
31323,Unmarried
31323,Wife
45241,Husband
45241,Not-in-family
45241,Other-relative
45241,Own-child
45241,Unmarried
45241,Wife
34732,Husband
34732,Not-in-family
34732,Other-relative
34732,Own-child
34732,Unmarried
34732,Wife
23863,Husband
23863,Not-in-family
23863,Other-relative
23863,Own-child
23863,Unmarried
23863,Wife
28318,Husband
28318,Other-relative
28318,Own-child
28318,Wife
23417,Husband
23417,Not-in-family
23417,Other-relative
23417,Own-child
23417,Unmarried
23417,Wife
32351,Not-in-family
32351,Unmarried
15194,Husband
15194,Other-relative
15194,Own-child
15194,Wife
28555,Not-in-family
28555,Unmarried
8024,Husband
8024,Not-in-family
8024,Other-relative
8024,Own-child
8024,Unmarried
8024,Wife
23104,Husband
23104,Not-in-family
23104,Other-relative
23104,Own-child
23104,Unmarried
23104,Wife
24474,Not-in-family
24474,Unmarried
24173,Husband
24173,Not-in-family
24173,Other-relative
24173,Own-child
24173,Unmarried
24173,Wife
47766,Husband
47766,Not-in-family
47766,Other-relative
47766,Own-child
47766,Unmarried
47766,Wife
33010,Husband
33010,Not-in-family
33010,Other-relative
33010,Own-child
33010,Unmarried
33010,Wife
44917,Husband
44917,Not-in-family
44917,Other-relative
44917,Own-child
44917,Unmarried
44917,Wife
48288,Not-in-family
48288,Unmarried
44318,Husband
44318,Not-in-family
44318,Other-relative
44318,Own-child
44318,Unmarried
44318,Wife
574,Husband
574,Not-in-family
574,Other-relative
574,Own-child
574,Unmarried
574,Wife
769,Husband
769,Not-in-family
769,Other-relative
769,Own-child
769,Unmarried
769,Wife
29308,Husband
29308,Not-in-family
29308,Other-relative
29308,Own-child
29308,Unmarried
29308,Wife
37041,Husband
37041,Not-in-family
37041,Other-relative
37041,Own-child
37041,Unmarried
37041,Wife
24205,Not-in-family
24205,Unmarried
17883,Husband
17883,Not-in-family
17883,Other-relative
17883,Own-child
17883,Unmarried
17883,Wife
1703,Husband
1703,Not-in-family
1703,Other-relative
1703,Own-child
1703,Unmarried
1703,Wife
34550,Husband
34550,Other-relative
34550,Own-child
34550,Wife
46729,Husband
46729,Not-in-family
46729,Other-relative
46729,Own-child
46729,Unmarried
46729,Wife
8531,Husband
8531,Not-in-family
8531,Other-relative
8531,Own-child
8531,Unmarried
8531,Wife
10191,Not-in-family
10191,Unmarried
41105,Husband
41105,Not-in-family
41105,Other-relative
41105,Own-child
41105,Unmarried
41105,Wife
12086,Husband
12086,Not-in-family
12086,Other-relative
12086,Own-child
12086,Unmarried
12086,Wife
15920,Husband
15920,Other-relative
15920,Own-child
15920,Wife
18612,Husband
18612,Not-in-family
18612,Other-relative
18612,Own-child
18612,Unmarried
18612,Wife
20074,Husband
20074,Not-in-family
20074,Other-relative
20074,Own-child
20074,Unmarried
20074,Wife
33644,Husband
33644,Other-relative
33644,Own-child
33644,Wife
2646,Not-in-family
2646,Unmarried
24022,Not-in-family
24022,Unmarried
33445,Husband
33445,Other-relative
33445,Own-child
33445,Wife
28899,Husband
28899,Not-in-family
28899,Other-relative
28899,Own-child
28899,Unmarried
28899,Wife
28026,Husband
28026,Not-in-family
28026,Other-relative
28026,Own-child
28026,Unmarried
28026,Wife
45926,Husband
45926,Other-relative
45926,Own-child
45926,Wife
8201,Husband
8201,Not-in-family
8201,Other-relative
8201,Own-child
8201,Unmarried
8201,Wife
8697,Not-in-family
8697,Unmarried
19652,Husband
19652,Not-in-family
19652,Other-relative
19652,Own-child
19652,Unmarried
19652,Wife
26993,Husband
26993,Not-in-family
26993,Other-relative
26993,Own-child
26993,Unmarried
26993,Wife
29316,Husband
29316,Other-relative
29316,Own-child
29316,Wife
8975,Husband
8975,Other-relative
8975,Own-child
8975,Wife
23111,Not-in-family
23111,Unmarried
15214,Not-in-family
15214,Unmarried
27148,Husband
27148,Not-in-family
27148,Other-relative
27148,Own-child
27148,Unmarried
27148,Wife
20681,Husband
20681,Other-relative
20681,Own-child
20681,Wife
13812,Husband
13812,Not-in-family
13812,Other-relative
13812,Own-child
13812,Unmarried
13812,Wife
23568,Husband
23568,Not-in-family
23568,Other-relative
23568,Own-child
23568,Unmarried
23568,Wife
1678,Husband
1678,Other-relative
1678,Own-child
1678,Wife
27545,Husband
27545,Not-in-family
27545,Other-relative
27545,Own-child
27545,Unmarried
27545,Wife
23218,Not-in-family
23218,Unmarried
21671,Husband
21671,Not-in-family
21671,Other-relative
21671,Own-child
21671,Unmarried
21671,Wife
27146,Not-in-family
27146,Unmarried
36978,Husband
36978,Not-in-family
36978,Other-relative
36978,Own-child
36978,Unmarried
36978,Wife
11412,Not-in-family
11412,Unmarried
36829,Husband
36829,Not-in-family
36829,Other-relative
36829,Own-child
36829,Unmarried
36829,Wife
30432,Husband
30432,Other-relative
30432,Own-child
30432,Wife
18289,Husband
18289,Other-relative
18289,Own-child
18289,Wife
35286,Husband
35286,Not-in-family
35286,Other-relative
35286,Own-child
35286,Unmarried
35286,Wife
4098,Husband
4098,Not-in-family
4098,Other-relative
4098,Own-child
4098,Unmarried
4098,Wife
27459,Husband
27459,Other-relative
27459,Own-child
27459,Wife
48640,Husband
48640,Not-in-family
48640,Other-relative
48640,Own-child
48640,Unmarried
48640,Wife
43907,Not-in-family
43907,Unmarried
32259,Not-in-family
32259,Unmarried
42947,Husband
42947,Other-relative
42947,Own-child
42947,Wife
8957,Husband
8957,Other-relative
8957,Own-child
8957,Wife
2898,Husband
2898,Not-in-family
2898,Other-relative
2898,Own-child
2898,Unmarried
2898,Wife
30001,Husband
30001,Not-in-family
30001,Other-relative
30001,Own-child
30001,Unmarried
30001,Wife
43026,Not-in-family
43026,Unmarried
31354,Husband
31354,Other-relative
31354,Own-child
31354,Wife
16336,Husband
16336,Other-relative
16336,Own-child
16336,Wife
18548,Husband
18548,Not-in-family
18548,Other-relative
18548,Own-child
18548,Unmarried
18548,Wife
31502,Husband
31502,Other-relative
31502,Own-child
31502,Wife
9900,Husband
9900,Not-in-family
9900,Other-relative
9900,Own-child
9900,Unmarried
9900,Wife
18392,Husband
18392,Other-relative
18392,Own-child
18392,Wife
26648,Husband
26648,Not-in-family
26648,Other-relative
26648,Own-child
26648,Unmarried
26648,Wife
19335,Husband
19335,Other-relative
19335,Own-child
19335,Wife
46311,Husband
46311,Not-in-family
46311,Other-relative
46311,Own-child
46311,Unmarried
46311,Wife
33088,Husband
33088,Not-in-family
33088,Other-relative
33088,Own-child
33088,Unmarried
33088,Wife
9460,Husband
9460,Not-in-family
9460,Other-relative
9460,Own-child
9460,Unmarried
9460,Wife
13495,Husband
13495,Not-in-family
13495,Other-relative
13495,Own-child
13495,Unmarried
13495,Wife
29823,Husband
29823,Not-in-family
29823,Other-relative
29823,Own-child
29823,Unmarried
29823,Wife
11520,Husband
11520,Not-in-family
11520,Other-relative
11520,Own-child
11520,Unmarried
11520,Wife
19932,Not-in-family
19932,Unmarried
47059,Husband
47059,Not-in-family
47059,Other-relative
47059,Own-child
47059,Unmarried
47059,Wife
35148,Husband
35148,Not-in-family
35148,Other-relative
35148,Own-child
35148,Unmarried
35148,Wife
24341,Not-in-family
24341,Unmarried
35010,Husband
35010,Not-in-family
35010,Other-relative
35010,Own-child
35010,Unmarried
35010,Wife
939,Not-in-family
939,Unmarried
5613,Husband
5613,Not-in-family
5613,Other-relative
5613,Own-child
5613,Unmarried
5613,Wife
29648,Husband
29648,Not-in-family
29648,Other-relative
29648,Own-child
29648,Unmarried
29648,Wife
14722,Husband
14722,Other-relative
14722,Own-child
14722,Wife
23011,Husband
23011,Not-in-family
23011,Other-relative
23011,Own-child
23011,Unmarried
23011,Wife
12781,Husband
12781,Not-in-family
12781,Other-relative
12781,Own-child
12781,Unmarried
12781,Wife
14477,Husband
14477,Other-relative
14477,Own-child
14477,Wife
27999,Husband
27999,Not-in-family
27999,Other-relative
27999,Own-child
27999,Unmarried
27999,Wife
46790,Husband
46790,Other-relative
46790,Own-child
46790,Wife
21583,Husband
21583,Other-relative
21583,Own-child
21583,Wife
34458,Husband
34458,Other-relative
34458,Own-child
34458,Wife
18581,Husband
18581,Not-in-family
18581,Other-relative
18581,Own-child
18581,Unmarried
18581,Wife
4847,Husband
4847,Other-relative
4847,Own-child
4847,Wife
20254,Not-in-family
20254,Unmarried
36450,Husband
36450,Other-relative
36450,Own-child
36450,Wife
42048,Not-in-family
42048,Unmarried
15465,Husband
15465,Not-in-family
15465,Other-relative
15465,Own-child
15465,Unmarried
15465,Wife
16895,Husband
16895,Other-relative
16895,Own-child
16895,Wife
30025,Husband
30025,Other-relative
30025,Own-child
30025,Wife
48025,Husband
48025,Other-relative
48025,Own-child
48025,Wife
37923,Husband
37923,Other-relative
37923,Own-child
37923,Wife
23018,Husband
23018,Other-relative
23018,Own-child
23018,Wife
4101,Husband
4101,Other-relative
4101,Own-child
4101,Wife
23189,Husband
23189,Not-in-family
23189,Other-relative
23189,Own-child
23189,Unmarried
23189,Wife
19131,Husband
19131,Not-in-family
19131,Other-relative
19131,Own-child
19131,Unmarried
19131,Wife
45485,Husband
45485,Not-in-family
45485,Other-relative
45485,Own-child
45485,Unmarried
45485,Wife
8732,Husband
8732,Not-in-family
8732,Other-relative
8732,Own-child
8732,Unmarried
8732,Wife
21772,Husband
21772,Not-in-family
21772,Other-relative
21772,Own-child
21772,Unmarried
21772,Wife
5433,Not-in-family
5433,Unmarried
7847,Husband
7847,Not-in-family
7847,Other-relative
7847,Own-child
7847,Unmarried
7847,Wife
30959,Not-in-family
30959,Unmarried
4420,Husband
4420,Not-in-family
4420,Other-relative
4420,Own-child
4420,Unmarried
4420,Wife
23965,Husband
23965,Other-relative
23965,Own-child
23965,Wife
24768,Husband
24768,Other-relative
24768,Own-child
24768,Wife
20905,Husband
20905,Not-in-family
20905,Other-relative
20905,Own-child
20905,Unmarried
20905,Wife
17038,Husband
17038,Not-in-family
17038,Other-relative
17038,Own-child
17038,Unmarried
17038,Wife
17639,Husband
17639,Not-in-family
17639,Other-relative
17639,Own-child
17639,Unmarried
17639,Wife
11984,Husband
11984,Not-in-family
11984,Other-relative
11984,Own-child
11984,Unmarried
11984,Wife
10100,Husband
10100,Other-relative
10100,Own-child
10100,Wife
43266,Not-in-family
43266,Unmarried
43296,Husband
43296,Not-in-family
43296,Other-relative
43296,Own-child
43296,Unmarried
43296,Wife
45230,Husband
45230,Other-relative
45230,Own-child
45230,Wife
25180,Husband
25180,Other-relative
25180,Own-child
25180,Wife
15216,Husband
15216,Not-in-family
15216,Other-relative
15216,Own-child
15216,Unmarried
15216,Wife
20641,Husband
20641,Not-in-family
20641,Other-relative
20641,Own-child
20641,Unmarried
20641,Wife
25709,Husband
25709,Not-in-family
25709,Other-relative
25709,Own-child
25709,Unmarried
25709,Wife
45011,Husband
45011,Other-relative
45011,Own-child
45011,Wife
1229,Husband
1229,Not-in-family
1229,Other-relative
1229,Own-child
1229,Unmarried
1229,Wife
24765,Husband
24765,Not-in-family
24765,Other-relative
24765,Own-child
24765,Unmarried
24765,Wife
18375,Husband
18375,Other-relative
18375,Own-child
18375,Wife
34107,Husband
34107,Other-relative
34107,Own-child
34107,Wife
35016,Husband
35016,Other-relative
35016,Own-child
35016,Wife
44928,Husband
44928,Not-in-family
44928,Other-relative
44928,Own-child
44928,Unmarried
44928,Wife
28669,Husband
28669,Other-relative
28669,Own-child
28669,Wife
48092,Not-in-family
48092,Unmarried
47024,Not-in-family
47024,Unmarried
42470,Husband
42470,Other-relative
42470,Own-child
42470,Wife
15473,Husband
15473,Not-in-family
15473,Other-relative
15473,Own-child
15473,Unmarried
15473,Wife
15237,Husband
15237,Not-in-family
15237,Other-relative
15237,Own-child
15237,Unmarried
15237,Wife
22034,Not-in-family
22034,Unmarried
48291,Husband
48291,Not-in-family
48291,Other-relative
48291,Own-child
48291,Unmarried
48291,Wife
24715,Husband
24715,Other-relative
24715,Own-child
24715,Wife
34046,Not-in-family
34046,Unmarried
10870,Husband
10870,Other-relative
10870,Own-child
10870,Wife
1551,Husband
1551,Other-relative
1551,Own-child
1551,Wife
26765,Husband
26765,Not-in-family
26765,Other-relative
26765,Own-child
26765,Unmarried
26765,Wife
6583,Not-in-family
6583,Unmarried
8309,Husband
8309,Not-in-family
8309,Other-relative
8309,Own-child
8309,Unmarried
8309,Wife
20454,Husband
20454,Not-in-family
20454,Other-relative
20454,Own-child
20454,Unmarried
20454,Wife
36728,Husband
36728,Other-relative
36728,Own-child
36728,Wife
26724,Husband
26724,Not-in-family
26724,Other-relative
26724,Own-child
26724,Unmarried
26724,Wife
9829,Husband
9829,Not-in-family
9829,Other-relative
9829,Own-child
9829,Unmarried
9829,Wife
11278,Not-in-family
11278,Unmarried
26100,Husband
26100,Not-in-family
26100,Other-relative
26100,Own-child
26100,Unmarried
26100,Wife
5057,Husband
5057,Not-in-family
5057,Other-relative
5057,Own-child
5057,Unmarried
5057,Wife
21172,Husband
21172,Not-in-family
21172,Other-relative
21172,Own-child
21172,Unmarried
21172,Wife
16713,Not-in-family
16713,Unmarried
16870,Husband
16870,Not-in-family
16870,Other-relative
16870,Own-child
16870,Unmarried
16870,Wife
16277,Husband
16277,Not-in-family
16277,Other-relative
16277,Own-child
16277,Unmarried
16277,Wife
38507,Not-in-family
38507,Unmarried
43293,Husband
43293,Other-relative
43293,Own-child
43293,Wife
2317,Not-in-family
2317,Unmarried
11805,Not-in-family
11805,Unmarried
47368,Not-in-family
47368,Unmarried
8721,Husband
8721,Other-relative
8721,Own-child
8721,Wife
27524,Not-in-family
27524,Unmarried
14956,Husband
14956,Not-in-family
14956,Other-relative
14956,Own-child
14956,Unmarried
14956,Wife
47436,Not-in-family
47436,Unmarried
7706,Husband
7706,Other-relative
7706,Own-child
7706,Wife
10155,Husband
10155,Not-in-family
10155,Other-relative
10155,Own-child
10155,Unmarried
10155,Wife
48725,Husband
48725,Other-relative
48725,Own-child
48725,Wife
20666,Husband
20666,Other-relative
20666,Own-child
20666,Wife
46872,Husband
46872,Not-in-family
46872,Other-relative
46872,Own-child
46872,Unmarried
46872,Wife
7628,Husband
7628,Other-relative
7628,Own-child
7628,Wife
6845,Not-in-family
6845,Unmarried
36620,Husband
36620,Not-in-family
36620,Other-relative
36620,Own-child
36620,Unmarried
36620,Wife
634,Husband
634,Other-relative
634,Own-child
634,Wife
12813,Husband
12813,Not-in-family
12813,Other-relative
12813,Own-child
12813,Unmarried
12813,Wife
6700,Husband
6700,Other-relative
6700,Own-child
6700,Wife
6754,Husband
6754,Other-relative
6754,Own-child
6754,Wife
38288,Not-in-family
38288,Unmarried
30501,Husband
30501,Other-relative
30501,Own-child
30501,Wife
48391,Husband
48391,Other-relative
48391,Own-child
48391,Wife
25069,Husband
25069,Other-relative
25069,Own-child
25069,Wife
29653,Not-in-family
29653,Unmarried
10975,Husband
10975,Not-in-family
10975,Other-relative
10975,Own-child
10975,Unmarried
10975,Wife
34441,Husband
34441,Other-relative
34441,Own-child
34441,Wife
18347,Not-in-family
18347,Unmarried
39290,Husband
39290,Not-in-family
39290,Other-relative
39290,Own-child
39290,Unmarried
39290,Wife
30373,Husband
30373,Other-relative
30373,Own-child
30373,Wife
8320,Husband
8320,Not-in-family
8320,Other-relative
8320,Own-child
8320,Unmarried
8320,Wife
22993,Husband
22993,Not-in-family
22993,Other-relative
22993,Own-child
22993,Unmarried
22993,Wife
29869,Husband
29869,Not-in-family
29869,Other-relative
29869,Own-child
29869,Unmarried
29869,Wife
30737,Husband
30737,Other-relative
30737,Own-child
30737,Wife
31146,Not-in-family
31146,Unmarried
23188,Husband
23188,Other-relative
23188,Own-child
23188,Wife
26833,Husband
26833,Not-in-family
26833,Other-relative
26833,Own-child
26833,Unmarried
26833,Wife
36892,Husband
36892,Not-in-family
36892,Other-relative
36892,Own-child
36892,Unmarried
36892,Wife
1989,Husband
1989,Not-in-family
1989,Other-relative
1989,Own-child
1989,Unmarried
1989,Wife
26459,Husband
26459,Not-in-family
26459,Other-relative
26459,Own-child
26459,Unmarried
26459,Wife
10729,Husband
10729,Not-in-family
10729,Other-relative
10729,Own-child
10729,Unmarried
10729,Wife
406,Husband
406,Not-in-family
406,Other-relative
406,Own-child
406,Unmarried
406,Wife
47170,Husband
47170,Other-relative
47170,Own-child
47170,Wife
40056,Husband
40056,Other-relative
40056,Own-child
40056,Wife
47232,Husband
47232,Not-in-family
47232,Other-relative
47232,Own-child
47232,Unmarried
47232,Wife
17221,Husband
17221,Other-relative
17221,Own-child
17221,Wife
36205,Not-in-family
36205,Unmarried
10555,Husband
10555,Other-relative
10555,Own-child
10555,Wife
33183,Husband
33183,Not-in-family
33183,Other-relative
33183,Own-child
33183,Unmarried
33183,Wife
42344,Not-in-family
42344,Unmarried
24877,Husband
24877,Not-in-family
24877,Other-relative
24877,Own-child
24877,Unmarried
24877,Wife
14138,Husband
14138,Other-relative
14138,Own-child
14138,Wife
7272,Husband
7272,Not-in-family
7272,Other-relative
7272,Own-child
7272,Unmarried
7272,Wife
43973,Husband
43973,Not-in-family
43973,Other-relative
43973,Own-child
43973,Unmarried
43973,Wife
39291,Husband
39291,Not-in-family
39291,Other-relative
39291,Own-child
39291,Unmarried
39291,Wife
43275,Husband
43275,Not-in-family
43275,Other-relative
43275,Own-child
43275,Unmarried
43275,Wife
46665,Husband
46665,Not-in-family
46665,Other-relative
46665,Own-child
46665,Unmarried
46665,Wife
48354,Husband
48354,Other-relative
48354,Own-child
48354,Wife
15898,Husband
15898,Not-in-family
15898,Other-relative
15898,Own-child
15898,Unmarried
15898,Wife
8772,Not-in-family
8772,Unmarried
3357,Husband
3357,Other-relative
3357,Own-child
3357,Wife
31549,Husband
31549,Not-in-family
31549,Other-relative
31549,Own-child
31549,Unmarried
31549,Wife
18350,Husband
18350,Other-relative
18350,Own-child
18350,Wife
38802,Husband
38802,Not-in-family
38802,Other-relative
38802,Own-child
38802,Unmarried
38802,Wife
33797,Husband
33797,Other-relative
33797,Own-child
33797,Wife
6396,Husband
6396,Not-in-family
6396,Other-relative
6396,Own-child
6396,Unmarried
6396,Wife
32738,Husband
32738,Other-relative
32738,Own-child
32738,Wife
48082,Husband
48082,Other-relative
48082,Own-child
48082,Wife
44049,Husband
44049,Not-in-family
44049,Other-relative
44049,Own-child
44049,Unmarried
44049,Wife
14030,Husband
14030,Not-in-family
14030,Other-relative
14030,Own-child
14030,Unmarried
14030,Wife
22958,Husband
22958,Not-in-family
22958,Other-relative
22958,Own-child
22958,Unmarried
22958,Wife
41980,Husband
41980,Other-relative
41980,Own-child
41980,Wife
36257,Husband
36257,Other-relative
36257,Own-child
36257,Wife
36703,Husband
36703,Other-relative
36703,Own-child
36703,Wife
38054,Husband
38054,Not-in-family
38054,Other-relative
38054,Own-child
38054,Unmarried
38054,Wife
1566,Husband
1566,Other-relative
1566,Own-child
1566,Wife
48055,Husband
48055,Other-relative
48055,Own-child
48055,Wife
18859,Husband
18859,Not-in-family
18859,Other-relative
18859,Own-child
18859,Unmarried
18859,Wife
33769,Husband
33769,Not-in-family
33769,Other-relative
33769,Own-child
33769,Unmarried
33769,Wife
3026,Husband
3026,Other-relative
3026,Own-child
3026,Wife
23931,Husband
23931,Not-in-family
23931,Other-relative
23931,Own-child
23931,Unmarried
23931,Wife
37486,Husband
37486,Other-relative
37486,Own-child
37486,Wife
34032,Not-in-family
34032,Unmarried
24817,Husband
24817,Other-relative
24817,Own-child
24817,Wife
35741,Husband
35741,Not-in-family
35741,Other-relative
35741,Own-child
35741,Unmarried
35741,Wife
37420,Husband
37420,Not-in-family
37420,Other-relative
37420,Own-child
37420,Unmarried
37420,Wife
23928,Husband
23928,Not-in-family
23928,Other-relative
23928,Own-child
23928,Unmarried
23928,Wife
28570,Husband
28570,Not-in-family
28570,Other-relative
28570,Own-child
28570,Unmarried
28570,Wife
21699,Husband
21699,Not-in-family
21699,Other-relative
21699,Own-child
21699,Unmarried
21699,Wife
27499,Husband
27499,Not-in-family
27499,Other-relative
27499,Own-child
27499,Unmarried
27499,Wife
43161,Husband
43161,Not-in-family
43161,Other-relative
43161,Own-child
43161,Unmarried
43161,Wife
22010,Husband
22010,Not-in-family
22010,Other-relative
22010,Own-child
22010,Unmarried
22010,Wife
45643,Not-in-family
45643,Unmarried
3347,Husband
3347,Not-in-family
3347,Other-relative
3347,Own-child
3347,Unmarried
3347,Wife
11865,Husband
11865,Other-relative
11865,Own-child
11865,Wife
28525,Not-in-family
28525,Unmarried
28621,Not-in-family
28621,Unmarried
40689,Husband
40689,Not-in-family
40689,Other-relative
40689,Own-child
40689,Unmarried
40689,Wife
11009,Husband
11009,Not-in-family
11009,Other-relative
11009,Own-child
11009,Unmarried
11009,Wife
22525,Husband
22525,Not-in-family
22525,Other-relative
22525,Own-child
22525,Unmarried
22525,Wife
19304,Husband
19304,Not-in-family
19304,Other-relative
19304,Own-child
19304,Unmarried
19304,Wife
34371,Husband
34371,Not-in-family
34371,Other-relative
34371,Own-child
34371,Unmarried
34371,Wife
10381,Husband
10381,Not-in-family
10381,Other-relative
10381,Own-child
10381,Unmarried
10381,Wife
10264,Husband
10264,Not-in-family
10264,Other-relative
10264,Own-child
10264,Unmarried
10264,Wife
40539,Husband
40539,Not-in-family
40539,Other-relative
40539,Own-child
40539,Unmarried
40539,Wife
34880,Not-in-family
34880,Unmarried
26750,Not-in-family
26750,Unmarried
26735,Not-in-family
26735,Unmarried
18129,Husband
18129,Other-relative
18129,Own-child
18129,Wife
37585,Husband
37585,Other-relative
37585,Own-child
37585,Wife
12174,Husband
12174,Not-in-family
12174,Other-relative
12174,Own-child
12174,Unmarried
12174,Wife
36035,Husband
36035,Not-in-family
36035,Other-relative
36035,Own-child
36035,Unmarried
36035,Wife
35027,Husband
35027,Not-in-family
35027,Other-relative
35027,Own-child
35027,Unmarried
35027,Wife
35818,Husband
35818,Other-relative
35818,Own-child
35818,Wife
6195,Husband
6195,Not-in-family
6195,Other-relative
6195,Own-child
6195,Unmarried
6195,Wife
10150,Husband
10150,Other-relative
10150,Own-child
10150,Wife
5758,Husband
5758,Other-relative
5758,Own-child
5758,Wife
37512,Husband
37512,Not-in-family
37512,Other-relative
37512,Own-child
37512,Unmarried
37512,Wife
11424,Husband
11424,Other-relative
11424,Own-child
11424,Wife
19045,Husband
19045,Not-in-family
19045,Other-relative
19045,Own-child
19045,Unmarried
19045,Wife
11280,Not-in-family
11280,Unmarried
34639,Husband
34639,Not-in-family
34639,Other-relative
34639,Own-child
34639,Unmarried
34639,Wife
23529,Husband
23529,Not-in-family
23529,Other-relative
23529,Own-child
23529,Unmarried
23529,Wife
5597,Husband
5597,Not-in-family
5597,Other-relative
5597,Own-child
5597,Unmarried
5597,Wife
5907,Husband
5907,Not-in-family
5907,Other-relative
5907,Own-child
5907,Unmarried
5907,Wife
12480,Husband
12480,Not-in-family
12480,Other-relative
12480,Own-child
12480,Unmarried
12480,Wife
11371,Not-in-family
11371,Unmarried
22105,Husband
22105,Other-relative
22105,Own-child
22105,Wife
39133,Husband
39133,Other-relative
39133,Own-child
39133,Wife
21201,Husband
21201,Not-in-family
21201,Other-relative
21201,Own-child
21201,Unmarried
21201,Wife
504,Husband
504,Not-in-family
504,Other-relative
504,Own-child
504,Unmarried
504,Wife
2901,Husband
2901,Not-in-family
2901,Other-relative
2901,Own-child
2901,Unmarried
2901,Wife
48294,Husband
48294,Other-relative
48294,Own-child
48294,Wife
20611,Husband
20611,Other-relative
20611,Own-child
20611,Wife
14089,Not-in-family
14089,Unmarried
1141,Husband
1141,Not-in-family
1141,Other-relative
1141,Own-child
1141,Unmarried
1141,Wife
25983,Husband
25983,Not-in-family
25983,Other-relative
25983,Own-child
25983,Unmarried
25983,Wife
27341,Husband
27341,Other-relative
27341,Own-child
27341,Wife
26243,Husband
26243,Not-in-family
26243,Other-relative
26243,Own-child
26243,Unmarried
26243,Wife
28160,Husband
28160,Not-in-family
28160,Other-relative
28160,Own-child
28160,Unmarried
28160,Wife
6639,Husband
6639,Not-in-family
6639,Other-relative
6639,Own-child
6639,Unmarried
6639,Wife
20765,Husband
20765,Not-in-family
20765,Other-relative
20765,Own-child
20765,Unmarried
20765,Wife
31243,Husband
31243,Not-in-family
31243,Other-relative
31243,Own-child
31243,Unmarried
31243,Wife
10072,Husband
10072,Not-in-family
10072,Other-relative
10072,Own-child
10072,Unmarried
10072,Wife
30907,Husband
30907,Other-relative
30907,Own-child
30907,Wife
34009,Not-in-family
34009,Unmarried
36910,Husband
36910,Not-in-family
36910,Other-relative
36910,Own-child
36910,Unmarried
36910,Wife
41927,Husband
41927,Not-in-family
41927,Other-relative
41927,Own-child
41927,Unmarried
41927,Wife
27680,Husband
27680,Not-in-family
27680,Other-relative
27680,Own-child
27680,Unmarried
27680,Wife
48101,Husband
48101,Not-in-family
48101,Other-relative
48101,Own-child
48101,Unmarried
48101,Wife
6487,Husband
6487,Not-in-family
6487,Other-relative
6487,Own-child
6487,Unmarried
6487,Wife
36249,Husband
36249,Other-relative
36249,Own-child
36249,Wife
19514,Not-in-family
19514,Unmarried
42037,Husband
42037,Not-in-family
42037,Other-relative
42037,Own-child
42037,Unmarried
42037,Wife
46903,Husband
46903,Not-in-family
46903,Other-relative
46903,Own-child
46903,Unmarried
46903,Wife
19437,Husband
19437,Other-relative
19437,Own-child
19437,Wife
10871,Husband
10871,Other-relative
10871,Own-child
10871,Wife
9303,Husband
9303,Other-relative
9303,Own-child
9303,Wife
12400,Husband
12400,Not-in-family
12400,Other-relative
12400,Own-child
12400,Unmarried
12400,Wife
41494,Husband
41494,Not-in-family
41494,Other-relative
41494,Own-child
41494,Unmarried
41494,Wife
42444,Husband
42444,Other-relative
42444,Own-child
42444,Wife
17875,Husband
17875,Not-in-family
17875,Other-relative
17875,Own-child
17875,Unmarried
17875,Wife
7150,Husband
7150,Other-relative
7150,Own-child
7150,Wife
40157,Husband
40157,Not-in-family
40157,Other-relative
40157,Own-child
40157,Unmarried
40157,Wife
21053,Husband
21053,Not-in-family
21053,Other-relative
21053,Own-child
21053,Unmarried
21053,Wife
41727,Husband
41727,Not-in-family
41727,Other-relative
41727,Own-child
41727,Unmarried
41727,Wife
37264,Husband
37264,Other-relative
37264,Own-child
37264,Wife
42153,Husband
42153,Other-relative
42153,Own-child
42153,Wife
14039,Husband
14039,Other-relative
14039,Own-child
14039,Wife
40903,Husband
40903,Other-relative
40903,Own-child
40903,Wife
44961,Husband
44961,Other-relative
44961,Own-child
44961,Wife
41913,Husband
41913,Not-in-family
41913,Other-relative
41913,Own-child
41913,Unmarried
41913,Wife
8264,Husband
8264,Not-in-family
8264,Other-relative
8264,Own-child
8264,Unmarried
8264,Wife
41837,Husband
41837,Not-in-family
41837,Other-relative
41837,Own-child
41837,Unmarried
41837,Wife
9068,Not-in-family
9068,Unmarried
19815,Husband
19815,Not-in-family
19815,Other-relative
19815,Own-child
19815,Unmarried
19815,Wife
35333,Husband
35333,Not-in-family
35333,Other-relative
35333,Own-child
35333,Unmarried
35333,Wife
42014,Husband
42014,Not-in-family
42014,Other-relative
42014,Own-child
42014,Unmarried
42014,Wife
5367,Husband
5367,Other-relative
5367,Own-child
5367,Wife
10667,Husband
10667,Not-in-family
10667,Other-relative
10667,Own-child
10667,Unmarried
10667,Wife
8224,Husband
8224,Not-in-family
8224,Other-relative
8224,Own-child
8224,Unmarried
8224,Wife
35602,Not-in-family
35602,Unmarried
42156,Husband
42156,Not-in-family
42156,Other-relative
42156,Own-child
42156,Unmarried
42156,Wife
5849,Husband
5849,Other-relative
5849,Own-child
5849,Wife
34773,Husband
34773,Other-relative
34773,Own-child
34773,Wife
11064,Husband
11064,Not-in-family
11064,Other-relative
11064,Own-child
11064,Unmarried
11064,Wife
11780,Husband
11780,Other-relative
11780,Own-child
11780,Wife
1576,Husband
1576,Not-in-family
1576,Other-relative
1576,Own-child
1576,Unmarried
1576,Wife
48183,Husband
48183,Not-in-family
48183,Other-relative
48183,Own-child
48183,Unmarried
48183,Wife
40380,Husband
40380,Other-relative
40380,Own-child
40380,Wife
11296,Husband
11296,Other-relative
11296,Own-child
11296,Wife
4262,Husband
4262,Not-in-family
4262,Other-relative
4262,Own-child
4262,Unmarried
4262,Wife
35809,Not-in-family
35809,Unmarried
1709,Husband
1709,Not-in-family
1709,Other-relative
1709,Own-child
1709,Unmarried
1709,Wife
2547,Husband
2547,Not-in-family
2547,Other-relative
2547,Own-child
2547,Unmarried
2547,Wife
39511,Husband
39511,Other-relative
39511,Own-child
39511,Wife
46999,Husband
46999,Not-in-family
46999,Other-relative
46999,Own-child
46999,Unmarried
46999,Wife
28879,Husband
28879,Not-in-family
28879,Other-relative
28879,Own-child
28879,Unmarried
28879,Wife
27172,Husband
27172,Not-in-family
27172,Other-relative
27172,Own-child
27172,Unmarried
27172,Wife
44615,Husband
44615,Not-in-family
44615,Other-relative
44615,Own-child
44615,Unmarried
44615,Wife
428,Husband
428,Not-in-family
428,Other-relative
428,Own-child
428,Unmarried
428,Wife
22927,Not-in-family
22927,Unmarried
43274,Husband
43274,Other-relative
43274,Own-child
43274,Wife
11195,Husband
11195,Not-in-family
11195,Other-relative
11195,Own-child
11195,Unmarried
11195,Wife
38235,Husband
38235,Other-relative
38235,Own-child
38235,Wife
42142,Husband
42142,Not-in-family
42142,Other-relative
42142,Own-child
42142,Unmarried
42142,Wife
569,Not-in-family
569,Unmarried
6353,Husband
6353,Not-in-family
6353,Other-relative
6353,Own-child
6353,Unmarried
6353,Wife
41198,Husband
41198,Not-in-family
41198,Other-relative
41198,Own-child
41198,Unmarried
41198,Wife
2471,Not-in-family
2471,Unmarried
15781,Husband
15781,Not-in-family
15781,Other-relative
15781,Own-child
15781,Unmarried
15781,Wife
42306,Husband
42306,Not-in-family
42306,Other-relative
42306,Own-child
42306,Unmarried
42306,Wife
25739,Husband
25739,Not-in-family
25739,Other-relative
25739,Own-child
25739,Unmarried
25739,Wife
46566,Not-in-family
46566,Unmarried
19476,Husband
19476,Other-relative
19476,Own-child
19476,Wife
11144,Husband
11144,Other-relative
11144,Own-child
11144,Wife
27042,Husband
27042,Other-relative
27042,Own-child
27042,Wife
14193,Husband
14193,Other-relative
14193,Own-child
14193,Wife
1549,Husband
1549,Not-in-family
1549,Other-relative
1549,Own-child
1549,Unmarried
1549,Wife
5914,Husband
5914,Not-in-family
5914,Other-relative
5914,Own-child
5914,Unmarried
5914,Wife
39658,Husband
39658,Not-in-family
39658,Other-relative
39658,Own-child
39658,Unmarried
39658,Wife
31535,Husband
31535,Other-relative
31535,Own-child
31535,Wife
47873,Husband
47873,Not-in-family
47873,Other-relative
47873,Own-child
47873,Unmarried
47873,Wife
19767,Husband
19767,Not-in-family
19767,Other-relative
19767,Own-child
19767,Unmarried
19767,Wife
8534,Husband
8534,Not-in-family
8534,Other-relative
8534,Own-child
8534,Unmarried
8534,Wife
43737,Husband
43737,Not-in-family
43737,Other-relative
43737,Own-child
43737,Unmarried
43737,Wife
5837,Not-in-family
5837,Unmarried
25181,Husband
25181,Other-relative
25181,Own-child
25181,Wife
20510,Husband
20510,Other-relative
20510,Own-child
20510,Wife
21141,Not-in-family
21141,Unmarried
28672,Husband
28672,Not-in-family
28672,Other-relative
28672,Own-child
28672,Unmarried
28672,Wife
1800,Husband
1800,Not-in-family
1800,Other-relative
1800,Own-child
1800,Unmarried
1800,Wife
48823,Husband
48823,Other-relative
48823,Own-child
48823,Wife
43676,Husband
43676,Other-relative
43676,Own-child
43676,Wife
35102,Husband
35102,Not-in-family
35102,Other-relative
35102,Own-child
35102,Unmarried
35102,Wife
16976,Husband
16976,Not-in-family
16976,Other-relative
16976,Own-child
16976,Unmarried
16976,Wife
21240,Husband
21240,Other-relative
21240,Own-child
21240,Wife
36320,Husband
36320,Other-relative
36320,Own-child
36320,Wife
27762,Husband
27762,Not-in-family
27762,Other-relative
27762,Own-child
27762,Unmarried
27762,Wife
27593,Not-in-family
27593,Unmarried
1601,Husband
1601,Not-in-family
1601,Other-relative
1601,Own-child
1601,Unmarried
1601,Wife
24466,Husband
24466,Not-in-family
24466,Other-relative
24466,Own-child
24466,Unmarried
24466,Wife
22652,Husband
22652,Other-relative
22652,Own-child
22652,Wife
22982,Husband
22982,Not-in-family
22982,Other-relative
22982,Own-child
22982,Unmarried
22982,Wife
37466,Husband
37466,Not-in-family
37466,Other-relative
37466,Own-child
37466,Unmarried
37466,Wife
38116,Husband
38116,Other-relative
38116,Own-child
38116,Wife
24452,Husband
24452,Not-in-family
24452,Other-relative
24452,Own-child
24452,Unmarried
24452,Wife
28494,Husband
28494,Not-in-family
28494,Other-relative
28494,Own-child
28494,Unmarried
28494,Wife
35199,Husband
35199,Other-relative
35199,Own-child
35199,Wife
40643,Not-in-family
40643,Unmarried
38710,Husband
38710,Other-relative
38710,Own-child
38710,Wife
9280,Husband
9280,Other-relative
9280,Own-child
9280,Wife
36921,Husband
36921,Other-relative
36921,Own-child
36921,Wife
38153,Husband
38153,Not-in-family
38153,Other-relative
38153,Own-child
38153,Unmarried
38153,Wife
35330,Husband
35330,Not-in-family
35330,Other-relative
35330,Own-child
35330,Unmarried
35330,Wife
13544,Husband
13544,Not-in-family
13544,Other-relative
13544,Own-child
13544,Unmarried
13544,Wife
44549,Husband
44549,Other-relative
44549,Own-child
44549,Wife
14703,Husband
14703,Not-in-family
14703,Other-relative
14703,Own-child
14703,Unmarried
14703,Wife
27483,Husband
27483,Not-in-family
27483,Other-relative
27483,Own-child
27483,Unmarried
27483,Wife
17645,Husband
17645,Not-in-family
17645,Other-relative
17645,Own-child
17645,Unmarried
17645,Wife
38240,Not-in-family
38240,Unmarried
2009,Husband
2009,Not-in-family
2009,Other-relative
2009,Own-child
2009,Unmarried
2009,Wife
40506,Husband
40506,Not-in-family
40506,Other-relative
40506,Own-child
40506,Unmarried
40506,Wife
11693,Husband
11693,Not-in-family
11693,Other-relative
11693,Own-child
11693,Unmarried
11693,Wife
1949,Husband
1949,Other-relative
1949,Own-child
1949,Wife
33489,Husband
33489,Other-relative
33489,Own-child
33489,Wife
20690,Husband
20690,Other-relative
20690,Own-child
20690,Wife
7519,Husband
7519,Not-in-family
7519,Other-relative
7519,Own-child
7519,Unmarried
7519,Wife
24092,Husband
24092,Other-relative
24092,Own-child
24092,Wife
869,Husband
869,Other-relative
869,Own-child
869,Wife
41470,Not-in-family
41470,Unmarried
25283,Husband
25283,Other-relative
25283,Own-child
25283,Wife
19411,Not-in-family
19411,Unmarried
47507,Not-in-family
47507,Unmarried
46982,Husband
46982,Not-in-family
46982,Other-relative
46982,Own-child
46982,Unmarried
46982,Wife
44180,Not-in-family
44180,Unmarried
40315,Husband
40315,Not-in-family
40315,Other-relative
40315,Own-child
40315,Unmarried
40315,Wife
320,Husband
320,Other-relative
320,Own-child
320,Wife
894,Husband
894,Other-relative
894,Own-child
894,Wife
2434,Not-in-family
2434,Unmarried
5640,Husband
5640,Other-relative
5640,Own-child
5640,Wife
37361,Husband
37361,Not-in-family
37361,Other-relative
37361,Own-child
37361,Unmarried
37361,Wife
22551,Husband
22551,Not-in-family
22551,Other-relative
22551,Own-child
22551,Unmarried
22551,Wife
6479,Husband
6479,Not-in-family
6479,Other-relative
6479,Own-child
6479,Unmarried
6479,Wife
1935,Husband
1935,Not-in-family
1935,Other-relative
1935,Own-child
1935,Unmarried
1935,Wife
6600,Husband
6600,Other-relative
6600,Own-child
6600,Wife
17002,Husband
17002,Not-in-family
17002,Other-relative
17002,Own-child
17002,Unmarried
17002,Wife
28341,Husband
28341,Not-in-family
28341,Other-relative
28341,Own-child
28341,Unmarried
28341,Wife
41792,Husband
41792,Not-in-family
41792,Other-relative
41792,Own-child
41792,Unmarried
41792,Wife
37125,Husband
37125,Not-in-family
37125,Other-relative
37125,Own-child
37125,Unmarried
37125,Wife
11220,Husband
11220,Not-in-family
11220,Other-relative
11220,Own-child
11220,Unmarried
11220,Wife
30733,Not-in-family
30733,Unmarried
45426,Husband
45426,Other-relative
45426,Own-child
45426,Wife
30429,Husband
30429,Not-in-family
30429,Other-relative
30429,Own-child
30429,Unmarried
30429,Wife
18368,Husband
18368,Not-in-family
18368,Other-relative
18368,Own-child
18368,Unmarried
18368,Wife
4630,Husband
4630,Other-relative
4630,Own-child
4630,Wife
4470,Husband
4470,Not-in-family
4470,Other-relative
4470,Own-child
4470,Unmarried
4470,Wife
24403,Husband
24403,Other-relative
24403,Own-child
24403,Wife
48677,Husband
48677,Other-relative
48677,Own-child
48677,Wife
6468,Husband
6468,Other-relative
6468,Own-child
6468,Wife
39659,Husband
39659,Other-relative
39659,Own-child
39659,Wife
11252,Husband
11252,Not-in-family
11252,Other-relative
11252,Own-child
11252,Unmarried
11252,Wife
40525,Husband
40525,Not-in-family
40525,Other-relative
40525,Own-child
40525,Unmarried
40525,Wife
44644,Not-in-family
44644,Unmarried
33970,Husband
33970,Other-relative
33970,Own-child
33970,Wife
1409,Husband
1409,Other-relative
1409,Own-child
1409,Wife
14903,Husband
14903,Not-in-family
14903,Other-relative
14903,Own-child
14903,Unmarried
14903,Wife
48434,Not-in-family
48434,Unmarried
38015,Husband
38015,Not-in-family
38015,Other-relative
38015,Own-child
38015,Unmarried
38015,Wife
34285,Husband
34285,Not-in-family
34285,Other-relative
34285,Own-child
34285,Unmarried
34285,Wife
42330,Husband
42330,Not-in-family
42330,Other-relative
42330,Own-child
42330,Unmarried
42330,Wife
21535,Husband
21535,Not-in-family
21535,Other-relative
21535,Own-child
21535,Unmarried
21535,Wife
36907,Husband
36907,Not-in-family
36907,Other-relative
36907,Own-child
36907,Unmarried
36907,Wife
10992,Not-in-family
10992,Unmarried
35397,Husband
35397,Not-in-family
35397,Other-relative
35397,Own-child
35397,Unmarried
35397,Wife
18137,Husband
18137,Not-in-family
18137,Other-relative
18137,Own-child
18137,Unmarried
18137,Wife
7212,Not-in-family
7212,Unmarried
14287,Husband
14287,Not-in-family
14287,Other-relative
14287,Own-child
14287,Unmarried
14287,Wife
36449,Husband
36449,Other-relative
36449,Own-child
36449,Wife
33273,Husband
33273,Other-relative
33273,Own-child
33273,Wife
27280,Husband
27280,Other-relative
27280,Own-child
27280,Wife
44181,Husband
44181,Other-relative
44181,Own-child
44181,Wife
32778,Husband
32778,Other-relative
32778,Own-child
32778,Wife
48220,Husband
48220,Not-in-family
48220,Other-relative
48220,Own-child
48220,Unmarried
48220,Wife
17799,Husband
17799,Other-relative
17799,Own-child
17799,Wife
6554,Husband
6554,Not-in-family
6554,Other-relative
6554,Own-child
6554,Unmarried
6554,Wife
45020,Not-in-family
45020,Unmarried
32283,Husband
32283,Not-in-family
32283,Other-relative
32283,Own-child
32283,Unmarried
32283,Wife
33467,Husband
33467,Not-in-family
33467,Other-relative
33467,Own-child
33467,Unmarried
33467,Wife
20760,Husband
20760,Not-in-family
20760,Other-relative
20760,Own-child
20760,Unmarried
20760,Wife
12013,Husband
12013,Other-relative
12013,Own-child
12013,Wife
14007,Husband
14007,Other-relative
14007,Own-child
14007,Wife
3252,Husband
3252,Not-in-family
3252,Other-relative
3252,Own-child
3252,Unmarried
3252,Wife
26873,Husband
26873,Not-in-family
26873,Other-relative
26873,Own-child
26873,Unmarried
26873,Wife
12207,Husband
12207,Not-in-family
12207,Other-relative
12207,Own-child
12207,Unmarried
12207,Wife
46120,Husband
46120,Other-relative
46120,Own-child
46120,Wife
9128,Husband
9128,Not-in-family
9128,Other-relative
9128,Own-child
9128,Unmarried
9128,Wife
11907,Not-in-family
11907,Unmarried
44039,Not-in-family
44039,Unmarried
23295,Not-in-family
23295,Unmarried
34214,Husband
34214,Not-in-family
34214,Other-relative
34214,Own-child
34214,Unmarried
34214,Wife
47908,Husband
47908,Other-relative
47908,Own-child
47908,Wife
31450,Husband
31450,Other-relative
31450,Own-child
31450,Wife
25765,Husband
25765,Other-relative
25765,Own-child
25765,Wife
26333,Husband
26333,Other-relative
26333,Own-child
26333,Wife
6979,Husband
6979,Other-relative
6979,Own-child
6979,Wife
30392,Husband
30392,Other-relative
30392,Own-child
30392,Wife
11041,Husband
11041,Not-in-family
11041,Other-relative
11041,Own-child
11041,Unmarried
11041,Wife
48310,Husband
48310,Other-relative
48310,Own-child
48310,Wife
13386,Husband
13386,Other-relative
13386,Own-child
13386,Wife
4809,Husband
4809,Other-relative
4809,Own-child
4809,Wife
45077,Husband
45077,Not-in-family
45077,Other-relative
45077,Own-child
45077,Unmarried
45077,Wife
1749,Not-in-family
1749,Unmarried
6154,Husband
6154,Not-in-family
6154,Other-relative
6154,Own-child
6154,Unmarried
6154,Wife
47823,Husband
47823,Not-in-family
47823,Other-relative
47823,Own-child
47823,Unmarried
47823,Wife
28658,Husband
28658,Not-in-family
28658,Other-relative
28658,Own-child
28658,Unmarried
28658,Wife
8846,Husband
8846,Not-in-family
8846,Other-relative
8846,Own-child
8846,Unmarried
8846,Wife
15166,Husband
15166,Other-relative
15166,Own-child
15166,Wife
42136,Not-in-family
42136,Unmarried
29723,Not-in-family
29723,Unmarried
15543,Husband
15543,Other-relative
15543,Own-child
15543,Wife
32770,Husband
32770,Other-relative
32770,Own-child
32770,Wife
275,Husband
275,Not-in-family
275,Other-relative
275,Own-child
275,Unmarried
275,Wife
40296,Husband
40296,Other-relative
40296,Own-child
40296,Wife
43686,Not-in-family
43686,Unmarried
19962,Husband
19962,Not-in-family
19962,Other-relative
19962,Own-child
19962,Unmarried
19962,Wife
35098,Husband
35098,Other-relative
35098,Own-child
35098,Wife
46315,Not-in-family
46315,Unmarried
15650,Husband
15650,Not-in-family
15650,Other-relative
15650,Own-child
15650,Unmarried
15650,Wife
36652,Husband
36652,Other-relative
36652,Own-child
36652,Wife
11635,Husband
11635,Not-in-family
11635,Other-relative
11635,Own-child
11635,Unmarried
11635,Wife
29441,Not-in-family
29441,Unmarried
10905,Husband
10905,Not-in-family
10905,Other-relative
10905,Own-child
10905,Unmarried
10905,Wife
12992,Husband
12992,Other-relative
12992,Own-child
12992,Wife
43311,Husband
43311,Other-relative
43311,Own-child
43311,Wife
5898,Husband
5898,Not-in-family
5898,Other-relative
5898,Own-child
5898,Unmarried
5898,Wife
10503,Not-in-family
10503,Unmarried
13662,Husband
13662,Not-in-family
13662,Other-relative
13662,Own-child
13662,Unmarried
13662,Wife
41849,Husband
41849,Not-in-family
41849,Other-relative
41849,Own-child
41849,Unmarried
41849,Wife
23872,Husband
23872,Other-relative
23872,Own-child
23872,Wife
26546,Not-in-family
26546,Unmarried
10716,Husband
10716,Not-in-family
10716,Other-relative
10716,Own-child
10716,Unmarried
10716,Wife
39726,Not-in-family
39726,Unmarried
6605,Husband
6605,Not-in-family
6605,Other-relative
6605,Own-child
6605,Unmarried
6605,Wife
41199,Husband
41199,Not-in-family
41199,Other-relative
41199,Own-child
41199,Unmarried
41199,Wife
6866,Husband
6866,Other-relative
6866,Own-child
6866,Wife
44919,Husband
44919,Other-relative
44919,Own-child
44919,Wife
41304,Not-in-family
41304,Unmarried
26433,Not-in-family
26433,Unmarried
9291,Not-in-family
9291,Unmarried
40370,Husband
40370,Not-in-family
40370,Other-relative
40370,Own-child
40370,Unmarried
40370,Wife
34161,Husband
34161,Other-relative
34161,Own-child
34161,Wife
17621,Husband
17621,Not-in-family
17621,Other-relative
17621,Own-child
17621,Unmarried
17621,Wife
4122,Husband
4122,Not-in-family
4122,Other-relative
4122,Own-child
4122,Unmarried
4122,Wife
2211,Husband
2211,Not-in-family
2211,Other-relative
2211,Own-child
2211,Unmarried
2211,Wife
34718,Husband
34718,Not-in-family
34718,Other-relative
34718,Own-child
34718,Unmarried
34718,Wife
13669,Husband
13669,Not-in-family
13669,Other-relative
13669,Own-child
13669,Unmarried
13669,Wife
9443,Husband
9443,Other-relative
9443,Own-child
9443,Wife
24793,Husband
24793,Not-in-family
24793,Other-relative
24793,Own-child
24793,Unmarried
24793,Wife
218,Husband
218,Other-relative
218,Own-child
218,Wife
42398,Husband
42398,Not-in-family
42398,Other-relative
42398,Own-child
42398,Unmarried
42398,Wife
17979,Not-in-family
17979,Unmarried
46890,Husband
46890,Not-in-family
46890,Other-relative
46890,Own-child
46890,Unmarried
46890,Wife
7006,Husband
7006,Other-relative
7006,Own-child
7006,Wife
19808,Husband
19808,Not-in-family
19808,Other-relative
19808,Own-child
19808,Unmarried
19808,Wife
9706,Not-in-family
9706,Unmarried
36073,Husband
36073,Other-relative
36073,Own-child
36073,Wife
14881,Not-in-family
14881,Unmarried
30913,Husband
30913,Not-in-family
30913,Other-relative
30913,Own-child
30913,Unmarried
30913,Wife
45569,Husband
45569,Not-in-family
45569,Other-relative
45569,Own-child
45569,Unmarried
45569,Wife
25825,Husband
25825,Not-in-family
25825,Other-relative
25825,Own-child
25825,Unmarried
25825,Wife
16971,Husband
16971,Other-relative
16971,Own-child
16971,Wife
31963,Husband
31963,Other-relative
31963,Own-child
31963,Wife
14755,Husband
14755,Other-relative
14755,Own-child
14755,Wife
2435,Husband
2435,Not-in-family
2435,Other-relative
2435,Own-child
2435,Unmarried
2435,Wife
45173,Husband
45173,Other-relative
45173,Own-child
45173,Wife
24147,Not-in-family
24147,Unmarried
4255,Husband
4255,Not-in-family
4255,Other-relative
4255,Own-child
4255,Unmarried
4255,Wife
10074,Husband
10074,Not-in-family
10074,Other-relative
10074,Own-child
10074,Unmarried
10074,Wife
18460,Not-in-family
18460,Unmarried
42084,Husband
42084,Other-relative
42084,Own-child
42084,Wife
14508,Husband
14508,Other-relative
14508,Own-child
14508,Wife
19660,Husband
19660,Not-in-family
19660,Other-relative
19660,Own-child
19660,Unmarried
19660,Wife
63,Husband
63,Not-in-family
63,Other-relative
63,Own-child
63,Unmarried
63,Wife
24814,Husband
24814,Other-relative
24814,Own-child
24814,Wife
42234,Husband
42234,Other-relative
42234,Own-child
42234,Wife
46801,Husband
46801,Not-in-family
46801,Other-relative
46801,Own-child
46801,Unmarried
46801,Wife
23914,Husband
23914,Not-in-family
23914,Other-relative
23914,Own-child
23914,Unmarried
23914,Wife
23571,Husband
23571,Other-relative
23571,Own-child
23571,Wife
12231,Husband
12231,Other-relative
12231,Own-child
12231,Wife
17504,Husband
17504,Not-in-family
17504,Other-relative
17504,Own-child
17504,Unmarried
17504,Wife
35950,Husband
35950,Not-in-family
35950,Other-relative
35950,Own-child
35950,Unmarried
35950,Wife
434,Husband
434,Other-relative
434,Own-child
434,Wife
40552,Husband
40552,Other-relative
40552,Own-child
40552,Wife
33697,Husband
33697,Not-in-family
33697,Other-relative
33697,Own-child
33697,Unmarried
33697,Wife
20540,Not-in-family
20540,Unmarried
22112,Not-in-family
22112,Unmarried
8146,Husband
8146,Other-relative
8146,Own-child
8146,Wife
25382,Husband
25382,Not-in-family
25382,Other-relative
25382,Own-child
25382,Unmarried
25382,Wife
17361,Not-in-family
17361,Unmarried
41259,Husband
41259,Not-in-family
41259,Other-relative
41259,Own-child
41259,Unmarried
41259,Wife
31948,Husband
31948,Not-in-family
31948,Other-relative
31948,Own-child
31948,Unmarried
31948,Wife
5770,Husband
5770,Other-relative
5770,Own-child
5770,Wife
23393,Husband
23393,Not-in-family
23393,Other-relative
23393,Own-child
23393,Unmarried
23393,Wife
3003,Husband
3003,Not-in-family
3003,Other-relative
3003,Own-child
3003,Unmarried
3003,Wife
16023,Not-in-family
16023,Unmarried
25212,Husband
25212,Not-in-family
25212,Other-relative
25212,Own-child
25212,Unmarried
25212,Wife
8238,Husband
8238,Not-in-family
8238,Other-relative
8238,Own-child
8238,Unmarried
8238,Wife
38692,Husband
38692,Not-in-family
38692,Other-relative
38692,Own-child
38692,Unmarried
38692,Wife
13824,Husband
13824,Other-relative
13824,Own-child
13824,Wife
32505,Husband
32505,Not-in-family
32505,Other-relative
32505,Own-child
32505,Unmarried
32505,Wife
17878,Not-in-family
17878,Unmarried
30610,Husband
30610,Other-relative
30610,Own-child
30610,Wife
5015,Husband
5015,Not-in-family
5015,Other-relative
5015,Own-child
5015,Unmarried
5015,Wife
27925,Husband
27925,Not-in-family
27925,Other-relative
27925,Own-child
27925,Unmarried
27925,Wife
23730,Not-in-family
23730,Unmarried
30795,Husband
30795,Not-in-family
30795,Other-relative
30795,Own-child
30795,Unmarried
30795,Wife
12359,Husband
12359,Not-in-family
12359,Other-relative
12359,Own-child
12359,Unmarried
12359,Wife
43821,Not-in-family
43821,Unmarried
30403,Husband
30403,Other-relative
30403,Own-child
30403,Wife
1567,Not-in-family
1567,Unmarried
43365,Husband
43365,Other-relative
43365,Own-child
43365,Wife
5848,Husband
5848,Not-in-family
5848,Other-relative
5848,Own-child
5848,Unmarried
5848,Wife
19973,Not-in-family
19973,Unmarried
39191,Husband
39191,Not-in-family
39191,Other-relative
39191,Own-child
39191,Unmarried
39191,Wife
28479,Husband
28479,Not-in-family
28479,Other-relative
28479,Own-child
28479,Unmarried
28479,Wife
7456,Husband
7456,Not-in-family
7456,Other-relative
7456,Own-child
7456,Unmarried
7456,Wife
2585,Husband
2585,Not-in-family
2585,Other-relative
2585,Own-child
2585,Unmarried
2585,Wife
40172,Husband
40172,Not-in-family
40172,Other-relative
40172,Own-child
40172,Unmarried
40172,Wife
6822,Husband
6822,Not-in-family
6822,Other-relative
6822,Own-child
6822,Unmarried
6822,Wife
446,Not-in-family
446,Unmarried
37594,Not-in-family
37594,Unmarried
45327,Husband
45327,Other-relative
45327,Own-child
45327,Wife
715,Husband
715,Not-in-family
715,Other-relative
715,Own-child
715,Unmarried
715,Wife
28202,Husband
28202,Other-relative
28202,Own-child
28202,Wife
21639,Husband
21639,Not-in-family
21639,Other-relative
21639,Own-child
21639,Unmarried
21639,Wife
4339,Husband
4339,Not-in-family
4339,Other-relative
4339,Own-child
4339,Unmarried
4339,Wife
10254,Husband
10254,Other-relative
10254,Own-child
10254,Wife
28189,Husband
28189,Not-in-family
28189,Other-relative
28189,Own-child
28189,Unmarried
28189,Wife
39377,Husband
39377,Other-relative
39377,Own-child
39377,Wife
9317,Husband
9317,Other-relative
9317,Own-child
9317,Wife
28423,Husband
28423,Other-relative
28423,Own-child
28423,Wife
11336,Husband
11336,Not-in-family
11336,Other-relative
11336,Own-child
11336,Unmarried
11336,Wife
2520,Husband
2520,Other-relative
2520,Own-child
2520,Wife
19686,Husband
19686,Not-in-family
19686,Other-relative
19686,Own-child
19686,Unmarried
19686,Wife
39968,Not-in-family
39968,Unmarried
26646,Husband
26646,Other-relative
26646,Own-child
26646,Wife
124,Husband
124,Not-in-family
124,Other-relative
124,Own-child
124,Unmarried
124,Wife
43575,Husband
43575,Not-in-family
43575,Other-relative
43575,Own-child
43575,Unmarried
43575,Wife
23987,Husband
23987,Not-in-family
23987,Other-relative
23987,Own-child
23987,Unmarried
23987,Wife
24786,Not-in-family
24786,Unmarried
9863,Husband
9863,Other-relative
9863,Own-child
9863,Wife
24328,Husband
24328,Other-relative
24328,Own-child
24328,Wife
22789,Husband
22789,Other-relative
22789,Own-child
22789,Wife
10312,Not-in-family
10312,Unmarried
32647,Husband
32647,Other-relative
32647,Own-child
32647,Wife
34028,Husband
34028,Not-in-family
34028,Other-relative
34028,Own-child
34028,Unmarried
34028,Wife
13836,Husband
13836,Other-relative
13836,Own-child
13836,Wife
31388,Husband
31388,Not-in-family
31388,Other-relative
31388,Own-child
31388,Unmarried
31388,Wife
40545,Husband
40545,Not-in-family
40545,Other-relative
40545,Own-child
40545,Unmarried
40545,Wife
31987,Not-in-family
31987,Unmarried
3068,Not-in-family
3068,Unmarried
34396,Husband
34396,Not-in-family
34396,Other-relative
34396,Own-child
34396,Unmarried
34396,Wife
39884,Husband
39884,Not-in-family
39884,Other-relative
39884,Own-child
39884,Unmarried
39884,Wife
23716,Husband
23716,Not-in-family
23716,Other-relative
23716,Own-child
23716,Unmarried
23716,Wife
43043,Husband
43043,Not-in-family
43043,Other-relative
43043,Own-child
43043,Unmarried
43043,Wife
37884,Husband
37884,Not-in-family
37884,Other-relative
37884,Own-child
37884,Unmarried
37884,Wife
14583,Not-in-family
14583,Unmarried
45987,Husband
45987,Not-in-family
45987,Other-relative
45987,Own-child
45987,Unmarried
45987,Wife
27883,Husband
27883,Other-relative
27883,Own-child
27883,Wife
42411,Husband
42411,Other-relative
42411,Own-child
42411,Wife
13359,Husband
13359,Other-relative
13359,Own-child
13359,Wife
27077,Husband
27077,Not-in-family
27077,Other-relative
27077,Own-child
27077,Unmarried
27077,Wife
9617,Not-in-family
9617,Unmarried
32030,Not-in-family
32030,Unmarried
3320,Husband
3320,Not-in-family
3320,Other-relative
3320,Own-child
3320,Unmarried
3320,Wife
40108,Not-in-family
40108,Unmarried
48757,Husband
48757,Other-relative
48757,Own-child
48757,Wife
8599,Husband
8599,Other-relative
8599,Own-child
8599,Wife
34236,Husband
34236,Not-in-family
34236,Other-relative
34236,Own-child
34236,Unmarried
34236,Wife
3298,Not-in-family
3298,Unmarried
22228,Husband
22228,Other-relative
22228,Own-child
22228,Wife
13650,Husband
13650,Not-in-family
13650,Other-relative
13650,Own-child
13650,Unmarried
13650,Wife
12517,Husband
12517,Not-in-family
12517,Other-relative
12517,Own-child
12517,Unmarried
12517,Wife
31351,Husband
31351,Not-in-family
31351,Other-relative
31351,Own-child
31351,Unmarried
31351,Wife
24215,Husband
24215,Not-in-family
24215,Other-relative
24215,Own-child
24215,Unmarried
24215,Wife
39638,Husband
39638,Not-in-family
39638,Other-relative
39638,Own-child
39638,Unmarried
39638,Wife
9295,Husband
9295,Not-in-family
9295,Other-relative
9295,Own-child
9295,Unmarried
9295,Wife
38760,Husband
38760,Other-relative
38760,Own-child
38760,Wife
21254,Husband
21254,Not-in-family
21254,Other-relative
21254,Own-child
21254,Unmarried
21254,Wife
841,Husband
841,Other-relative
841,Own-child
841,Wife
40622,Husband
40622,Other-relative
40622,Own-child
40622,Wife
349,Husband
349,Other-relative
349,Own-child
349,Wife
45000,Husband
45000,Other-relative
45000,Own-child
45000,Wife
44852,Husband
44852,Not-in-family
44852,Other-relative
44852,Own-child
44852,Unmarried
44852,Wife
46710,Husband
46710,Other-relative
46710,Own-child
46710,Wife
14919,Husband
14919,Not-in-family
14919,Other-relative
14919,Own-child
14919,Unmarried
14919,Wife
867,Husband
867,Other-relative
867,Own-child
867,Wife
41142,Husband
41142,Not-in-family
41142,Other-relative
41142,Own-child
41142,Unmarried
41142,Wife
1411,Husband
1411,Not-in-family
1411,Other-relative
1411,Own-child
1411,Unmarried
1411,Wife
34771,Not-in-family
34771,Unmarried
14893,Husband
14893,Other-relative
14893,Own-child
14893,Wife
43045,Husband
43045,Other-relative
43045,Own-child
43045,Wife
35447,Not-in-family
35447,Unmarried
25937,Husband
25937,Not-in-family
25937,Other-relative
25937,Own-child
25937,Unmarried
25937,Wife
34815,Husband
34815,Not-in-family
34815,Other-relative
34815,Own-child
34815,Unmarried
34815,Wife
4704,Husband
4704,Other-relative
4704,Own-child
4704,Wife
10441,Husband
10441,Not-in-family
10441,Other-relative
10441,Own-child
10441,Unmarried
10441,Wife
29623,Husband
29623,Not-in-family
29623,Other-relative
29623,Own-child
29623,Unmarried
29623,Wife
1979,Husband
1979,Not-in-family
1979,Other-relative
1979,Own-child
1979,Unmarried
1979,Wife
17801,Husband
17801,Not-in-family
17801,Other-relative
17801,Own-child
17801,Unmarried
17801,Wife
12244,Husband
12244,Not-in-family
12244,Other-relative
12244,Own-child
12244,Unmarried
12244,Wife
40437,Husband
40437,Not-in-family
40437,Other-relative
40437,Own-child
40437,Unmarried
40437,Wife
27799,Not-in-family
27799,Unmarried
1183,Husband
1183,Not-in-family
1183,Other-relative
1183,Own-child
1183,Unmarried
1183,Wife
7807,Husband
7807,Not-in-family
7807,Other-relative
7807,Own-child
7807,Unmarried
7807,Wife
5221,Husband
5221,Not-in-family
5221,Other-relative
5221,Own-child
5221,Unmarried
5221,Wife
17730,Husband
17730,Other-relative
17730,Own-child
17730,Wife
7202,Husband
7202,Other-relative
7202,Own-child
7202,Wife
45429,Husband
45429,Not-in-family
45429,Other-relative
45429,Own-child
45429,Unmarried
45429,Wife
43546,Husband
43546,Other-relative
43546,Own-child
43546,Wife
22760,Husband
22760,Other-relative
22760,Own-child
22760,Wife
22217,Husband
22217,Other-relative
22217,Own-child
22217,Wife
1002,Husband
1002,Other-relative
1002,Own-child
1002,Wife
26519,Husband
26519,Not-in-family
26519,Other-relative
26519,Own-child
26519,Unmarried
26519,Wife
1772,Husband
1772,Not-in-family
1772,Other-relative
1772,Own-child
1772,Unmarried
1772,Wife
48817,Husband
48817,Not-in-family
48817,Other-relative
48817,Own-child
48817,Unmarried
48817,Wife
4662,Husband
4662,Other-relative
4662,Own-child
4662,Wife
11418,Husband
11418,Not-in-family
11418,Other-relative
11418,Own-child
11418,Unmarried
11418,Wife
31141,Husband
31141,Not-in-family
31141,Other-relative
31141,Own-child
31141,Unmarried
31141,Wife
612,Husband
612,Other-relative
612,Own-child
612,Wife
26330,Husband
26330,Not-in-family
26330,Other-relative
26330,Own-child
26330,Unmarried
26330,Wife
35402,Husband
35402,Not-in-family
35402,Other-relative
35402,Own-child
35402,Unmarried
35402,Wife
32840,Husband
32840,Not-in-family
32840,Other-relative
32840,Own-child
32840,Unmarried
32840,Wife
9383,Husband
9383,Not-in-family
9383,Other-relative
9383,Own-child
9383,Unmarried
9383,Wife
31262,Not-in-family
31262,Unmarried
39998,Husband
39998,Other-relative
39998,Own-child
39998,Wife
46467,Husband
46467,Not-in-family
46467,Other-relative
46467,Own-child
46467,Unmarried
46467,Wife
32487,Husband
32487,Not-in-family
32487,Other-relative
32487,Own-child
32487,Unmarried
32487,Wife
24279,Husband
24279,Not-in-family
24279,Other-relative
24279,Own-child
24279,Unmarried
24279,Wife
36184,Husband
36184,Other-relative
36184,Own-child
36184,Wife
13494,Husband
13494,Not-in-family
13494,Other-relative
13494,Own-child
13494,Unmarried
13494,Wife
11185,Husband
11185,Other-relative
11185,Own-child
11185,Wife
27256,Husband
27256,Not-in-family
27256,Other-relative
27256,Own-child
27256,Unmarried
27256,Wife
14605,Husband
14605,Other-relative
14605,Own-child
14605,Wife
27973,Husband
27973,Other-relative
27973,Own-child
27973,Wife
35647,Husband
35647,Not-in-family
35647,Other-relative
35647,Own-child
35647,Unmarried
35647,Wife
20884,Husband
20884,Other-relative
20884,Own-child
20884,Wife
16724,Husband
16724,Not-in-family
16724,Other-relative
16724,Own-child
16724,Unmarried
16724,Wife
17861,Husband
17861,Not-in-family
17861,Other-relative
17861,Own-child
17861,Unmarried
17861,Wife
2217,Husband
2217,Other-relative
2217,Own-child
2217,Wife
26532,Not-in-family
26532,Unmarried
42956,Husband
42956,Not-in-family
42956,Other-relative
42956,Own-child
42956,Unmarried
42956,Wife
18417,Not-in-family
18417,Unmarried
10883,Husband
10883,Not-in-family
10883,Other-relative
10883,Own-child
10883,Unmarried
10883,Wife
7561,Husband
7561,Other-relative
7561,Own-child
7561,Wife
41178,Husband
41178,Not-in-family
41178,Other-relative
41178,Own-child
41178,Unmarried
41178,Wife
9932,Husband
9932,Not-in-family
9932,Other-relative
9932,Own-child
9932,Unmarried
9932,Wife
23488,Husband
23488,Other-relative
23488,Own-child
23488,Wife
24741,Husband
24741,Other-relative
24741,Own-child
24741,Wife
45859,Husband
45859,Not-in-family
45859,Other-relative
45859,Own-child
45859,Unmarried
45859,Wife
28682,Not-in-family
28682,Unmarried
12422,Husband
12422,Other-relative
12422,Own-child
12422,Wife
46190,Not-in-family
46190,Unmarried
8391,Husband
8391,Not-in-family
8391,Other-relative
8391,Own-child
8391,Unmarried
8391,Wife
40842,Husband
40842,Other-relative
40842,Own-child
40842,Wife
40238,Husband
40238,Not-in-family
40238,Other-relative
40238,Own-child
40238,Unmarried
40238,Wife
44759,Husband
44759,Other-relative
44759,Own-child
44759,Wife
45092,Not-in-family
45092,Unmarried
37610,Husband
37610,Other-relative
37610,Own-child
37610,Wife
38083,Husband
38083,Not-in-family
38083,Other-relative
38083,Own-child
38083,Unmarried
38083,Wife
16519,Husband
16519,Not-in-family
16519,Other-relative
16519,Own-child
16519,Unmarried
16519,Wife
8281,Not-in-family
8281,Unmarried
31732,Husband
31732,Other-relative
31732,Own-child
31732,Wife
41907,Not-in-family
41907,Unmarried
28130,Husband
28130,Other-relative
28130,Own-child
28130,Wife
40472,Husband
40472,Other-relative
40472,Own-child
40472,Wife
16841,Not-in-family
16841,Unmarried
21515,Not-in-family
21515,Unmarried
35280,Husband
35280,Not-in-family
35280,Other-relative
35280,Own-child
35280,Unmarried
35280,Wife
4741,Not-in-family
4741,Unmarried
23888,Not-in-family
23888,Unmarried
12593,Husband
12593,Not-in-family
12593,Other-relative
12593,Own-child
12593,Unmarried
12593,Wife
42094,Husband
42094,Not-in-family
42094,Other-relative
42094,Own-child
42094,Unmarried
42094,Wife
43825,Husband
43825,Other-relative
43825,Own-child
43825,Wife
8756,Husband
8756,Not-in-family
8756,Other-relative
8756,Own-child
8756,Unmarried
8756,Wife
27482,Husband
27482,Not-in-family
27482,Other-relative
27482,Own-child
27482,Unmarried
27482,Wife
4848,Husband
4848,Not-in-family
4848,Other-relative
4848,Own-child
4848,Unmarried
4848,Wife
7177,Not-in-family
7177,Unmarried
21294,Not-in-family
21294,Unmarried
32832,Husband
32832,Not-in-family
32832,Other-relative
32832,Own-child
32832,Unmarried
32832,Wife
38756,Husband
38756,Not-in-family
38756,Other-relative
38756,Own-child
38756,Unmarried
38756,Wife
3524,Husband
3524,Not-in-family
3524,Other-relative
3524,Own-child
3524,Unmarried
3524,Wife
32777,Not-in-family
32777,Unmarried
35060,Husband
35060,Not-in-family
35060,Other-relative
35060,Own-child
35060,Unmarried
35060,Wife
7652,Husband
7652,Other-relative
7652,Own-child
7652,Wife
2850,Husband
2850,Not-in-family
2850,Other-relative
2850,Own-child
2850,Unmarried
2850,Wife
3451,Husband
3451,Other-relative
3451,Own-child
3451,Wife
34994,Husband
34994,Not-in-family
34994,Other-relative
34994,Own-child
34994,Unmarried
34994,Wife
14501,Husband
14501,Not-in-family
14501,Other-relative
14501,Own-child
14501,Unmarried
14501,Wife
4065,Husband
4065,Not-in-family
4065,Other-relative
4065,Own-child
4065,Unmarried
4065,Wife
16880,Husband
16880,Not-in-family
16880,Other-relative
16880,Own-child
16880,Unmarried
16880,Wife
5999,Husband
5999,Not-in-family
5999,Other-relative
5999,Own-child
5999,Unmarried
5999,Wife
46596,Husband
46596,Other-relative
46596,Own-child
46596,Wife
30906,Husband
30906,Other-relative
30906,Own-child
30906,Wife
22834,Husband
22834,Not-in-family
22834,Other-relative
22834,Own-child
22834,Unmarried
22834,Wife
14769,Husband
14769,Not-in-family
14769,Other-relative
14769,Own-child
14769,Unmarried
14769,Wife
4314,Husband
4314,Not-in-family
4314,Other-relative
4314,Own-child
4314,Unmarried
4314,Wife
2790,Not-in-family
2790,Unmarried
46216,Husband
46216,Not-in-family
46216,Other-relative
46216,Own-child
46216,Unmarried
46216,Wife
9456,Husband
9456,Other-relative
9456,Own-child
9456,Wife
13766,Husband
13766,Other-relative
13766,Own-child
13766,Wife
24037,Husband
24037,Not-in-family
24037,Other-relative
24037,Own-child
24037,Unmarried
24037,Wife
46168,Not-in-family
46168,Unmarried
31400,Husband
31400,Not-in-family
31400,Other-relative
31400,Own-child
31400,Unmarried
31400,Wife
3391,Husband
3391,Other-relative
3391,Own-child
3391,Wife
43605,Husband
43605,Not-in-family
43605,Other-relative
43605,Own-child
43605,Unmarried
43605,Wife
11108,Husband
11108,Other-relative
11108,Own-child
11108,Wife
42898,Husband
42898,Not-in-family
42898,Other-relative
42898,Own-child
42898,Unmarried
42898,Wife
34358,Husband
34358,Not-in-family
34358,Other-relative
34358,Own-child
34358,Unmarried
34358,Wife
16168,Husband
16168,Not-in-family
16168,Other-relative
16168,Own-child
16168,Unmarried
16168,Wife
36395,Husband
36395,Not-in-family
36395,Other-relative
36395,Own-child
36395,Unmarried
36395,Wife
41840,Husband
41840,Other-relative
41840,Own-child
41840,Wife
47418,Husband
47418,Other-relative
47418,Own-child
47418,Wife
39148,Husband
39148,Other-relative
39148,Own-child
39148,Wife
9223,Husband
9223,Not-in-family
9223,Other-relative
9223,Own-child
9223,Unmarried
9223,Wife
34114,Husband
34114,Other-relative
34114,Own-child
34114,Wife
13555,Husband
13555,Other-relative
13555,Own-child
13555,Wife
25771,Husband
25771,Not-in-family
25771,Other-relative
25771,Own-child
25771,Unmarried
25771,Wife
41545,Not-in-family
41545,Unmarried
452,Husband
452,Not-in-family
452,Other-relative
452,Own-child
452,Unmarried
452,Wife
20190,Not-in-family
20190,Unmarried
27930,Not-in-family
27930,Unmarried
38696,Not-in-family
38696,Unmarried
47607,Husband
47607,Not-in-family
47607,Other-relative
47607,Own-child
47607,Unmarried
47607,Wife
42777,Not-in-family
42777,Unmarried
15390,Husband
15390,Not-in-family
15390,Other-relative
15390,Own-child
15390,Unmarried
15390,Wife
9134,Husband
9134,Not-in-family
9134,Other-relative
9134,Own-child
9134,Unmarried
9134,Wife
4976,Husband
4976,Other-relative
4976,Own-child
4976,Wife
26557,Husband
26557,Not-in-family
26557,Other-relative
26557,Own-child
26557,Unmarried
26557,Wife
3174,Husband
3174,Other-relative
3174,Own-child
3174,Wife
17851,Husband
17851,Other-relative
17851,Own-child
17851,Wife
29171,Husband
29171,Not-in-family
29171,Other-relative
29171,Own-child
29171,Unmarried
29171,Wife
2336,Husband
2336,Not-in-family
2336,Other-relative
2336,Own-child
2336,Unmarried
2336,Wife
45773,Husband
45773,Other-relative
45773,Own-child
45773,Wife
45309,Not-in-family
45309,Unmarried
8552,Husband
8552,Other-relative
8552,Own-child
8552,Wife
48378,Husband
48378,Not-in-family
48378,Other-relative
48378,Own-child
48378,Unmarried
48378,Wife
18525,Husband
18525,Not-in-family
18525,Other-relative
18525,Own-child
18525,Unmarried
18525,Wife
12807,Not-in-family
12807,Unmarried
34100,Husband
34100,Not-in-family
34100,Other-relative
34100,Own-child
34100,Unmarried
34100,Wife
21806,Husband
21806,Other-relative
21806,Own-child
21806,Wife
1300,Husband
1300,Not-in-family
1300,Other-relative
1300,Own-child
1300,Unmarried
1300,Wife
4243,Husband
4243,Not-in-family
4243,Other-relative
4243,Own-child
4243,Unmarried
4243,Wife
16865,Husband
16865,Not-in-family
16865,Other-relative
16865,Own-child
16865,Unmarried
16865,Wife
15200,Husband
15200,Not-in-family
15200,Other-relative
15200,Own-child
15200,Unmarried
15200,Wife
18360,Not-in-family
18360,Unmarried
18309,Husband
18309,Not-in-family
18309,Other-relative
18309,Own-child
18309,Unmarried
18309,Wife
9903,Husband
9903,Other-relative
9903,Own-child
9903,Wife
10140,Husband
10140,Not-in-family
10140,Other-relative
10140,Own-child
10140,Unmarried
10140,Wife
38879,Husband
38879,Not-in-family
38879,Other-relative
38879,Own-child
38879,Unmarried
38879,Wife
46727,Husband
46727,Not-in-family
46727,Other-relative
46727,Own-child
46727,Unmarried
46727,Wife
29093,Husband
29093,Other-relative
29093,Own-child
29093,Wife
19975,Husband
19975,Not-in-family
19975,Other-relative
19975,Own-child
19975,Unmarried
19975,Wife
34320,Husband
34320,Other-relative
34320,Own-child
34320,Wife
12595,Not-in-family
12595,Unmarried
22419,Husband
22419,Other-relative
22419,Own-child
22419,Wife
25133,Not-in-family
25133,Unmarried
25081,Husband
25081,Not-in-family
25081,Other-relative
25081,Own-child
25081,Unmarried
25081,Wife
18652,Husband
18652,Other-relative
18652,Own-child
18652,Wife
14789,Not-in-family
14789,Unmarried
27699,Not-in-family
27699,Unmarried
34926,Husband
34926,Not-in-family
34926,Other-relative
34926,Own-child
34926,Unmarried
34926,Wife
45866,Husband
45866,Other-relative
45866,Own-child
45866,Wife
28464,Not-in-family
28464,Unmarried
24626,Husband
24626,Not-in-family
24626,Other-relative
24626,Own-child
24626,Unmarried
24626,Wife
42493,Not-in-family
42493,Unmarried
2136,Not-in-family
2136,Unmarried
12228,Husband
12228,Not-in-family
12228,Other-relative
12228,Own-child
12228,Unmarried
12228,Wife
37723,Husband
37723,Not-in-family
37723,Other-relative
37723,Own-child
37723,Unmarried
37723,Wife
43049,Husband
43049,Not-in-family
43049,Other-relative
43049,Own-child
43049,Unmarried
43049,Wife
5629,Husband
5629,Other-relative
5629,Own-child
5629,Wife
16832,Husband
16832,Not-in-family
16832,Other-relative
16832,Own-child
16832,Unmarried
16832,Wife
37502,Husband
37502,Not-in-family
37502,Other-relative
37502,Own-child
37502,Unmarried
37502,Wife
44217,Husband
44217,Not-in-family
44217,Other-relative
44217,Own-child
44217,Unmarried
44217,Wife
3509,Husband
3509,Not-in-family
3509,Other-relative
3509,Own-child
3509,Unmarried
3509,Wife
10933,Not-in-family
10933,Unmarried
42851,Husband
42851,Other-relative
42851,Own-child
42851,Wife
25887,Husband
25887,Not-in-family
25887,Other-relative
25887,Own-child
25887,Unmarried
25887,Wife
4669,Husband
4669,Not-in-family
4669,Other-relative
4669,Own-child
4669,Unmarried
4669,Wife
38546,Husband
38546,Not-in-family
38546,Other-relative
38546,Own-child
38546,Unmarried
38546,Wife
43572,Husband
43572,Other-relative
43572,Own-child
43572,Wife
6356,Husband
6356,Not-in-family
6356,Other-relative
6356,Own-child
6356,Unmarried
6356,Wife
3507,Not-in-family
3507,Unmarried
28927,Husband
28927,Not-in-family
28927,Other-relative
28927,Own-child
28927,Unmarried
28927,Wife
40701,Husband
40701,Not-in-family
40701,Other-relative
40701,Own-child
40701,Unmarried
40701,Wife
38746,Husband
38746,Other-relative
38746,Own-child
38746,Wife
9064,Husband
9064,Not-in-family
9064,Other-relative
9064,Own-child
9064,Unmarried
9064,Wife
24140,Husband
24140,Other-relative
24140,Own-child
24140,Wife
4770,Husband
4770,Other-relative
4770,Own-child
4770,Wife
38647,Husband
38647,Not-in-family
38647,Other-relative
38647,Own-child
38647,Unmarried
38647,Wife
33359,Husband
33359,Not-in-family
33359,Other-relative
33359,Own-child
33359,Unmarried
33359,Wife
5568,Husband
5568,Not-in-family
5568,Other-relative
5568,Own-child
5568,Unmarried
5568,Wife
15061,Husband
15061,Other-relative
15061,Own-child
15061,Wife
1286,Husband
1286,Not-in-family
1286,Other-relative
1286,Own-child
1286,Unmarried
1286,Wife
19095,Not-in-family
19095,Unmarried
16256,Not-in-family
16256,Unmarried
17787,Husband
17787,Other-relative
17787,Own-child
17787,Wife
37461,Husband
37461,Not-in-family
37461,Other-relative
37461,Own-child
37461,Unmarried
37461,Wife
40357,Husband
40357,Not-in-family
40357,Other-relative
40357,Own-child
40357,Unmarried
40357,Wife
15123,Husband
15123,Other-relative
15123,Own-child
15123,Wife
27337,Husband
27337,Not-in-family
27337,Other-relative
27337,Own-child
27337,Unmarried
27337,Wife
47474,Husband
47474,Not-in-family
47474,Other-relative
47474,Own-child
47474,Unmarried
47474,Wife
6695,Husband
6695,Other-relative
6695,Own-child
6695,Wife
45138,Husband
45138,Not-in-family
45138,Other-relative
45138,Own-child
45138,Unmarried
45138,Wife
21580,Husband
21580,Not-in-family
21580,Other-relative
21580,Own-child
21580,Unmarried
21580,Wife
11769,Not-in-family
11769,Unmarried
24384,Husband
24384,Not-in-family
24384,Other-relative
24384,Own-child
24384,Unmarried
24384,Wife
34585,Husband
34585,Other-relative
34585,Own-child
34585,Wife
11272,Husband
11272,Other-relative
11272,Own-child
11272,Wife
41410,Husband
41410,Not-in-family
41410,Other-relative
41410,Own-child
41410,Unmarried
41410,Wife
5964,Not-in-family
5964,Unmarried
36929,Husband
36929,Not-in-family
36929,Other-relative
36929,Own-child
36929,Unmarried
36929,Wife
47236,Husband
47236,Not-in-family
47236,Other-relative
47236,Own-child
47236,Unmarried
47236,Wife
41014,Husband
41014,Not-in-family
41014,Other-relative
41014,Own-child
41014,Unmarried
41014,Wife
5728,Husband
5728,Other-relative
5728,Own-child
5728,Wife
6736,Husband
6736,Not-in-family
6736,Other-relative
6736,Own-child
6736,Unmarried
6736,Wife
25237,Not-in-family
25237,Unmarried
41910,Husband
41910,Not-in-family
41910,Other-relative
41910,Own-child
41910,Unmarried
41910,Wife
8452,Not-in-family
8452,Unmarried
13997,Husband
13997,Not-in-family
13997,Other-relative
13997,Own-child
13997,Unmarried
13997,Wife
18601,Husband
18601,Not-in-family
18601,Other-relative
18601,Own-child
18601,Unmarried
18601,Wife
8699,Husband
8699,Not-in-family
8699,Other-relative
8699,Own-child
8699,Unmarried
8699,Wife
31827,Husband
31827,Other-relative
31827,Own-child
31827,Wife
34740,Husband
34740,Not-in-family
34740,Other-relative
34740,Own-child
34740,Unmarried
34740,Wife
4182,Husband
4182,Not-in-family
4182,Other-relative
4182,Own-child
4182,Unmarried
4182,Wife
16747,Not-in-family
16747,Unmarried
37772,Husband
37772,Other-relative
37772,Own-child
37772,Wife
4977,Husband
4977,Not-in-family
4977,Other-relative
4977,Own-child
4977,Unmarried
4977,Wife
39467,Husband
39467,Other-relative
39467,Own-child
39467,Wife
11283,Husband
11283,Other-relative
11283,Own-child
11283,Wife
23078,Husband
23078,Other-relative
23078,Own-child
23078,Wife
23016,Husband
23016,Not-in-family
23016,Other-relative
23016,Own-child
23016,Unmarried
23016,Wife
6132,Husband
6132,Other-relative
6132,Own-child
6132,Wife
9190,Husband
9190,Not-in-family
9190,Other-relative
9190,Own-child
9190,Unmarried
9190,Wife
42487,Husband
42487,Other-relative
42487,Own-child
42487,Wife
36086,Husband
36086,Not-in-family
36086,Other-relative
36086,Own-child
36086,Unmarried
36086,Wife
7445,Husband
7445,Not-in-family
7445,Other-relative
7445,Own-child
7445,Unmarried
7445,Wife
13470,Husband
13470,Other-relative
13470,Own-child
13470,Wife
12525,Husband
12525,Other-relative
12525,Own-child
12525,Wife
19113,Husband
19113,Other-relative
19113,Own-child
19113,Wife
37750,Husband
37750,Other-relative
37750,Own-child
37750,Wife
20383,Not-in-family
20383,Unmarried
623,Husband
623,Not-in-family
623,Other-relative
623,Own-child
623,Unmarried
623,Wife
34327,Not-in-family
34327,Unmarried
20270,Husband
20270,Not-in-family
20270,Other-relative
20270,Own-child
20270,Unmarried
20270,Wife
34249,Husband
34249,Not-in-family
34249,Other-relative
34249,Own-child
34249,Unmarried
34249,Wife
31800,Husband
31800,Not-in-family
31800,Other-relative
31800,Own-child
31800,Unmarried
31800,Wife
14567,Not-in-family
14567,Unmarried
43755,Husband
43755,Not-in-family
43755,Other-relative
43755,Own-child
43755,Unmarried
43755,Wife
37468,Husband
37468,Not-in-family
37468,Other-relative
37468,Own-child
37468,Unmarried
37468,Wife
44042,Husband
44042,Other-relative
44042,Own-child
44042,Wife
39918,Husband
39918,Other-relative
39918,Own-child
39918,Wife
7845,Husband
7845,Not-in-family
7845,Other-relative
7845,Own-child
7845,Unmarried
7845,Wife
43849,Husband
43849,Other-relative
43849,Own-child
43849,Wife
34430,Husband
34430,Not-in-family
34430,Other-relative
34430,Own-child
34430,Unmarried
34430,Wife
1965,Husband
1965,Not-in-family
1965,Other-relative
1965,Own-child
1965,Unmarried
1965,Wife
31795,Husband
31795,Other-relative
31795,Own-child
31795,Wife
16574,Husband
16574,Not-in-family
16574,Other-relative
16574,Own-child
16574,Unmarried
16574,Wife
14305,Husband
14305,Other-relative
14305,Own-child
14305,Wife
17070,Husband
17070,Not-in-family
17070,Other-relative
17070,Own-child
17070,Unmarried
17070,Wife
20589,Husband
20589,Not-in-family
20589,Other-relative
20589,Own-child
20589,Unmarried
20589,Wife
1734,Not-in-family
1734,Unmarried
40468,Husband
40468,Other-relative
40468,Own-child
40468,Wife
39595,Husband
39595,Other-relative
39595,Own-child
39595,Wife
45980,Husband
45980,Not-in-family
45980,Other-relative
45980,Own-child
45980,Unmarried
45980,Wife
47286,Husband
47286,Not-in-family
47286,Other-relative
47286,Own-child
47286,Unmarried
47286,Wife
31294,Not-in-family
31294,Unmarried
13557,Husband
13557,Other-relative
13557,Own-child
13557,Wife
40200,Husband
40200,Not-in-family
40200,Other-relative
40200,Own-child
40200,Unmarried
40200,Wife
32007,Not-in-family
32007,Unmarried
39662,Not-in-family
39662,Unmarried
7500,Not-in-family
7500,Unmarried
9169,Husband
9169,Not-in-family
9169,Other-relative
9169,Own-child
9169,Unmarried
9169,Wife
32841,Husband
32841,Other-relative
32841,Own-child
32841,Wife
207,Not-in-family
207,Unmarried
19571,Husband
19571,Not-in-family
19571,Other-relative
19571,Own-child
19571,Unmarried
19571,Wife
21235,Husband
21235,Other-relative
21235,Own-child
21235,Wife
48468,Not-in-family
48468,Unmarried
12574,Husband
12574,Other-relative
12574,Own-child
12574,Wife
20840,Husband
20840,Other-relative
20840,Own-child
20840,Wife
18512,Not-in-family
18512,Unmarried
14235,Husband
14235,Not-in-family
14235,Other-relative
14235,Own-child
14235,Unmarried
14235,Wife
33785,Not-in-family
33785,Unmarried
28660,Husband
28660,Not-in-family
28660,Other-relative
28660,Own-child
28660,Unmarried
28660,Wife
23003,Husband
23003,Other-relative
23003,Own-child
23003,Wife
26,Husband
26,Other-relative
26,Own-child
26,Wife
14269,Not-in-family
14269,Unmarried
26760,Husband
26760,Other-relative
26760,Own-child
26760,Wife
19012,Husband
19012,Not-in-family
19012,Other-relative
19012,Own-child
19012,Unmarried
19012,Wife
48084,Husband
48084,Not-in-family
48084,Other-relative
48084,Own-child
48084,Unmarried
48084,Wife
10027,Husband
10027,Other-relative
10027,Own-child
10027,Wife
7760,Not-in-family
7760,Unmarried
44351,Husband
44351,Not-in-family
44351,Other-relative
44351,Own-child
44351,Unmarried
44351,Wife
39750,Husband
39750,Other-relative
39750,Own-child
39750,Wife
22580,Husband
22580,Other-relative
22580,Own-child
22580,Wife
520,Husband
520,Not-in-family
520,Other-relative
520,Own-child
520,Unmarried
520,Wife
18045,Husband
18045,Not-in-family
18045,Other-relative
18045,Own-child
18045,Unmarried
18045,Wife
38874,Not-in-family
38874,Unmarried
19069,Husband
19069,Not-in-family
19069,Other-relative
19069,Own-child
19069,Unmarried
19069,Wife
37677,Not-in-family
37677,Unmarried
25072,Husband
25072,Not-in-family
25072,Other-relative
25072,Own-child
25072,Unmarried
25072,Wife
10524,Not-in-family
10524,Unmarried
6617,Not-in-family
6617,Unmarried
32585,Husband
32585,Other-relative
32585,Own-child
32585,Wife
36506,Husband
36506,Not-in-family
36506,Other-relative
36506,Own-child
36506,Unmarried
36506,Wife
21180,Husband
21180,Not-in-family
21180,Other-relative
21180,Own-child
21180,Unmarried
21180,Wife
15032,Husband
15032,Not-in-family
15032,Other-relative
15032,Own-child
15032,Unmarried
15032,Wife
13528,Husband
13528,Not-in-family
13528,Other-relative
13528,Own-child
13528,Unmarried
13528,Wife
3468,Husband
3468,Not-in-family
3468,Other-relative
3468,Own-child
3468,Unmarried
3468,Wife
37151,Husband
37151,Not-in-family
37151,Other-relative
37151,Own-child
37151,Unmarried
37151,Wife
6004,Husband
6004,Not-in-family
6004,Other-relative
6004,Own-child
6004,Unmarried
6004,Wife
9335,Husband
9335,Other-relative
9335,Own-child
9335,Wife
32246,Husband
32246,Not-in-family
32246,Other-relative
32246,Own-child
32246,Unmarried
32246,Wife
37352,Husband
37352,Other-relative
37352,Own-child
37352,Wife
1640,Husband
1640,Other-relative
1640,Own-child
1640,Wife
12058,Not-in-family
12058,Unmarried
44355,Husband
44355,Not-in-family
44355,Other-relative
44355,Own-child
44355,Unmarried
44355,Wife
43697,Not-in-family
43697,Unmarried
5260,Husband
5260,Not-in-family
5260,Other-relative
5260,Own-child
5260,Unmarried
5260,Wife
24567,Husband
24567,Not-in-family
24567,Other-relative
24567,Own-child
24567,Unmarried
24567,Wife
14050,Husband
14050,Not-in-family
14050,Other-relative
14050,Own-child
14050,Unmarried
14050,Wife
47932,Husband
47932,Other-relative
47932,Own-child
47932,Wife
14614,Husband
14614,Other-relative
14614,Own-child
14614,Wife
4692,Husband
4692,Not-in-family
4692,Other-relative
4692,Own-child
4692,Unmarried
4692,Wife
43086,Husband
43086,Not-in-family
43086,Other-relative
43086,Own-child
43086,Unmarried
43086,Wife
8982,Husband
8982,Not-in-family
8982,Other-relative
8982,Own-child
8982,Unmarried
8982,Wife
6208,Husband
6208,Not-in-family
6208,Other-relative
6208,Own-child
6208,Unmarried
6208,Wife
38950,Husband
38950,Other-relative
38950,Own-child
38950,Wife
29038,Husband
29038,Other-relative
29038,Own-child
29038,Wife
46296,Husband
46296,Other-relative
46296,Own-child
46296,Wife
21931,Not-in-family
21931,Unmarried
46159,Husband
46159,Not-in-family
46159,Other-relative
46159,Own-child
46159,Unmarried
46159,Wife
8363,Husband
8363,Not-in-family
8363,Other-relative
8363,Own-child
8363,Unmarried
8363,Wife
15544,Husband
15544,Other-relative
15544,Own-child
15544,Wife
31461,Husband
31461,Other-relative
31461,Own-child
31461,Wife
18586,Husband
18586,Not-in-family
18586,Other-relative
18586,Own-child
18586,Unmarried
18586,Wife
25070,Not-in-family
25070,Unmarried
79,Husband
79,Other-relative
79,Own-child
79,Wife
24823,Husband
24823,Not-in-family
24823,Other-relative
24823,Own-child
24823,Unmarried
24823,Wife
5754,Husband
5754,Other-relative
5754,Own-child
5754,Wife
35829,Husband
35829,Not-in-family
35829,Other-relative
35829,Own-child
35829,Unmarried
35829,Wife
16129,Husband
16129,Not-in-family
16129,Other-relative
16129,Own-child
16129,Unmarried
16129,Wife
6859,Husband
6859,Other-relative
6859,Own-child
6859,Wife
34024,Not-in-family
34024,Unmarried
40248,Husband
40248,Not-in-family
40248,Other-relative
40248,Own-child
40248,Unmarried
40248,Wife
20881,Not-in-family
20881,Unmarried
36657,Husband
36657,Other-relative
36657,Own-child
36657,Wife
8951,Husband
8951,Not-in-family
8951,Other-relative
8951,Own-child
8951,Unmarried
8951,Wife
45968,Husband
45968,Other-relative
45968,Own-child
45968,Wife
37990,Husband
37990,Not-in-family
37990,Other-relative
37990,Own-child
37990,Unmarried
37990,Wife
6249,Husband
6249,Not-in-family
6249,Other-relative
6249,Own-child
6249,Unmarried
6249,Wife
18980,Husband
18980,Not-in-family
18980,Other-relative
18980,Own-child
18980,Unmarried
18980,Wife
29675,Husband
29675,Not-in-family
29675,Other-relative
29675,Own-child
29675,Unmarried
29675,Wife
36694,Husband
36694,Not-in-family
36694,Other-relative
36694,Own-child
36694,Unmarried
36694,Wife
4859,Husband
4859,Not-in-family
4859,Other-relative
4859,Own-child
4859,Unmarried
4859,Wife
6100,Husband
6100,Not-in-family
6100,Other-relative
6100,Own-child
6100,Unmarried
6100,Wife
12619,Husband
12619,Not-in-family
12619,Other-relative
12619,Own-child
12619,Unmarried
12619,Wife
65,Husband
65,Not-in-family
65,Other-relative
65,Own-child
65,Unmarried
65,Wife
48140,Husband
48140,Not-in-family
48140,Other-relative
48140,Own-child
48140,Unmarried
48140,Wife
18609,Husband
18609,Other-relative
18609,Own-child
18609,Wife
6752,Husband
6752,Other-relative
6752,Own-child
6752,Wife
43015,Husband
43015,Other-relative
43015,Own-child
43015,Wife
5371,Husband
5371,Not-in-family
5371,Other-relative
5371,Own-child
5371,Unmarried
5371,Wife
9954,Husband
9954,Other-relative
9954,Own-child
9954,Wife
48768,Husband
48768,Not-in-family
48768,Other-relative
48768,Own-child
48768,Unmarried
48768,Wife
10247,Husband
10247,Not-in-family
10247,Other-relative
10247,Own-child
10247,Unmarried
10247,Wife
5050,Husband
5050,Other-relative
5050,Own-child
5050,Wife
24907,Husband
24907,Not-in-family
24907,Other-relative
24907,Own-child
24907,Unmarried
24907,Wife
20945,Husband
20945,Other-relative
20945,Own-child
20945,Wife
18504,Husband
18504,Not-in-family
18504,Other-relative
18504,Own-child
18504,Unmarried
18504,Wife
22036,Not-in-family
22036,Unmarried
33089,Not-in-family
33089,Unmarried
46206,Not-in-family
46206,Unmarried
31109,Husband
31109,Not-in-family
31109,Other-relative
31109,Own-child
31109,Unmarried
31109,Wife
16609,Husband
16609,Not-in-family
16609,Other-relative
16609,Own-child
16609,Unmarried
16609,Wife
38840,Husband
38840,Other-relative
38840,Own-child
38840,Wife
12938,Husband
12938,Other-relative
12938,Own-child
12938,Wife
12061,Husband
12061,Other-relative
12061,Own-child
12061,Wife
24815,Husband
24815,Other-relative
24815,Own-child
24815,Wife
7039,Husband
7039,Not-in-family
7039,Other-relative
7039,Own-child
7039,Unmarried
7039,Wife
15480,Husband
15480,Not-in-family
15480,Other-relative
15480,Own-child
15480,Unmarried
15480,Wife
31059,Husband
31059,Other-relative
31059,Own-child
31059,Wife
19839,Husband
19839,Not-in-family
19839,Other-relative
19839,Own-child
19839,Unmarried
19839,Wife
20869,Husband
20869,Other-relative
20869,Own-child
20869,Wife
23313,Husband
23313,Not-in-family
23313,Other-relative
23313,Own-child
23313,Unmarried
23313,Wife
27273,Husband
27273,Other-relative
27273,Own-child
27273,Wife
41290,Husband
41290,Not-in-family
41290,Other-relative
41290,Own-child
41290,Unmarried
41290,Wife
2172,Husband
2172,Other-relative
2172,Own-child
2172,Wife
43921,Not-in-family
43921,Unmarried
30554,Not-in-family
30554,Unmarried
21791,Husband
21791,Not-in-family
21791,Other-relative
21791,Own-child
21791,Unmarried
21791,Wife
47475,Husband
47475,Not-in-family
47475,Other-relative
47475,Own-child
47475,Unmarried
47475,Wife
35026,Not-in-family
35026,Unmarried
19417,Husband
19417,Not-in-family
19417,Other-relative
19417,Own-child
19417,Unmarried
19417,Wife
20376,Not-in-family
20376,Unmarried
32014,Husband
32014,Other-relative
32014,Own-child
32014,Wife
46268,Husband
46268,Not-in-family
46268,Other-relative
46268,Own-child
46268,Unmarried
46268,Wife
28930,Not-in-family
28930,Unmarried
8044,Husband
8044,Not-in-family
8044,Other-relative
8044,Own-child
8044,Unmarried
8044,Wife
43883,Husband
43883,Not-in-family
43883,Other-relative
43883,Own-child
43883,Unmarried
43883,Wife
33062,Husband
33062,Other-relative
33062,Own-child
33062,Wife
1478,Husband
1478,Other-relative
1478,Own-child
1478,Wife
3549,Husband
3549,Not-in-family
3549,Other-relative
3549,Own-child
3549,Unmarried
3549,Wife
42065,Husband
42065,Other-relative
42065,Own-child
42065,Wife
4427,Not-in-family
4427,Unmarried
28889,Husband
28889,Other-relative
28889,Own-child
28889,Wife
42489,Husband
42489,Other-relative
42489,Own-child
42489,Wife
38219,Not-in-family
38219,Unmarried
25584,Husband
25584,Not-in-family
25584,Other-relative
25584,Own-child
25584,Unmarried
25584,Wife
45185,Not-in-family
45185,Unmarried
39626,Husband
39626,Not-in-family
39626,Other-relative
39626,Own-child
39626,Unmarried
39626,Wife
15159,Not-in-family
15159,Unmarried
48133,Husband
48133,Not-in-family
48133,Other-relative
48133,Own-child
48133,Unmarried
48133,Wife
48098,Husband
48098,Not-in-family
48098,Other-relative
48098,Own-child
48098,Unmarried
48098,Wife
22559,Husband
22559,Other-relative
22559,Own-child
22559,Wife
42359,Husband
42359,Not-in-family
42359,Other-relative
42359,Own-child
42359,Unmarried
42359,Wife
34658,Husband
34658,Not-in-family
34658,Other-relative
34658,Own-child
34658,Unmarried
34658,Wife
23378,Husband
23378,Other-relative
23378,Own-child
23378,Wife
25405,Not-in-family
25405,Unmarried
46471,Husband
46471,Other-relative
46471,Own-child
46471,Wife
19406,Husband
19406,Other-relative
19406,Own-child
19406,Wife
7005,Not-in-family
7005,Unmarried
10557,Husband
10557,Not-in-family
10557,Other-relative
10557,Own-child
10557,Unmarried
10557,Wife
13653,Husband
13653,Other-relative
13653,Own-child
13653,Wife
16754,Not-in-family
16754,Unmarried
33040,Not-in-family
33040,Unmarried
21467,Husband
21467,Not-in-family
21467,Other-relative
21467,Own-child
21467,Unmarried
21467,Wife
29157,Husband
29157,Other-relative
29157,Own-child
29157,Wife
1394,Not-in-family
1394,Unmarried
11603,Not-in-family
11603,Unmarried
8586,Husband
8586,Other-relative
8586,Own-child
8586,Wife
13228,Husband
13228,Not-in-family
13228,Other-relative
13228,Own-child
13228,Unmarried
13228,Wife
11852,Husband
11852,Other-relative
11852,Own-child
11852,Wife
15726,Husband
15726,Not-in-family
15726,Other-relative
15726,Own-child
15726,Unmarried
15726,Wife
25007,Husband
25007,Not-in-family
25007,Other-relative
25007,Own-child
25007,Unmarried
25007,Wife
31607,Husband
31607,Not-in-family
31607,Other-relative
31607,Own-child
31607,Unmarried
31607,Wife
21862,Husband
21862,Not-in-family
21862,Other-relative
21862,Own-child
21862,Unmarried
21862,Wife
32457,Husband
32457,Not-in-family
32457,Other-relative
32457,Own-child
32457,Unmarried
32457,Wife
44136,Husband
44136,Not-in-family
44136,Other-relative
44136,Own-child
44136,Unmarried
44136,Wife
13708,Husband
13708,Other-relative
13708,Own-child
13708,Wife
33103,Not-in-family
33103,Unmarried
15315,Husband
15315,Other-relative
15315,Own-child
15315,Wife
40317,Husband
40317,Not-in-family
40317,Other-relative
40317,Own-child
40317,Unmarried
40317,Wife
28664,Husband
28664,Not-in-family
28664,Other-relative
28664,Own-child
28664,Unmarried
28664,Wife
32787,Husband
32787,Other-relative
32787,Own-child
32787,Wife
45336,Husband
45336,Not-in-family
45336,Other-relative
45336,Own-child
45336,Unmarried
45336,Wife
40613,Husband
40613,Not-in-family
40613,Other-relative
40613,Own-child
40613,Unmarried
40613,Wife
41293,Not-in-family
41293,Unmarried
9563,Husband
9563,Not-in-family
9563,Other-relative
9563,Own-child
9563,Unmarried
9563,Wife
27159,Husband
27159,Not-in-family
27159,Other-relative
27159,Own-child
27159,Unmarried
27159,Wife
41854,Husband
41854,Other-relative
41854,Own-child
41854,Wife
18149,Husband
18149,Not-in-family
18149,Other-relative
18149,Own-child
18149,Unmarried
18149,Wife
23876,Husband
23876,Not-in-family
23876,Other-relative
23876,Own-child
23876,Unmarried
23876,Wife
20082,Not-in-family
20082,Unmarried
43111,Husband
43111,Not-in-family
43111,Other-relative
43111,Own-child
43111,Unmarried
43111,Wife
41440,Husband
41440,Other-relative
41440,Own-child
41440,Wife
35973,Not-in-family
35973,Unmarried
40006,Husband
40006,Not-in-family
40006,Other-relative
40006,Own-child
40006,Unmarried
40006,Wife
22975,Husband
22975,Other-relative
22975,Own-child
22975,Wife
36546,Husband
36546,Not-in-family
36546,Other-relative
36546,Own-child
36546,Unmarried
36546,Wife
14220,Husband
14220,Other-relative
14220,Own-child
14220,Wife
7002,Husband
7002,Other-relative
7002,Own-child
7002,Wife
10613,Husband
10613,Not-in-family
10613,Other-relative
10613,Own-child
10613,Unmarried
10613,Wife
3494,Not-in-family
3494,Unmarried
44653,Husband
44653,Other-relative
44653,Own-child
44653,Wife
43413,Not-in-family
43413,Unmarried
48706,Husband
48706,Not-in-family
48706,Other-relative
48706,Own-child
48706,Unmarried
48706,Wife
25918,Husband
25918,Not-in-family
25918,Other-relative
25918,Own-child
25918,Unmarried
25918,Wife
32026,Husband
32026,Not-in-family
32026,Other-relative
32026,Own-child
32026,Unmarried
32026,Wife
34652,Husband
34652,Not-in-family
34652,Other-relative
34652,Own-child
34652,Unmarried
34652,Wife
6404,Husband
6404,Other-relative
6404,Own-child
6404,Wife
22638,Husband
22638,Not-in-family
22638,Other-relative
22638,Own-child
22638,Unmarried
22638,Wife
31327,Husband
31327,Other-relative
31327,Own-child
31327,Wife
38613,Husband
38613,Not-in-family
38613,Other-relative
38613,Own-child
38613,Unmarried
38613,Wife
25779,Husband
25779,Not-in-family
25779,Other-relative
25779,Own-child
25779,Unmarried
25779,Wife
18862,Husband
18862,Not-in-family
18862,Other-relative
18862,Own-child
18862,Unmarried
18862,Wife
29382,Husband
29382,Other-relative
29382,Own-child
29382,Wife
32071,Not-in-family
32071,Unmarried
34113,Husband
34113,Not-in-family
34113,Other-relative
34113,Own-child
34113,Unmarried
34113,Wife
742,Not-in-family
742,Unmarried
21092,Husband
21092,Not-in-family
21092,Other-relative
21092,Own-child
21092,Unmarried
21092,Wife
37649,Husband
37649,Other-relative
37649,Own-child
37649,Wife
24979,Husband
24979,Not-in-family
24979,Other-relative
24979,Own-child
24979,Unmarried
24979,Wife
44320,Husband
44320,Not-in-family
44320,Other-relative
44320,Own-child
44320,Unmarried
44320,Wife
46864,Husband
46864,Not-in-family
46864,Other-relative
46864,Own-child
46864,Unmarried
46864,Wife
10057,Husband
10057,Other-relative
10057,Own-child
10057,Wife
23000,Husband
23000,Not-in-family
23000,Other-relative
23000,Own-child
23000,Unmarried
23000,Wife
45198,Husband
45198,Not-in-family
45198,Other-relative
45198,Own-child
45198,Unmarried
45198,Wife
157,Husband
157,Not-in-family
157,Other-relative
157,Own-child
157,Unmarried
157,Wife
5258,Husband
5258,Other-relative
5258,Own-child
5258,Wife
39480,Husband
39480,Not-in-family
39480,Other-relative
39480,Own-child
39480,Unmarried
39480,Wife
20943,Husband
20943,Not-in-family
20943,Other-relative
20943,Own-child
20943,Unmarried
20943,Wife
3686,Husband
3686,Not-in-family
3686,Other-relative
3686,Own-child
3686,Unmarried
3686,Wife
48504,Husband
48504,Other-relative
48504,Own-child
48504,Wife
14741,Husband
14741,Other-relative
14741,Own-child
14741,Wife
19742,Husband
19742,Not-in-family
19742,Other-relative
19742,Own-child
19742,Unmarried
19742,Wife
22739,Husband
22739,Other-relative
22739,Own-child
22739,Wife
44448,Husband
44448,Not-in-family
44448,Other-relative
44448,Own-child
44448,Unmarried
44448,Wife
5501,Husband
5501,Not-in-family
5501,Other-relative
5501,Own-child
5501,Unmarried
5501,Wife
7341,Husband
7341,Other-relative
7341,Own-child
7341,Wife
18000,Husband
18000,Not-in-family
18000,Other-relative
18000,Own-child
18000,Unmarried
18000,Wife
19703,Husband
19703,Not-in-family
19703,Other-relative
19703,Own-child
19703,Unmarried
19703,Wife
38762,Husband
38762,Not-in-family
38762,Other-relative
38762,Own-child
38762,Unmarried
38762,Wife
37334,Husband
37334,Not-in-family
37334,Other-relative
37334,Own-child
37334,Unmarried
37334,Wife
43527,Husband
43527,Not-in-family
43527,Other-relative
43527,Own-child
43527,Unmarried
43527,Wife
35738,Husband
35738,Other-relative
35738,Own-child
35738,Wife
1418,Husband
1418,Other-relative
1418,Own-child
1418,Wife
33952,Husband
33952,Not-in-family
33952,Other-relative
33952,Own-child
33952,Unmarried
33952,Wife
2100,Husband
2100,Not-in-family
2100,Other-relative
2100,Own-child
2100,Unmarried
2100,Wife
43655,Husband
43655,Not-in-family
43655,Other-relative
43655,Own-child
43655,Unmarried
43655,Wife
7572,Husband
7572,Other-relative
7572,Own-child
7572,Wife
11215,Husband
11215,Not-in-family
11215,Other-relative
11215,Own-child
11215,Unmarried
11215,Wife
12599,Husband
12599,Not-in-family
12599,Other-relative
12599,Own-child
12599,Unmarried
12599,Wife
33025,Husband
33025,Other-relative
33025,Own-child
33025,Wife
721,Husband
721,Other-relative
721,Own-child
721,Wife
32753,Not-in-family
32753,Unmarried
21849,Husband
21849,Other-relative
21849,Own-child
21849,Wife
18844,Husband
18844,Not-in-family
18844,Other-relative
18844,Own-child
18844,Unmarried
18844,Wife
9050,Husband
9050,Not-in-family
9050,Other-relative
9050,Own-child
9050,Unmarried
9050,Wife
33358,Husband
33358,Not-in-family
33358,Other-relative
33358,Own-child
33358,Unmarried
33358,Wife
45145,Husband
45145,Not-in-family
45145,Other-relative
45145,Own-child
45145,Unmarried
45145,Wife
47356,Husband
47356,Not-in-family
47356,Other-relative
47356,Own-child
47356,Unmarried
47356,Wife
40838,Husband
40838,Other-relative
40838,Own-child
40838,Wife
2154,Husband
2154,Not-in-family
2154,Other-relative
2154,Own-child
2154,Unmarried
2154,Wife
10138,Not-in-family
10138,Unmarried
27239,Husband
27239,Other-relative
27239,Own-child
27239,Wife
16010,Husband
16010,Not-in-family
16010,Other-relative
16010,Own-child
16010,Unmarried
16010,Wife
25567,Not-in-family
25567,Unmarried
9146,Husband
9146,Not-in-family
9146,Other-relative
9146,Own-child
9146,Unmarried
9146,Wife
14685,Husband
14685,Not-in-family
14685,Other-relative
14685,Own-child
14685,Unmarried
14685,Wife
8598,Husband
8598,Other-relative
8598,Own-child
8598,Wife
12307,Not-in-family
12307,Unmarried
3638,Husband
3638,Not-in-family
3638,Other-relative
3638,Own-child
3638,Unmarried
3638,Wife
30310,Husband
30310,Not-in-family
30310,Other-relative
30310,Own-child
30310,Unmarried
30310,Wife
41871,Husband
41871,Not-in-family
41871,Other-relative
41871,Own-child
41871,Unmarried
41871,Wife
12057,Husband
12057,Not-in-family
12057,Other-relative
12057,Own-child
12057,Unmarried
12057,Wife
3425,Husband
3425,Other-relative
3425,Own-child
3425,Wife
41839,Husband
41839,Not-in-family
41839,Other-relative
41839,Own-child
41839,Unmarried
41839,Wife
43158,Not-in-family
43158,Unmarried
8,Husband
8,Not-in-family
8,Other-relative
8,Own-child
8,Unmarried
8,Wife
21327,Husband
21327,Not-in-family
21327,Other-relative
21327,Own-child
21327,Unmarried
21327,Wife
21481,Husband
21481,Other-relative
21481,Own-child
21481,Wife
7386,Husband
7386,Not-in-family
7386,Other-relative
7386,Own-child
7386,Unmarried
7386,Wife
1701,Husband
1701,Not-in-family
1701,Other-relative
1701,Own-child
1701,Unmarried
1701,Wife
21296,Not-in-family
21296,Unmarried
5117,Husband
5117,Not-in-family
5117,Other-relative
5117,Own-child
5117,Unmarried
5117,Wife
16066,Husband
16066,Not-in-family
16066,Other-relative
16066,Own-child
16066,Unmarried
16066,Wife
6263,Husband
6263,Not-in-family
6263,Other-relative
6263,Own-child
6263,Unmarried
6263,Wife
29086,Husband
29086,Other-relative
29086,Own-child
29086,Wife
48275,Husband
48275,Not-in-family
48275,Other-relative
48275,Own-child
48275,Unmarried
48275,Wife
40058,Husband
40058,Not-in-family
40058,Other-relative
40058,Own-child
40058,Unmarried
40058,Wife
12215,Husband
12215,Other-relative
12215,Own-child
12215,Wife
44437,Husband
44437,Other-relative
44437,Own-child
44437,Wife
30647,Husband
30647,Not-in-family
30647,Other-relative
30647,Own-child
30647,Unmarried
30647,Wife
29106,Husband
29106,Not-in-family
29106,Other-relative
29106,Own-child
29106,Unmarried
29106,Wife
36487,Husband
36487,Other-relative
36487,Own-child
36487,Wife
31496,Husband
31496,Other-relative
31496,Own-child
31496,Wife
10113,Husband
10113,Other-relative
10113,Own-child
10113,Wife
24416,Husband
24416,Not-in-family
24416,Other-relative
24416,Own-child
24416,Unmarried
24416,Wife
44733,Husband
44733,Not-in-family
44733,Other-relative
44733,Own-child
44733,Unmarried
44733,Wife
41648,Husband
41648,Not-in-family
41648,Other-relative
41648,Own-child
41648,Unmarried
41648,Wife
36198,Not-in-family
36198,Unmarried
18882,Husband
18882,Other-relative
18882,Own-child
18882,Wife
2699,Husband
2699,Not-in-family
2699,Other-relative
2699,Own-child
2699,Unmarried
2699,Wife
34895,Husband
34895,Not-in-family
34895,Other-relative
34895,Own-child
34895,Unmarried
34895,Wife
41783,Husband
41783,Not-in-family
41783,Other-relative
41783,Own-child
41783,Unmarried
41783,Wife
24484,Husband
24484,Not-in-family
24484,Other-relative
24484,Own-child
24484,Unmarried
24484,Wife
11075,Husband
11075,Other-relative
11075,Own-child
11075,Wife
37544,Husband
37544,Not-in-family
37544,Other-relative
37544,Own-child
37544,Unmarried
37544,Wife
38369,Not-in-family
38369,Unmarried
7936,Husband
7936,Other-relative
7936,Own-child
7936,Wife
28619,Not-in-family
28619,Unmarried
26264,Husband
26264,Not-in-family
26264,Other-relative
26264,Own-child
26264,Unmarried
26264,Wife
24560,Not-in-family
24560,Unmarried
46711,Husband
46711,Not-in-family
46711,Other-relative
46711,Own-child
46711,Unmarried
46711,Wife
47138,Not-in-family
47138,Unmarried
0,Not-in-family
0,Unmarried
8480,Husband
8480,Not-in-family
8480,Other-relative
8480,Own-child
8480,Unmarried
8480,Wife
32188,Not-in-family
32188,Unmarried
23445,Husband
23445,Not-in-family
23445,Other-relative
23445,Own-child
23445,Unmarried
23445,Wife
26543,Husband
26543,Not-in-family
26543,Other-relative
26543,Own-child
26543,Unmarried
26543,Wife
22420,Husband
22420,Not-in-family
22420,Other-relative
22420,Own-child
22420,Unmarried
22420,Wife
12345,Husband
12345,Not-in-family
12345,Other-relative
12345,Own-child
12345,Unmarried
12345,Wife
31285,Not-in-family
31285,Unmarried
20125,Not-in-family
20125,Unmarried
46656,Husband
46656,Not-in-family
46656,Other-relative
46656,Own-child
46656,Unmarried
46656,Wife
30496,Husband
30496,Other-relative
30496,Own-child
30496,Wife
44069,Husband
44069,Other-relative
44069,Own-child
44069,Wife
6779,Not-in-family
6779,Unmarried
18913,Husband
18913,Other-relative
18913,Own-child
18913,Wife
4911,Husband
4911,Not-in-family
4911,Other-relative
4911,Own-child
4911,Unmarried
4911,Wife
8121,Husband
8121,Not-in-family
8121,Other-relative
8121,Own-child
8121,Unmarried
8121,Wife
24737,Husband
24737,Not-in-family
24737,Other-relative
24737,Own-child
24737,Unmarried
24737,Wife
28416,Husband
28416,Not-in-family
28416,Other-relative
28416,Own-child
28416,Unmarried
28416,Wife
24181,Not-in-family
24181,Unmarried
29941,Husband
29941,Not-in-family
29941,Other-relative
29941,Own-child
29941,Unmarried
29941,Wife
20989,Husband
20989,Other-relative
20989,Own-child
20989,Wife
47002,Husband
47002,Not-in-family
47002,Other-relative
47002,Own-child
47002,Unmarried
47002,Wife
25306,Husband
25306,Not-in-family
25306,Other-relative
25306,Own-child
25306,Unmarried
25306,Wife
45821,Husband
45821,Not-in-family
45821,Other-relative
45821,Own-child
45821,Unmarried
45821,Wife
13039,Husband
13039,Other-relative
13039,Own-child
13039,Wife
36985,Husband
36985,Not-in-family
36985,Other-relative
36985,Own-child
36985,Unmarried
36985,Wife
40918,Husband
40918,Not-in-family
40918,Other-relative
40918,Own-child
40918,Unmarried
40918,Wife
19179,Husband
19179,Not-in-family
19179,Other-relative
19179,Own-child
19179,Unmarried
19179,Wife
33262,Husband
33262,Other-relative
33262,Own-child
33262,Wife
47461,Husband
47461,Not-in-family
47461,Other-relative
47461,Own-child
47461,Unmarried
47461,Wife
1631,Not-in-family
1631,Unmarried
12125,Husband
12125,Other-relative
12125,Own-child
12125,Wife
23664,Husband
23664,Other-relative
23664,Own-child
23664,Wife
10666,Husband
10666,Not-in-family
10666,Other-relative
10666,Own-child
10666,Unmarried
10666,Wife
26367,Not-in-family
26367,Unmarried
25953,Husband
25953,Other-relative
25953,Own-child
25953,Wife
31934,Husband
31934,Not-in-family
31934,Other-relative
31934,Own-child
31934,Unmarried
31934,Wife
46370,Husband
46370,Other-relative
46370,Own-child
46370,Wife
29163,Not-in-family
29163,Unmarried
131,Husband
131,Not-in-family
131,Other-relative
131,Own-child
131,Unmarried
131,Wife
14311,Husband
14311,Not-in-family
14311,Other-relative
14311,Own-child
14311,Unmarried
14311,Wife
15929,Husband
15929,Not-in-family
15929,Other-relative
15929,Own-child
15929,Unmarried
15929,Wife
40421,Husband
40421,Not-in-family
40421,Other-relative
40421,Own-child
40421,Unmarried
40421,Wife
45582,Not-in-family
45582,Unmarried
23495,Husband
23495,Other-relative
23495,Own-child
23495,Wife
437,Not-in-family
437,Unmarried
8234,Husband
8234,Other-relative
8234,Own-child
8234,Wife
35315,Husband
35315,Not-in-family
35315,Other-relative
35315,Own-child
35315,Unmarried
35315,Wife
40833,Husband
40833,Other-relative
40833,Own-child
40833,Wife
42143,Husband
42143,Not-in-family
42143,Other-relative
42143,Own-child
42143,Unmarried
42143,Wife
5135,Not-in-family
5135,Unmarried
18790,Husband
18790,Not-in-family
18790,Other-relative
18790,Own-child
18790,Unmarried
18790,Wife
48351,Husband
48351,Not-in-family
48351,Other-relative
48351,Own-child
48351,Unmarried
48351,Wife
43467,Husband
43467,Not-in-family
43467,Other-relative
43467,Own-child
43467,Unmarried
43467,Wife
38463,Not-in-family
38463,Unmarried
23017,Husband
23017,Other-relative
23017,Own-child
23017,Wife
31125,Husband
31125,Not-in-family
31125,Other-relative
31125,Own-child
31125,Unmarried
31125,Wife
16849,Husband
16849,Not-in-family
16849,Other-relative
16849,Own-child
16849,Unmarried
16849,Wife
2579,Husband
2579,Other-relative
2579,Own-child
2579,Wife
42882,Husband
42882,Not-in-family
42882,Other-relative
42882,Own-child
42882,Unmarried
42882,Wife
27413,Husband
27413,Other-relative
27413,Own-child
27413,Wife
3031,Not-in-family
3031,Unmarried
42478,Husband
42478,Not-in-family
42478,Other-relative
42478,Own-child
42478,Unmarried
42478,Wife
26811,Not-in-family
26811,Unmarried
45281,Husband
45281,Other-relative
45281,Own-child
45281,Wife
31071,Not-in-family
31071,Unmarried
11506,Husband
11506,Other-relative
11506,Own-child
11506,Wife
42165,Husband
42165,Other-relative
42165,Own-child
42165,Wife
27536,Husband
27536,Not-in-family
27536,Other-relative
27536,Own-child
27536,Unmarried
27536,Wife
18778,Husband
18778,Not-in-family
18778,Other-relative
18778,Own-child
18778,Unmarried
18778,Wife
43098,Husband
43098,Other-relative
43098,Own-child
43098,Wife
31776,Not-in-family
31776,Unmarried
29195,Husband
29195,Not-in-family
29195,Other-relative
29195,Own-child
29195,Unmarried
29195,Wife
34086,Husband
34086,Other-relative
34086,Own-child
34086,Wife
42254,Not-in-family
42254,Unmarried
15007,Not-in-family
15007,Unmarried
41206,Husband
41206,Not-in-family
41206,Other-relative
41206,Own-child
41206,Unmarried
41206,Wife
37635,Husband
37635,Not-in-family
37635,Other-relative
37635,Own-child
37635,Unmarried
37635,Wife
12427,Not-in-family
12427,Unmarried
11015,Husband
11015,Other-relative
11015,Own-child
11015,Wife
37700,Husband
37700,Other-relative
37700,Own-child
37700,Wife
10401,Husband
10401,Not-in-family
10401,Other-relative
10401,Own-child
10401,Unmarried
10401,Wife
4138,Husband
4138,Not-in-family
4138,Other-relative
4138,Own-child
4138,Unmarried
4138,Wife
23187,Husband
23187,Not-in-family
23187,Other-relative
23187,Own-child
23187,Unmarried
23187,Wife
41203,Husband
41203,Not-in-family
41203,Other-relative
41203,Own-child
41203,Unmarried
41203,Wife
20113,Not-in-family
20113,Unmarried
11377,Husband
11377,Not-in-family
11377,Other-relative
11377,Own-child
11377,Unmarried
11377,Wife
4783,Husband
4783,Other-relative
4783,Own-child
4783,Wife
14557,Husband
14557,Not-in-family
14557,Other-relative
14557,Own-child
14557,Unmarried
14557,Wife
16175,Husband
16175,Not-in-family
16175,Other-relative
16175,Own-child
16175,Unmarried
16175,Wife
47385,Not-in-family
47385,Unmarried
45831,Husband
45831,Not-in-family
45831,Other-relative
45831,Own-child
45831,Unmarried
45831,Wife
33751,Husband
33751,Not-in-family
33751,Other-relative
33751,Own-child
33751,Unmarried
33751,Wife
2315,Husband
2315,Not-in-family
2315,Other-relative
2315,Own-child
2315,Unmarried
2315,Wife
282,Husband
282,Not-in-family
282,Other-relative
282,Own-child
282,Unmarried
282,Wife
45654,Husband
45654,Not-in-family
45654,Other-relative
45654,Own-child
45654,Unmarried
45654,Wife
41953,Husband
41953,Other-relative
41953,Own-child
41953,Wife
21992,Husband
21992,Other-relative
21992,Own-child
21992,Wife
38825,Husband
38825,Not-in-family
38825,Other-relative
38825,Own-child
38825,Unmarried
38825,Wife
36144,Husband
36144,Other-relative
36144,Own-child
36144,Wife
6962,Husband
6962,Not-in-family
6962,Other-relative
6962,Own-child
6962,Unmarried
6962,Wife
11921,Husband
11921,Other-relative
11921,Own-child
11921,Wife
14353,Husband
14353,Not-in-family
14353,Other-relative
14353,Own-child
14353,Unmarried
14353,Wife
64,Not-in-family
64,Unmarried
22594,Husband
22594,Not-in-family
22594,Other-relative
22594,Own-child
22594,Unmarried
22594,Wife
32844,Husband
32844,Not-in-family
32844,Other-relative
32844,Own-child
32844,Unmarried
32844,Wife
38186,Husband
38186,Not-in-family
38186,Other-relative
38186,Own-child
38186,Unmarried
38186,Wife
46979,Not-in-family
46979,Unmarried
19412,Not-in-family
19412,Unmarried
45794,Husband
45794,Other-relative
45794,Own-child
45794,Wife
33770,Husband
33770,Other-relative
33770,Own-child
33770,Wife
29852,Husband
29852,Other-relative
29852,Own-child
29852,Wife
28052,Husband
28052,Not-in-family
28052,Other-relative
28052,Own-child
28052,Unmarried
28052,Wife
38841,Husband
38841,Not-in-family
38841,Other-relative
38841,Own-child
38841,Unmarried
38841,Wife
33161,Husband
33161,Other-relative
33161,Own-child
33161,Wife
26748,Husband
26748,Other-relative
26748,Own-child
26748,Wife
21956,Husband
21956,Other-relative
21956,Own-child
21956,Wife
42252,Husband
42252,Not-in-family
42252,Other-relative
42252,Own-child
42252,Unmarried
42252,Wife
47048,Husband
47048,Not-in-family
47048,Other-relative
47048,Own-child
47048,Unmarried
47048,Wife
4546,Husband
4546,Not-in-family
4546,Other-relative
4546,Own-child
4546,Unmarried
4546,Wife
29521,Husband
29521,Other-relative
29521,Own-child
29521,Wife
4365,Husband
4365,Not-in-family
4365,Other-relative
4365,Own-child
4365,Unmarried
4365,Wife
10902,Husband
10902,Not-in-family
10902,Other-relative
10902,Own-child
10902,Unmarried
10902,Wife
35373,Husband
35373,Other-relative
35373,Own-child
35373,Wife
9573,Husband
9573,Not-in-family
9573,Other-relative
9573,Own-child
9573,Unmarried
9573,Wife
12719,Husband
12719,Other-relative
12719,Own-child
12719,Wife
30644,Husband
30644,Not-in-family
30644,Other-relative
30644,Own-child
30644,Unmarried
30644,Wife
47556,Not-in-family
47556,Unmarried
36387,Not-in-family
36387,Unmarried
47933,Husband
47933,Not-in-family
47933,Other-relative
47933,Own-child
47933,Unmarried
47933,Wife
13189,Husband
13189,Not-in-family
13189,Other-relative
13189,Own-child
13189,Unmarried
13189,Wife
19312,Not-in-family
19312,Unmarried
12797,Husband
12797,Not-in-family
12797,Other-relative
12797,Own-child
12797,Unmarried
12797,Wife
11237,Husband
11237,Other-relative
11237,Own-child
11237,Wife
16737,Husband
16737,Other-relative
16737,Own-child
16737,Wife
15513,Husband
15513,Not-in-family
15513,Other-relative
15513,Own-child
15513,Unmarried
15513,Wife
29319,Not-in-family
29319,Unmarried
37058,Not-in-family
37058,Unmarried
17953,Husband
17953,Other-relative
17953,Own-child
17953,Wife
17280,Husband
17280,Not-in-family
17280,Other-relative
17280,Own-child
17280,Unmarried
17280,Wife
33096,Husband
33096,Not-in-family
33096,Other-relative
33096,Own-child
33096,Unmarried
33096,Wife
17052,Not-in-family
17052,Unmarried
41088,Husband
41088,Other-relative
41088,Own-child
41088,Wife
44858,Not-in-family
44858,Unmarried
7915,Husband
7915,Not-in-family
7915,Other-relative
7915,Own-child
7915,Unmarried
7915,Wife
25968,Not-in-family
25968,Unmarried
10490,Husband
10490,Other-relative
10490,Own-child
10490,Wife
16112,Husband
16112,Not-in-family
16112,Other-relative
16112,Own-child
16112,Unmarried
16112,Wife
5826,Not-in-family
5826,Unmarried
43445,Not-in-family
43445,Unmarried
13142,Husband
13142,Other-relative
13142,Own-child
13142,Wife
20571,Husband
20571,Other-relative
20571,Own-child
20571,Wife
644,Husband
644,Not-in-family
644,Other-relative
644,Own-child
644,Unmarried
644,Wife
3844,Husband
3844,Not-in-family
3844,Other-relative
3844,Own-child
3844,Unmarried
3844,Wife
32696,Not-in-family
32696,Unmarried
35011,Husband
35011,Other-relative
35011,Own-child
35011,Wife
18593,Husband
18593,Not-in-family
18593,Other-relative
18593,Own-child
18593,Unmarried
18593,Wife
1594,Husband
1594,Not-in-family
1594,Other-relative
1594,Own-child
1594,Unmarried
1594,Wife
40442,Husband
40442,Other-relative
40442,Own-child
40442,Wife
35827,Husband
35827,Other-relative
35827,Own-child
35827,Wife
7731,Husband
7731,Not-in-family
7731,Other-relative
7731,Own-child
7731,Unmarried
7731,Wife
3833,Husband
3833,Not-in-family
3833,Other-relative
3833,Own-child
3833,Unmarried
3833,Wife
37413,Husband
37413,Other-relative
37413,Own-child
37413,Wife
2713,Not-in-family
2713,Unmarried
31848,Husband
31848,Other-relative
31848,Own-child
31848,Wife
618,Husband
618,Not-in-family
618,Other-relative
618,Own-child
618,Unmarried
618,Wife
19220,Husband
19220,Other-relative
19220,Own-child
19220,Wife
15133,Husband
15133,Not-in-family
15133,Other-relative
15133,Own-child
15133,Unmarried
15133,Wife
897,Husband
897,Other-relative
897,Own-child
897,Wife
9175,Not-in-family
9175,Unmarried
27932,Husband
27932,Not-in-family
27932,Other-relative
27932,Own-child
27932,Unmarried
27932,Wife
25528,Husband
25528,Other-relative
25528,Own-child
25528,Wife
29469,Not-in-family
29469,Unmarried
27802,Husband
27802,Other-relative
27802,Own-child
27802,Wife
23573,Husband
23573,Not-in-family
23573,Other-relative
23573,Own-child
23573,Unmarried
23573,Wife
16214,Not-in-family
16214,Unmarried
15478,Husband
15478,Other-relative
15478,Own-child
15478,Wife
15128,Husband
15128,Not-in-family
15128,Other-relative
15128,Own-child
15128,Unmarried
15128,Wife
2983,Husband
2983,Other-relative
2983,Own-child
2983,Wife
20381,Husband
20381,Other-relative
20381,Own-child
20381,Wife
31441,Husband
31441,Other-relative
31441,Own-child
31441,Wife
11033,Not-in-family
11033,Unmarried
38806,Husband
38806,Not-in-family
38806,Other-relative
38806,Own-child
38806,Unmarried
38806,Wife
47383,Husband
47383,Other-relative
47383,Own-child
47383,Wife
40337,Not-in-family
40337,Unmarried
5855,Husband
5855,Not-in-family
5855,Other-relative
5855,Own-child
5855,Unmarried
5855,Wife
42027,Husband
42027,Not-in-family
42027,Other-relative
42027,Own-child
42027,Unmarried
42027,Wife
22682,Not-in-family
22682,Unmarried
24724,Husband
24724,Other-relative
24724,Own-child
24724,Wife
20591,Not-in-family
20591,Unmarried
23869,Not-in-family
23869,Unmarried
18888,Husband
18888,Not-in-family
18888,Other-relative
18888,Own-child
18888,Unmarried
18888,Wife
31599,Husband
31599,Not-in-family
31599,Other-relative
31599,Own-child
31599,Unmarried
31599,Wife
5594,Husband
5594,Other-relative
5594,Own-child
5594,Wife
15812,Husband
15812,Other-relative
15812,Own-child
15812,Wife
33700,Husband
33700,Not-in-family
33700,Other-relative
33700,Own-child
33700,Unmarried
33700,Wife
8681,Husband
8681,Not-in-family
8681,Other-relative
8681,Own-child
8681,Unmarried
8681,Wife
27450,Not-in-family
27450,Unmarried
11848,Husband
11848,Other-relative
11848,Own-child
11848,Wife
9646,Not-in-family
9646,Unmarried
46373,Husband
46373,Not-in-family
46373,Other-relative
46373,Own-child
46373,Unmarried
46373,Wife
45036,Husband
45036,Other-relative
45036,Own-child
45036,Wife
11934,Husband
11934,Not-in-family
11934,Other-relative
11934,Own-child
11934,Unmarried
11934,Wife
29030,Husband
29030,Not-in-family
29030,Other-relative
29030,Own-child
29030,Unmarried
29030,Wife
41054,Husband
41054,Not-in-family
41054,Other-relative
41054,Own-child
41054,Unmarried
41054,Wife
1585,Husband
1585,Not-in-family
1585,Other-relative
1585,Own-child
1585,Unmarried
1585,Wife
7677,Husband
7677,Other-relative
7677,Own-child
7677,Wife
48527,Husband
48527,Other-relative
48527,Own-child
48527,Wife
21411,Husband
21411,Not-in-family
21411,Other-relative
21411,Own-child
21411,Unmarried
21411,Wife
28576,Not-in-family
28576,Unmarried
48499,Not-in-family
48499,Unmarried
28264,Husband
28264,Other-relative
28264,Own-child
28264,Wife
29063,Husband
29063,Other-relative
29063,Own-child
29063,Wife
40577,Husband
40577,Not-in-family
40577,Other-relative
40577,Own-child
40577,Unmarried
40577,Wife
43643,Husband
43643,Not-in-family
43643,Other-relative
43643,Own-child
43643,Unmarried
43643,Wife
18972,Husband
18972,Not-in-family
18972,Other-relative
18972,Own-child
18972,Unmarried
18972,Wife
31564,Not-in-family
31564,Unmarried
46241,Husband
46241,Not-in-family
46241,Other-relative
46241,Own-child
46241,Unmarried
46241,Wife
36031,Husband
36031,Not-in-family
36031,Other-relative
36031,Own-child
36031,Unmarried
36031,Wife
21233,Husband
21233,Not-in-family
21233,Other-relative
21233,Own-child
21233,Unmarried
21233,Wife
7920,Husband
7920,Not-in-family
7920,Other-relative
7920,Own-child
7920,Unmarried
7920,Wife
27885,Not-in-family
27885,Unmarried
5838,Husband
5838,Not-in-family
5838,Other-relative
5838,Own-child
5838,Unmarried
5838,Wife
32428,Husband
32428,Other-relative
32428,Own-child
32428,Wife
40534,Husband
40534,Not-in-family
40534,Other-relative
40534,Own-child
40534,Unmarried
40534,Wife
8703,Husband
8703,Not-in-family
8703,Other-relative
8703,Own-child
8703,Unmarried
8703,Wife
45649,Not-in-family
45649,Unmarried
25836,Husband
25836,Not-in-family
25836,Other-relative
25836,Own-child
25836,Unmarried
25836,Wife
28375,Not-in-family
28375,Unmarried
45908,Not-in-family
45908,Unmarried
38898,Husband
38898,Other-relative
38898,Own-child
38898,Wife
2225,Husband
2225,Not-in-family
2225,Other-relative
2225,Own-child
2225,Unmarried
2225,Wife
36708,Husband
36708,Not-in-family
36708,Other-relative
36708,Own-child
36708,Unmarried
36708,Wife
22778,Not-in-family
22778,Unmarried
21456,Husband
21456,Not-in-family
21456,Other-relative
21456,Own-child
21456,Unmarried
21456,Wife
2063,Husband
2063,Other-relative
2063,Own-child
2063,Wife
28286,Husband
28286,Other-relative
28286,Own-child
28286,Wife
22084,Not-in-family
22084,Unmarried
21081,Husband
21081,Other-relative
21081,Own-child
21081,Wife
48135,Husband
48135,Other-relative
48135,Own-child
48135,Wife
41414,Husband
41414,Not-in-family
41414,Other-relative
41414,Own-child
41414,Unmarried
41414,Wife
8158,Husband
8158,Other-relative
8158,Own-child
8158,Wife
36692,Husband
36692,Not-in-family
36692,Other-relative
36692,Own-child
36692,Unmarried
36692,Wife
18880,Not-in-family
18880,Unmarried
30974,Not-in-family
30974,Unmarried
3767,Not-in-family
3767,Unmarried
24006,Husband
24006,Not-in-family
24006,Other-relative
24006,Own-child
24006,Unmarried
24006,Wife
11408,Husband
11408,Not-in-family
11408,Other-relative
11408,Own-child
11408,Unmarried
11408,Wife
26984,Husband
26984,Other-relative
26984,Own-child
26984,Wife
44231,Husband
44231,Other-relative
44231,Own-child
44231,Wife
31684,Husband
31684,Not-in-family
31684,Other-relative
31684,Own-child
31684,Unmarried
31684,Wife
11637,Husband
11637,Not-in-family
11637,Other-relative
11637,Own-child
11637,Unmarried
11637,Wife
39382,Husband
39382,Not-in-family
39382,Other-relative
39382,Own-child
39382,Unmarried
39382,Wife
15073,Husband
15073,Not-in-family
15073,Other-relative
15073,Own-child
15073,Unmarried
15073,Wife
14027,Husband
14027,Other-relative
14027,Own-child
14027,Wife
8277,Husband
8277,Not-in-family
8277,Other-relative
8277,Own-child
8277,Unmarried
8277,Wife
17901,Husband
17901,Not-in-family
17901,Other-relative
17901,Own-child
17901,Unmarried
17901,Wife
3140,Husband
3140,Not-in-family
3140,Other-relative
3140,Own-child
3140,Unmarried
3140,Wife
47572,Husband
47572,Not-in-family
47572,Other-relative
47572,Own-child
47572,Unmarried
47572,Wife
28200,Husband
28200,Not-in-family
28200,Other-relative
28200,Own-child
28200,Unmarried
28200,Wife
843,Husband
843,Not-in-family
843,Other-relative
843,Own-child
843,Unmarried
843,Wife
46660,Husband
46660,Other-relative
46660,Own-child
46660,Wife
28317,Husband
28317,Not-in-family
28317,Other-relative
28317,Own-child
28317,Unmarried
28317,Wife
11755,Husband
11755,Not-in-family
11755,Other-relative
11755,Own-child
11755,Unmarried
11755,Wife
37345,Husband
37345,Not-in-family
37345,Other-relative
37345,Own-child
37345,Unmarried
37345,Wife
7983,Husband
7983,Other-relative
7983,Own-child
7983,Wife
39805,Husband
39805,Not-in-family
39805,Other-relative
39805,Own-child
39805,Unmarried
39805,Wife
41743,Husband
41743,Not-in-family
41743,Other-relative
41743,Own-child
41743,Unmarried
41743,Wife
11936,Husband
11936,Not-in-family
11936,Other-relative
11936,Own-child
11936,Unmarried
11936,Wife
10621,Husband
10621,Other-relative
10621,Own-child
10621,Wife
11481,Husband
11481,Other-relative
11481,Own-child
11481,Wife
11385,Husband
11385,Other-relative
11385,Own-child
11385,Wife
45460,Husband
45460,Not-in-family
45460,Other-relative
45460,Own-child
45460,Unmarried
45460,Wife
20173,Husband
20173,Not-in-family
20173,Other-relative
20173,Own-child
20173,Unmarried
20173,Wife
36684,Husband
36684,Not-in-family
36684,Other-relative
36684,Own-child
36684,Unmarried
36684,Wife
2693,Not-in-family
2693,Unmarried
5304,Husband
5304,Not-in-family
5304,Other-relative
5304,Own-child
5304,Unmarried
5304,Wife
13616,Husband
13616,Other-relative
13616,Own-child
13616,Wife
38914,Husband
38914,Not-in-family
38914,Other-relative
38914,Own-child
38914,Unmarried
38914,Wife
29717,Husband
29717,Other-relative
29717,Own-child
29717,Wife
38415,Husband
38415,Not-in-family
38415,Other-relative
38415,Own-child
38415,Unmarried
38415,Wife
45988,Husband
45988,Not-in-family
45988,Other-relative
45988,Own-child
45988,Unmarried
45988,Wife
21777,Husband
21777,Not-in-family
21777,Other-relative
21777,Own-child
21777,Unmarried
21777,Wife
39852,Husband
39852,Not-in-family
39852,Other-relative
39852,Own-child
39852,Unmarried
39852,Wife
13876,Husband
13876,Other-relative
13876,Own-child
13876,Wife
44691,Not-in-family
44691,Unmarried
47892,Husband
47892,Other-relative
47892,Own-child
47892,Wife
41233,Husband
41233,Not-in-family
41233,Other-relative
41233,Own-child
41233,Unmarried
41233,Wife
9336,Husband
9336,Not-in-family
9336,Other-relative
9336,Own-child
9336,Unmarried
9336,Wife
48739,Husband
48739,Not-in-family
48739,Other-relative
48739,Own-child
48739,Unmarried
48739,Wife
47103,Husband
47103,Other-relative
47103,Own-child
47103,Wife
11826,Not-in-family
11826,Unmarried
38096,Husband
38096,Not-in-family
38096,Other-relative
38096,Own-child
38096,Unmarried
38096,Wife
731,Husband
731,Not-in-family
731,Other-relative
731,Own-child
731,Unmarried
731,Wife
28371,Husband
28371,Other-relative
28371,Own-child
28371,Wife
35192,Husband
35192,Other-relative
35192,Own-child
35192,Wife
5591,Husband
5591,Not-in-family
5591,Other-relative
5591,Own-child
5591,Unmarried
5591,Wife
14807,Husband
14807,Not-in-family
14807,Other-relative
14807,Own-child
14807,Unmarried
14807,Wife
40841,Not-in-family
40841,Unmarried
20264,Husband
20264,Not-in-family
20264,Other-relative
20264,Own-child
20264,Unmarried
20264,Wife
47301,Husband
47301,Not-in-family
47301,Other-relative
47301,Own-child
47301,Unmarried
47301,Wife
31357,Husband
31357,Not-in-family
31357,Other-relative
31357,Own-child
31357,Unmarried
31357,Wife
46326,Not-in-family
46326,Unmarried
24289,Husband
24289,Not-in-family
24289,Other-relative
24289,Own-child
24289,Unmarried
24289,Wife
35121,Not-in-family
35121,Unmarried
14406,Husband
14406,Not-in-family
14406,Other-relative
14406,Own-child
14406,Unmarried
14406,Wife
33839,Not-in-family
33839,Unmarried
936,Not-in-family
936,Unmarried
3941,Husband
3941,Not-in-family
3941,Other-relative
3941,Own-child
3941,Unmarried
3941,Wife
25873,Husband
25873,Not-in-family
25873,Other-relative
25873,Own-child
25873,Unmarried
25873,Wife
47693,Not-in-family
47693,Unmarried
8868,Husband
8868,Not-in-family
8868,Other-relative
8868,Own-child
8868,Unmarried
8868,Wife
27432,Husband
27432,Other-relative
27432,Own-child
27432,Wife
37719,Husband
37719,Not-in-family
37719,Other-relative
37719,Own-child
37719,Unmarried
37719,Wife
2129,Husband
2129,Other-relative
2129,Own-child
2129,Wife
44382,Husband
44382,Not-in-family
44382,Other-relative
44382,Own-child
44382,Unmarried
44382,Wife
2378,Husband
2378,Not-in-family
2378,Other-relative
2378,Own-child
2378,Unmarried
2378,Wife
35657,Husband
35657,Not-in-family
35657,Other-relative
35657,Own-child
35657,Unmarried
35657,Wife
34564,Husband
34564,Not-in-family
34564,Other-relative
34564,Own-child
34564,Unmarried
34564,Wife
2286,Husband
2286,Not-in-family
2286,Other-relative
2286,Own-child
2286,Unmarried
2286,Wife
25695,Husband
25695,Not-in-family
25695,Other-relative
25695,Own-child
25695,Unmarried
25695,Wife
34206,Husband
34206,Not-in-family
34206,Other-relative
34206,Own-child
34206,Unmarried
34206,Wife
1060,Husband
1060,Not-in-family
1060,Other-relative
1060,Own-child
1060,Unmarried
1060,Wife
7736,Husband
7736,Other-relative
7736,Own-child
7736,Wife
27905,Husband
27905,Not-in-family
27905,Other-relative
27905,Own-child
27905,Unmarried
27905,Wife
31898,Husband
31898,Not-in-family
31898,Other-relative
31898,Own-child
31898,Unmarried
31898,Wife
16593,Husband
16593,Not-in-family
16593,Other-relative
16593,Own-child
16593,Unmarried
16593,Wife
24973,Husband
24973,Other-relative
24973,Own-child
24973,Wife
14658,Husband
14658,Not-in-family
14658,Other-relative
14658,Own-child
14658,Unmarried
14658,Wife
45917,Not-in-family
45917,Unmarried
1191,Husband
1191,Not-in-family
1191,Other-relative
1191,Own-child
1191,Unmarried
1191,Wife
38138,Not-in-family
38138,Unmarried
42669,Husband
42669,Not-in-family
42669,Other-relative
42669,Own-child
42669,Unmarried
42669,Wife
12994,Husband
12994,Not-in-family
12994,Other-relative
12994,Own-child
12994,Unmarried
12994,Wife
32825,Husband
32825,Not-in-family
32825,Other-relative
32825,Own-child
32825,Unmarried
32825,Wife
40235,Not-in-family
40235,Unmarried
20393,Husband
20393,Not-in-family
20393,Other-relative
20393,Own-child
20393,Unmarried
20393,Wife
22276,Husband
22276,Not-in-family
22276,Other-relative
22276,Own-child
22276,Unmarried
22276,Wife
19023,Not-in-family
19023,Unmarried
40383,Husband
40383,Other-relative
40383,Own-child
40383,Wife
34036,Husband
34036,Other-relative
34036,Own-child
34036,Wife
30309,Not-in-family
30309,Unmarried
33328,Not-in-family
33328,Unmarried
32652,Not-in-family
32652,Unmarried
17313,Husband
17313,Not-in-family
17313,Other-relative
17313,Own-child
17313,Unmarried
17313,Wife
43780,Husband
43780,Not-in-family
43780,Other-relative
43780,Own-child
43780,Unmarried
43780,Wife
21778,Not-in-family
21778,Unmarried
15389,Husband
15389,Not-in-family
15389,Other-relative
15389,Own-child
15389,Unmarried
15389,Wife
42155,Not-in-family
42155,Unmarried
18397,Not-in-family
18397,Unmarried
20547,Husband
20547,Not-in-family
20547,Other-relative
20547,Own-child
20547,Unmarried
20547,Wife
30407,Husband
30407,Other-relative
30407,Own-child
30407,Wife
815,Husband
815,Not-in-family
815,Other-relative
815,Own-child
815,Unmarried
815,Wife
4793,Husband
4793,Other-relative
4793,Own-child
4793,Wife
29019,Husband
29019,Other-relative
29019,Own-child
29019,Wife
38360,Husband
38360,Other-relative
38360,Own-child
38360,Wife
36840,Husband
36840,Other-relative
36840,Own-child
36840,Wife
35298,Husband
35298,Not-in-family
35298,Other-relative
35298,Own-child
35298,Unmarried
35298,Wife
24476,Husband
24476,Not-in-family
24476,Other-relative
24476,Own-child
24476,Unmarried
24476,Wife
41669,Husband
41669,Not-in-family
41669,Other-relative
41669,Own-child
41669,Unmarried
41669,Wife
16056,Husband
16056,Not-in-family
16056,Other-relative
16056,Own-child
16056,Unmarried
16056,Wife
19114,Not-in-family
19114,Unmarried
7104,Husband
7104,Other-relative
7104,Own-child
7104,Wife
37046,Husband
37046,Not-in-family
37046,Other-relative
37046,Own-child
37046,Unmarried
37046,Wife
41924,Husband
41924,Other-relative
41924,Own-child
41924,Wife
4127,Husband
4127,Not-in-family
4127,Other-relative
4127,Own-child
4127,Unmarried
4127,Wife
18130,Not-in-family
18130,Unmarried
22932,Husband
22932,Not-in-family
22932,Other-relative
22932,Own-child
22932,Unmarried
22932,Wife
38767,Husband
38767,Not-in-family
38767,Other-relative
38767,Own-child
38767,Unmarried
38767,Wife
13113,Not-in-family
13113,Unmarried
43838,Not-in-family
43838,Unmarried
45032,Husband
45032,Not-in-family
45032,Other-relative
45032,Own-child
45032,Unmarried
45032,Wife
16425,Husband
16425,Not-in-family
16425,Other-relative
16425,Own-child
16425,Unmarried
16425,Wife
6109,Husband
6109,Not-in-family
6109,Other-relative
6109,Own-child
6109,Unmarried
6109,Wife
32475,Husband
32475,Not-in-family
32475,Other-relative
32475,Own-child
32475,Unmarried
32475,Wife
16121,Not-in-family
16121,Unmarried
27617,Not-in-family
27617,Unmarried
39877,Husband
39877,Not-in-family
39877,Other-relative
39877,Own-child
39877,Unmarried
39877,Wife
26595,Husband
26595,Not-in-family
26595,Other-relative
26595,Own-child
26595,Unmarried
26595,Wife
24568,Husband
24568,Not-in-family
24568,Other-relative
24568,Own-child
24568,Unmarried
24568,Wife
7793,Husband
7793,Other-relative
7793,Own-child
7793,Wife
31014,Husband
31014,Other-relative
31014,Own-child
31014,Wife
3178,Not-in-family
3178,Unmarried
42120,Husband
42120,Other-relative
42120,Own-child
42120,Wife
26252,Not-in-family
26252,Unmarried
37751,Husband
37751,Other-relative
37751,Own-child
37751,Wife
26899,Husband
26899,Other-relative
26899,Own-child
26899,Wife
8825,Husband
8825,Other-relative
8825,Own-child
8825,Wife
40178,Not-in-family
40178,Unmarried
19300,Husband
19300,Other-relative
19300,Own-child
19300,Wife
7933,Husband
7933,Not-in-family
7933,Other-relative
7933,Own-child
7933,Unmarried
7933,Wife
38858,Husband
38858,Not-in-family
38858,Other-relative
38858,Own-child
38858,Unmarried
38858,Wife
26026,Not-in-family
26026,Unmarried
47481,Husband
47481,Other-relative
47481,Own-child
47481,Wife
1503,Husband
1503,Not-in-family
1503,Other-relative
1503,Own-child
1503,Unmarried
1503,Wife
42619,Husband
42619,Not-in-family
42619,Other-relative
42619,Own-child
42619,Unmarried
42619,Wife
38381,Not-in-family
38381,Unmarried
37787,Husband
37787,Not-in-family
37787,Other-relative
37787,Own-child
37787,Unmarried
37787,Wife
6795,Not-in-family
6795,Unmarried
3399,Husband
3399,Other-relative
3399,Own-child
3399,Wife
19531,Husband
19531,Other-relative
19531,Own-child
19531,Wife
45965,Husband
45965,Other-relative
45965,Own-child
45965,Wife
42429,Husband
42429,Not-in-family
42429,Other-relative
42429,Own-child
42429,Unmarried
42429,Wife
32079,Husband
32079,Other-relative
32079,Own-child
32079,Wife
18605,Not-in-family
18605,Unmarried
7914,Husband
7914,Not-in-family
7914,Other-relative
7914,Own-child
7914,Unmarried
7914,Wife
23113,Husband
23113,Not-in-family
23113,Other-relative
23113,Own-child
23113,Unmarried
23113,Wife
18978,Not-in-family
18978,Unmarried
8178,Husband
8178,Not-in-family
8178,Other-relative
8178,Own-child
8178,Unmarried
8178,Wife
20836,Not-in-family
20836,Unmarried
23740,Not-in-family
23740,Unmarried
13574,Husband
13574,Other-relative
13574,Own-child
13574,Wife
5834,Husband
5834,Not-in-family
5834,Other-relative
5834,Own-child
5834,Unmarried
5834,Wife
9032,Husband
9032,Not-in-family
9032,Other-relative
9032,Own-child
9032,Unmarried
9032,Wife
40031,Husband
40031,Not-in-family
40031,Other-relative
40031,Own-child
40031,Unmarried
40031,Wife
4722,Husband
4722,Other-relative
4722,Own-child
4722,Wife
16483,Husband
16483,Not-in-family
16483,Other-relative
16483,Own-child
16483,Unmarried
16483,Wife
1852,Husband
1852,Other-relative
1852,Own-child
1852,Wife
15120,Husband
15120,Other-relative
15120,Own-child
15120,Wife
46614,Husband
46614,Not-in-family
46614,Other-relative
46614,Own-child
46614,Unmarried
46614,Wife
12246,Husband
12246,Not-in-family
12246,Other-relative
12246,Own-child
12246,Unmarried
12246,Wife
5812,Not-in-family
5812,Unmarried
41311,Husband
41311,Other-relative
41311,Own-child
41311,Wife
4694,Husband
4694,Other-relative
4694,Own-child
4694,Wife
38132,Not-in-family
38132,Unmarried
27589,Husband
27589,Other-relative
27589,Own-child
27589,Wife
41438,Not-in-family
41438,Unmarried
151,Husband
151,Not-in-family
151,Other-relative
151,Own-child
151,Unmarried
151,Wife
23985,Husband
23985,Other-relative
23985,Own-child
23985,Wife
40973,Husband
40973,Not-in-family
40973,Other-relative
40973,Own-child
40973,Unmarried
40973,Wife
48530,Husband
48530,Other-relative
48530,Own-child
48530,Wife
31973,Not-in-family
31973,Unmarried
20136,Husband
20136,Not-in-family
20136,Other-relative
20136,Own-child
20136,Unmarried
20136,Wife
35249,Not-in-family
35249,Unmarried
25545,Husband
25545,Other-relative
25545,Own-child
25545,Wife
7901,Husband
7901,Not-in-family
7901,Other-relative
7901,Own-child
7901,Unmarried
7901,Wife
24834,Husband
24834,Not-in-family
24834,Other-relative
24834,Own-child
24834,Unmarried
24834,Wife
17821,Husband
17821,Other-relative
17821,Own-child
17821,Wife
13640,Not-in-family
13640,Unmarried
32130,Husband
32130,Not-in-family
32130,Other-relative
32130,Own-child
32130,Unmarried
32130,Wife
6218,Husband
6218,Not-in-family
6218,Other-relative
6218,Own-child
6218,Unmarried
6218,Wife
17865,Husband
17865,Not-in-family
17865,Other-relative
17865,Own-child
17865,Unmarried
17865,Wife
9725,Not-in-family
9725,Unmarried
21713,Husband
21713,Not-in-family
21713,Other-relative
21713,Own-child
21713,Unmarried
21713,Wife
30637,Husband
30637,Other-relative
30637,Own-child
30637,Wife
1032,Not-in-family
1032,Unmarried
3780,Husband
3780,Not-in-family
3780,Other-relative
3780,Own-child
3780,Unmarried
3780,Wife
45899,Husband
45899,Other-relative
45899,Own-child
45899,Wife
13860,Not-in-family
13860,Unmarried
35361,Not-in-family
35361,Unmarried
19507,Husband
19507,Other-relative
19507,Own-child
19507,Wife
20978,Husband
20978,Not-in-family
20978,Other-relative
20978,Own-child
20978,Unmarried
20978,Wife
4659,Husband
4659,Not-in-family
4659,Other-relative
4659,Own-child
4659,Unmarried
4659,Wife
30351,Husband
30351,Other-relative
30351,Own-child
30351,Wife
9854,Not-in-family
9854,Unmarried
30029,Husband
30029,Not-in-family
30029,Other-relative
30029,Own-child
30029,Unmarried
30029,Wife
43083,Husband
43083,Other-relative
43083,Own-child
43083,Wife
43016,Husband
43016,Other-relative
43016,Own-child
43016,Wife
305,Not-in-family
305,Unmarried
22013,Husband
22013,Other-relative
22013,Own-child
22013,Wife
28596,Husband
28596,Other-relative
28596,Own-child
28596,Wife
6138,Not-in-family
6138,Unmarried
4183,Husband
4183,Not-in-family
4183,Other-relative
4183,Own-child
4183,Unmarried
4183,Wife
1405,Husband
1405,Not-in-family
1405,Other-relative
1405,Own-child
1405,Unmarried
1405,Wife
24563,Husband
24563,Not-in-family
24563,Other-relative
24563,Own-child
24563,Unmarried
24563,Wife
7732,Not-in-family
7732,Unmarried
45355,Husband
45355,Not-in-family
45355,Other-relative
45355,Own-child
45355,Unmarried
45355,Wife
47743,Husband
47743,Other-relative
47743,Own-child
47743,Wife
39053,Husband
39053,Not-in-family
39053,Other-relative
39053,Own-child
39053,Unmarried
39053,Wife
25670,Husband
25670,Not-in-family
25670,Other-relative
25670,Own-child
25670,Unmarried
25670,Wife
18489,Husband
18489,Not-in-family
18489,Other-relative
18489,Own-child
18489,Unmarried
18489,Wife
7414,Not-in-family
7414,Unmarried
39957,Husband
39957,Not-in-family
39957,Other-relative
39957,Own-child
39957,Unmarried
39957,Wife
48366,Not-in-family
48366,Unmarried
48143,Husband
48143,Not-in-family
48143,Other-relative
48143,Own-child
48143,Unmarried
48143,Wife
41488,Husband
41488,Not-in-family
41488,Other-relative
41488,Own-child
41488,Unmarried
41488,Wife
34092,Husband
34092,Not-in-family
34092,Other-relative
34092,Own-child
34092,Unmarried
34092,Wife
41395,Husband
41395,Not-in-family
41395,Other-relative
41395,Own-child
41395,Unmarried
41395,Wife
10082,Husband
10082,Other-relative
10082,Own-child
10082,Wife
18916,Husband
18916,Not-in-family
18916,Other-relative
18916,Own-child
18916,Unmarried
18916,Wife
7201,Husband
7201,Not-in-family
7201,Other-relative
7201,Own-child
7201,Unmarried
7201,Wife
42187,Husband
42187,Not-in-family
42187,Other-relative
42187,Own-child
42187,Unmarried
42187,Wife
22349,Husband
22349,Other-relative
22349,Own-child
22349,Wife
17189,Husband
17189,Not-in-family
17189,Other-relative
17189,Own-child
17189,Unmarried
17189,Wife
42996,Not-in-family
42996,Unmarried
2313,Husband
2313,Not-in-family
2313,Other-relative
2313,Own-child
2313,Unmarried
2313,Wife
19283,Husband
19283,Not-in-family
19283,Other-relative
19283,Own-child
19283,Unmarried
19283,Wife
17399,Husband
17399,Other-relative
17399,Own-child
17399,Wife
40397,Husband
40397,Not-in-family
40397,Other-relative
40397,Own-child
40397,Unmarried
40397,Wife
41348,Husband
41348,Not-in-family
41348,Other-relative
41348,Own-child
41348,Unmarried
41348,Wife
40028,Husband
40028,Other-relative
40028,Own-child
40028,Wife
22017,Husband
22017,Not-in-family
22017,Other-relative
22017,Own-child
22017,Unmarried
22017,Wife
13105,Husband
13105,Other-relative
13105,Own-child
13105,Wife
31736,Husband
31736,Not-in-family
31736,Other-relative
31736,Own-child
31736,Unmarried
31736,Wife
38863,Husband
38863,Other-relative
38863,Own-child
38863,Wife
47045,Husband
47045,Other-relative
47045,Own-child
47045,Wife
37753,Not-in-family
37753,Unmarried
36303,Husband
36303,Not-in-family
36303,Other-relative
36303,Own-child
36303,Unmarried
36303,Wife
6320,Husband
6320,Other-relative
6320,Own-child
6320,Wife
26050,Husband
26050,Other-relative
26050,Own-child
26050,Wife
30753,Husband
30753,Not-in-family
30753,Other-relative
30753,Own-child
30753,Unmarried
30753,Wife
17903,Not-in-family
17903,Unmarried
13266,Husband
13266,Not-in-family
13266,Other-relative
13266,Own-child
13266,Unmarried
13266,Wife
27752,Husband
27752,Not-in-family
27752,Other-relative
27752,Own-child
27752,Unmarried
27752,Wife
35513,Not-in-family
35513,Unmarried
13344,Husband
13344,Not-in-family
13344,Other-relative
13344,Own-child
13344,Unmarried
13344,Wife
1023,Husband
1023,Other-relative
1023,Own-child
1023,Wife
36063,Husband
36063,Other-relative
36063,Own-child
36063,Wife
45918,Husband
45918,Other-relative
45918,Own-child
45918,Wife
31189,Husband
31189,Other-relative
31189,Own-child
31189,Wife
5980,Husband
5980,Other-relative
5980,Own-child
5980,Wife
14589,Husband
14589,Other-relative
14589,Own-child
14589,Wife
6121,Husband
6121,Other-relative
6121,Own-child
6121,Wife
28449,Husband
28449,Not-in-family
28449,Other-relative
28449,Own-child
28449,Unmarried
28449,Wife
11690,Not-in-family
11690,Unmarried
12503,Husband
12503,Other-relative
12503,Own-child
12503,Wife
6996,Husband
6996,Other-relative
6996,Own-child
6996,Wife
44511,Husband
44511,Other-relative
44511,Own-child
44511,Wife
36098,Not-in-family
36098,Unmarried
1103,Husband
1103,Not-in-family
1103,Other-relative
1103,Own-child
1103,Unmarried
1103,Wife
33490,Husband
33490,Other-relative
33490,Own-child
33490,Wife
16777,Husband
16777,Other-relative
16777,Own-child
16777,Wife
33330,Husband
33330,Other-relative
33330,Own-child
33330,Wife
553,Husband
553,Other-relative
553,Own-child
553,Wife
35578,Husband
35578,Not-in-family
35578,Other-relative
35578,Own-child
35578,Unmarried
35578,Wife
44648,Not-in-family
44648,Unmarried
9893,Husband
9893,Other-relative
9893,Own-child
9893,Wife
38396,Husband
38396,Not-in-family
38396,Other-relative
38396,Own-child
38396,Unmarried
38396,Wife
2198,Husband
2198,Not-in-family
2198,Other-relative
2198,Own-child
2198,Unmarried
2198,Wife
2422,Husband
2422,Not-in-family
2422,Other-relative
2422,Own-child
2422,Unmarried
2422,Wife
9406,Husband
9406,Not-in-family
9406,Other-relative
9406,Own-child
9406,Unmarried
9406,Wife
23623,Not-in-family
23623,Unmarried
14629,Husband
14629,Not-in-family
14629,Other-relative
14629,Own-child
14629,Unmarried
14629,Wife
42017,Husband
42017,Not-in-family
42017,Other-relative
42017,Own-child
42017,Unmarried
42017,Wife
14750,Husband
14750,Not-in-family
14750,Other-relative
14750,Own-child
14750,Unmarried
14750,Wife
43058,Husband
43058,Not-in-family
43058,Other-relative
43058,Own-child
43058,Unmarried
43058,Wife
21223,Husband
21223,Not-in-family
21223,Other-relative
21223,Own-child
21223,Unmarried
21223,Wife
45236,Not-in-family
45236,Unmarried
30593,Husband
30593,Not-in-family
30593,Other-relative
30593,Own-child
30593,Unmarried
30593,Wife
46640,Husband
46640,Not-in-family
46640,Other-relative
46640,Own-child
46640,Unmarried
46640,Wife
28993,Husband
28993,Not-in-family
28993,Other-relative
28993,Own-child
28993,Unmarried
28993,Wife
13987,Husband
13987,Not-in-family
13987,Other-relative
13987,Own-child
13987,Unmarried
13987,Wife
19884,Husband
19884,Not-in-family
19884,Other-relative
19884,Own-child
19884,Unmarried
19884,Wife
23665,Husband
23665,Not-in-family
23665,Other-relative
23665,Own-child
23665,Unmarried
23665,Wife
4736,Husband
4736,Not-in-family
4736,Other-relative
4736,Own-child
4736,Unmarried
4736,Wife
13535,Husband
13535,Other-relative
13535,Own-child
13535,Wife
14890,Not-in-family
14890,Unmarried
13802,Not-in-family
13802,Unmarried
34401,Husband
34401,Other-relative
34401,Own-child
34401,Wife
25883,Husband
25883,Not-in-family
25883,Other-relative
25883,Own-child
25883,Unmarried
25883,Wife
356,Husband
356,Not-in-family
356,Other-relative
356,Own-child
356,Unmarried
356,Wife
31481,Husband
31481,Not-in-family
31481,Other-relative
31481,Own-child
31481,Unmarried
31481,Wife
12874,Husband
12874,Other-relative
12874,Own-child
12874,Wife
34515,Husband
34515,Other-relative
34515,Own-child
34515,Wife
46797,Husband
46797,Other-relative
46797,Own-child
46797,Wife
47624,Not-in-family
47624,Unmarried
17403,Husband
17403,Not-in-family
17403,Other-relative
17403,Own-child
17403,Unmarried
17403,Wife
21211,Husband
21211,Not-in-family
21211,Other-relative
21211,Own-child
21211,Unmarried
21211,Wife
30134,Not-in-family
30134,Unmarried
16950,Husband
16950,Not-in-family
16950,Other-relative
16950,Own-child
16950,Unmarried
16950,Wife
11322,Not-in-family
11322,Unmarried
34377,Not-in-family
34377,Unmarried
9931,Husband
9931,Not-in-family
9931,Other-relative
9931,Own-child
9931,Unmarried
9931,Wife
439,Husband
439,Other-relative
439,Own-child
439,Wife
48671,Husband
48671,Not-in-family
48671,Other-relative
48671,Own-child
48671,Unmarried
48671,Wife
26597,Husband
26597,Not-in-family
26597,Other-relative
26597,Own-child
26597,Unmarried
26597,Wife
7306,Husband
7306,Other-relative
7306,Own-child
7306,Wife
30985,Husband
30985,Other-relative
30985,Own-child
30985,Wife
31165,Husband
31165,Other-relative
31165,Own-child
31165,Wife
40142,Husband
40142,Other-relative
40142,Own-child
40142,Wife
12927,Husband
12927,Other-relative
12927,Own-child
12927,Wife
8064,Husband
8064,Other-relative
8064,Own-child
8064,Wife
35843,Husband
35843,Not-in-family
35843,Other-relative
35843,Own-child
35843,Unmarried
35843,Wife
18749,Not-in-family
18749,Unmarried
25451,Husband
25451,Not-in-family
25451,Other-relative
25451,Own-child
25451,Unmarried
25451,Wife
28013,Husband
28013,Not-in-family
28013,Other-relative
28013,Own-child
28013,Unmarried
28013,Wife
12823,Husband
12823,Not-in-family
12823,Other-relative
12823,Own-child
12823,Unmarried
12823,Wife
40447,Husband
40447,Not-in-family
40447,Other-relative
40447,Own-child
40447,Unmarried
40447,Wife
45306,Husband
45306,Other-relative
45306,Own-child
45306,Wife
33544,Husband
33544,Other-relative
33544,Own-child
33544,Wife
27287,Husband
27287,Not-in-family
27287,Other-relative
27287,Own-child
27287,Unmarried
27287,Wife
3749,Husband
3749,Other-relative
3749,Own-child
3749,Wife
22001,Husband
22001,Other-relative
22001,Own-child
22001,Wife
44037,Husband
44037,Other-relative
44037,Own-child
44037,Wife
26322,Husband
26322,Not-in-family
26322,Other-relative
26322,Own-child
26322,Unmarried
26322,Wife
13841,Not-in-family
13841,Unmarried
44244,Husband
44244,Other-relative
44244,Own-child
44244,Wife
684,Husband
684,Other-relative
684,Own-child
684,Wife
31974,Husband
31974,Not-in-family
31974,Other-relative
31974,Own-child
31974,Unmarried
31974,Wife
3806,Husband
3806,Other-relative
3806,Own-child
3806,Wife
16302,Husband
16302,Not-in-family
16302,Other-relative
16302,Own-child
16302,Unmarried
16302,Wife
16384,Husband
16384,Not-in-family
16384,Other-relative
16384,Own-child
16384,Unmarried
16384,Wife
32896,Husband
32896,Not-in-family
32896,Other-relative
32896,Own-child
32896,Unmarried
32896,Wife
4832,Husband
4832,Other-relative
4832,Own-child
4832,Wife
30337,Husband
30337,Other-relative
30337,Own-child
30337,Wife
26391,Not-in-family
26391,Unmarried
35653,Husband
35653,Not-in-family
35653,Other-relative
35653,Own-child
35653,Unmarried
35653,Wife
38770,Husband
38770,Other-relative
38770,Own-child
38770,Wife
10714,Husband
10714,Other-relative
10714,Own-child
10714,Wife
15373,Husband
15373,Not-in-family
15373,Other-relative
15373,Own-child
15373,Unmarried
15373,Wife
46817,Husband
46817,Other-relative
46817,Own-child
46817,Wife
33779,Husband
33779,Not-in-family
33779,Other-relative
33779,Own-child
33779,Unmarried
33779,Wife
2448,Not-in-family
2448,Unmarried
23710,Husband
23710,Not-in-family
23710,Other-relative
23710,Own-child
23710,Unmarried
23710,Wife
33508,Husband
33508,Not-in-family
33508,Other-relative
33508,Own-child
33508,Unmarried
33508,Wife
34384,Not-in-family
34384,Unmarried
23971,Husband
23971,Not-in-family
23971,Other-relative
23971,Own-child
23971,Unmarried
23971,Wife
7122,Husband
7122,Not-in-family
7122,Other-relative
7122,Own-child
7122,Unmarried
7122,Wife
31645,Husband
31645,Not-in-family
31645,Other-relative
31645,Own-child
31645,Unmarried
31645,Wife
22734,Husband
22734,Not-in-family
22734,Other-relative
22734,Own-child
22734,Unmarried
22734,Wife
24727,Husband
24727,Not-in-family
24727,Other-relative
24727,Own-child
24727,Unmarried
24727,Wife
33020,Husband
33020,Not-in-family
33020,Other-relative
33020,Own-child
33020,Unmarried
33020,Wife
25666,Husband
25666,Other-relative
25666,Own-child
25666,Wife
2013,Husband
2013,Not-in-family
2013,Other-relative
2013,Own-child
2013,Unmarried
2013,Wife
2784,Not-in-family
2784,Unmarried
38409,Not-in-family
38409,Unmarried
35887,Not-in-family
35887,Unmarried
9789,Husband
9789,Not-in-family
9789,Other-relative
9789,Own-child
9789,Unmarried
9789,Wife
13058,Husband
13058,Other-relative
13058,Own-child
13058,Wife
35300,Not-in-family
35300,Unmarried
33475,Husband
33475,Not-in-family
33475,Other-relative
33475,Own-child
33475,Unmarried
33475,Wife
34467,Husband
34467,Not-in-family
34467,Other-relative
34467,Own-child
34467,Unmarried
34467,Wife
12118,Not-in-family
12118,Unmarried
8528,Not-in-family
8528,Unmarried
48496,Husband
48496,Other-relative
48496,Own-child
48496,Wife
42230,Husband
42230,Other-relative
42230,Own-child
42230,Wife
14413,Husband
14413,Other-relative
14413,Own-child
14413,Wife
21132,Husband
21132,Other-relative
21132,Own-child
21132,Wife
16601,Husband
16601,Not-in-family
16601,Other-relative
16601,Own-child
16601,Unmarried
16601,Wife
2265,Husband
2265,Not-in-family
2265,Other-relative
2265,Own-child
2265,Unmarried
2265,Wife
34821,Husband
34821,Not-in-family
34821,Other-relative
34821,Own-child
34821,Unmarried
34821,Wife
6598,Husband
6598,Not-in-family
6598,Other-relative
6598,Own-child
6598,Unmarried
6598,Wife
18273,Not-in-family
18273,Unmarried
38214,Husband
38214,Not-in-family
38214,Other-relative
38214,Own-child
38214,Unmarried
38214,Wife
45723,Husband
45723,Not-in-family
45723,Other-relative
45723,Own-child
45723,Unmarried
45723,Wife
14579,Husband
14579,Not-in-family
14579,Other-relative
14579,Own-child
14579,Unmarried
14579,Wife
12842,Not-in-family
12842,Unmarried
8572,Husband
8572,Not-in-family
8572,Other-relative
8572,Own-child
8572,Unmarried
8572,Wife
15587,Not-in-family
15587,Unmarried
28881,Husband
28881,Other-relative
28881,Own-child
28881,Wife
36956,Husband
36956,Other-relative
36956,Own-child
36956,Wife
1119,Husband
1119,Not-in-family
1119,Other-relative
1119,Own-child
1119,Unmarried
1119,Wife
12940,Husband
12940,Not-in-family
12940,Other-relative
12940,Own-child
12940,Unmarried
12940,Wife
35823,Husband
35823,Not-in-family
35823,Other-relative
35823,Own-child
35823,Unmarried
35823,Wife
6495,Husband
6495,Not-in-family
6495,Other-relative
6495,Own-child
6495,Unmarried
6495,Wife
9462,Not-in-family
9462,Unmarried
31823,Husband
31823,Not-in-family
31823,Other-relative
31823,Own-child
31823,Unmarried
31823,Wife
359,Husband
359,Other-relative
359,Own-child
359,Wife
16293,Husband
16293,Not-in-family
16293,Other-relative
16293,Own-child
16293,Unmarried
16293,Wife
31779,Husband
31779,Not-in-family
31779,Other-relative
31779,Own-child
31779,Unmarried
31779,Wife
21430,Husband
21430,Not-in-family
21430,Other-relative
21430,Own-child
21430,Unmarried
21430,Wife
24553,Husband
24553,Not-in-family
24553,Other-relative
24553,Own-child
24553,Unmarried
24553,Wife
13568,Husband
13568,Other-relative
13568,Own-child
13568,Wife
45783,Husband
45783,Not-in-family
45783,Other-relative
45783,Own-child
45783,Unmarried
45783,Wife
15974,Husband
15974,Other-relative
15974,Own-child
15974,Wife
9584,Husband
9584,Not-in-family
9584,Other-relative
9584,Own-child
9584,Unmarried
9584,Wife
4176,Husband
4176,Other-relative
4176,Own-child
4176,Wife
38291,Husband
38291,Other-relative
38291,Own-child
38291,Wife
48167,Husband
48167,Other-relative
48167,Own-child
48167,Wife
42885,Husband
42885,Not-in-family
42885,Other-relative
42885,Own-child
42885,Unmarried
42885,Wife
27894,Husband
27894,Not-in-family
27894,Other-relative
27894,Own-child
27894,Unmarried
27894,Wife
15313,Husband
15313,Other-relative
15313,Own-child
15313,Wife
7935,Husband
7935,Not-in-family
7935,Other-relative
7935,Own-child
7935,Unmarried
7935,Wife
36264,Husband
36264,Other-relative
36264,Own-child
36264,Wife
306,Husband
306,Not-in-family
306,Other-relative
306,Own-child
306,Unmarried
306,Wife
30494,Husband
30494,Other-relative
30494,Own-child
30494,Wife
28085,Husband
28085,Not-in-family
28085,Other-relative
28085,Own-child
28085,Unmarried
28085,Wife
33357,Husband
33357,Not-in-family
33357,Other-relative
33357,Own-child
33357,Unmarried
33357,Wife
9975,Husband
9975,Not-in-family
9975,Other-relative
9975,Own-child
9975,Unmarried
9975,Wife
5685,Husband
5685,Other-relative
5685,Own-child
5685,Wife
14061,Husband
14061,Other-relative
14061,Own-child
14061,Wife
37703,Husband
37703,Other-relative
37703,Own-child
37703,Wife
3411,Husband
3411,Not-in-family
3411,Other-relative
3411,Own-child
3411,Unmarried
3411,Wife
16114,Husband
16114,Other-relative
16114,Own-child
16114,Wife
43566,Husband
43566,Not-in-family
43566,Other-relative
43566,Own-child
43566,Unmarried
43566,Wife
6431,Husband
6431,Not-in-family
6431,Other-relative
6431,Own-child
6431,Unmarried
6431,Wife
40402,Husband
40402,Not-in-family
40402,Other-relative
40402,Own-child
40402,Unmarried
40402,Wife
47973,Husband
47973,Not-in-family
47973,Other-relative
47973,Own-child
47973,Unmarried
47973,Wife
9326,Husband
9326,Not-in-family
9326,Other-relative
9326,Own-child
9326,Unmarried
9326,Wife
27596,Husband
27596,Not-in-family
27596,Other-relative
27596,Own-child
27596,Unmarried
27596,Wife
2855,Not-in-family
2855,Unmarried
47796,Husband
47796,Not-in-family
47796,Other-relative
47796,Own-child
47796,Unmarried
47796,Wife
9619,Husband
9619,Other-relative
9619,Own-child
9619,Wife
16364,Husband
16364,Other-relative
16364,Own-child
16364,Wife
7396,Husband
7396,Not-in-family
7396,Other-relative
7396,Own-child
7396,Unmarried
7396,Wife
46153,Husband
46153,Not-in-family
46153,Other-relative
46153,Own-child
46153,Unmarried
46153,Wife
11427,Husband
11427,Not-in-family
11427,Other-relative
11427,Own-child
11427,Unmarried
11427,Wife
30463,Husband
30463,Not-in-family
30463,Other-relative
30463,Own-child
30463,Unmarried
30463,Wife
9022,Husband
9022,Other-relative
9022,Own-child
9022,Wife
33877,Husband
33877,Not-in-family
33877,Other-relative
33877,Own-child
33877,Unmarried
33877,Wife
34526,Husband
34526,Other-relative
34526,Own-child
34526,Wife
45614,Husband
45614,Not-in-family
45614,Other-relative
45614,Own-child
45614,Unmarried
45614,Wife
278,Husband
278,Not-in-family
278,Other-relative
278,Own-child
278,Unmarried
278,Wife
12056,Husband
12056,Not-in-family
12056,Other-relative
12056,Own-child
12056,Unmarried
12056,Wife
8249,Husband
8249,Other-relative
8249,Own-child
8249,Wife
38892,Husband
38892,Other-relative
38892,Own-child
38892,Wife
13829,Husband
13829,Not-in-family
13829,Other-relative
13829,Own-child
13829,Unmarried
13829,Wife
759,Not-in-family
759,Unmarried
45427,Husband
45427,Not-in-family
45427,Other-relative
45427,Own-child
45427,Unmarried
45427,Wife
21185,Husband
21185,Other-relative
21185,Own-child
21185,Wife
16510,Husband
16510,Other-relative
16510,Own-child
16510,Wife
19631,Husband
19631,Other-relative
19631,Own-child
19631,Wife
23727,Husband
23727,Other-relative
23727,Own-child
23727,Wife
43446,Husband
43446,Other-relative
43446,Own-child
43446,Wife
9997,Husband
9997,Other-relative
9997,Own-child
9997,Wife
37553,Husband
37553,Other-relative
37553,Own-child
37553,Wife
37329,Husband
37329,Not-in-family
37329,Other-relative
37329,Own-child
37329,Unmarried
37329,Wife
14323,Husband
14323,Not-in-family
14323,Other-relative
14323,Own-child
14323,Unmarried
14323,Wife
33852,Not-in-family
33852,Unmarried
44734,Husband
44734,Other-relative
44734,Own-child
44734,Wife
44594,Not-in-family
44594,Unmarried
7464,Husband
7464,Not-in-family
7464,Other-relative
7464,Own-child
7464,Unmarried
7464,Wife
24123,Husband
24123,Not-in-family
24123,Other-relative
24123,Own-child
24123,Unmarried
24123,Wife
16877,Not-in-family
16877,Unmarried
47110,Husband
47110,Not-in-family
47110,Other-relative
47110,Own-child
47110,Unmarried
47110,Wife
26506,Not-in-family
26506,Unmarried
26085,Husband
26085,Not-in-family
26085,Other-relative
26085,Own-child
26085,Unmarried
26085,Wife
31007,Husband
31007,Other-relative
31007,Own-child
31007,Wife
43848,Husband
43848,Not-in-family
43848,Other-relative
43848,Own-child
43848,Unmarried
43848,Wife
44940,Not-in-family
44940,Unmarried
17808,Husband
17808,Other-relative
17808,Own-child
17808,Wife
20817,Husband
20817,Other-relative
20817,Own-child
20817,Wife
8504,Husband
8504,Not-in-family
8504,Other-relative
8504,Own-child
8504,Unmarried
8504,Wife
25125,Not-in-family
25125,Unmarried
953,Husband
953,Other-relative
953,Own-child
953,Wife
27053,Husband
27053,Not-in-family
27053,Other-relative
27053,Own-child
27053,Unmarried
27053,Wife
967,Husband
967,Not-in-family
967,Other-relative
967,Own-child
967,Unmarried
967,Wife
21884,Husband
21884,Not-in-family
21884,Other-relative
21884,Own-child
21884,Unmarried
21884,Wife
13965,Husband
13965,Not-in-family
13965,Other-relative
13965,Own-child
13965,Unmarried
13965,Wife
26495,Husband
26495,Not-in-family
26495,Other-relative
26495,Own-child
26495,Unmarried
26495,Wife
25383,Husband
25383,Not-in-family
25383,Other-relative
25383,Own-child
25383,Unmarried
25383,Wife
473,Husband
473,Not-in-family
473,Other-relative
473,Own-child
473,Unmarried
473,Wife
23549,Husband
23549,Not-in-family
23549,Other-relative
23549,Own-child
23549,Unmarried
23549,Wife
10900,Husband
10900,Not-in-family
10900,Other-relative
10900,Own-child
10900,Unmarried
10900,Wife
9689,Husband
9689,Not-in-family
9689,Other-relative
9689,Own-child
9689,Unmarried
9689,Wife
40507,Husband
40507,Not-in-family
40507,Other-relative
40507,Own-child
40507,Unmarried
40507,Wife
10632,Not-in-family
10632,Unmarried
3535,Husband
3535,Not-in-family
3535,Other-relative
3535,Own-child
3535,Unmarried
3535,Wife
28212,Husband
28212,Not-in-family
28212,Other-relative
28212,Own-child
28212,Unmarried
28212,Wife
38366,Husband
38366,Not-in-family
38366,Other-relative
38366,Own-child
38366,Unmarried
38366,Wife
45661,Husband
45661,Not-in-family
45661,Other-relative
45661,Own-child
45661,Unmarried
45661,Wife
40497,Not-in-family
40497,Unmarried
24067,Husband
24067,Not-in-family
24067,Other-relative
24067,Own-child
24067,Unmarried
24067,Wife
34607,Not-in-family
34607,Unmarried
41561,Husband
41561,Not-in-family
41561,Other-relative
41561,Own-child
41561,Unmarried
41561,Wife
7799,Husband
7799,Other-relative
7799,Own-child
7799,Wife
12514,Husband
12514,Not-in-family
12514,Other-relative
12514,Own-child
12514,Unmarried
12514,Wife
28116,Husband
28116,Other-relative
28116,Own-child
28116,Wife
41584,Husband
41584,Other-relative
41584,Own-child
41584,Wife
14777,Husband
14777,Not-in-family
14777,Other-relative
14777,Own-child
14777,Unmarried
14777,Wife
14594,Husband
14594,Other-relative
14594,Own-child
14594,Wife
28398,Not-in-family
28398,Unmarried
4918,Husband
4918,Other-relative
4918,Own-child
4918,Wife
21043,Husband
21043,Not-in-family
21043,Other-relative
21043,Own-child
21043,Unmarried
21043,Wife
2842,Husband
2842,Other-relative
2842,Own-child
2842,Wife
13331,Husband
13331,Other-relative
13331,Own-child
13331,Wife
4595,Husband
4595,Not-in-family
4595,Other-relative
4595,Own-child
4595,Unmarried
4595,Wife
35692,Husband
35692,Not-in-family
35692,Other-relative
35692,Own-child
35692,Unmarried
35692,Wife
15338,Husband
15338,Not-in-family
15338,Other-relative
15338,Own-child
15338,Unmarried
15338,Wife
17934,Husband
17934,Not-in-family
17934,Other-relative
17934,Own-child
17934,Unmarried
17934,Wife
2478,Husband
2478,Other-relative
2478,Own-child
2478,Wife
36142,Husband
36142,Not-in-family
36142,Other-relative
36142,Own-child
36142,Unmarried
36142,Wife
13102,Not-in-family
13102,Unmarried
6206,Husband
6206,Other-relative
6206,Own-child
6206,Wife
8192,Husband
8192,Not-in-family
8192,Other-relative
8192,Own-child
8192,Unmarried
8192,Wife
29741,Husband
29741,Not-in-family
29741,Other-relative
29741,Own-child
29741,Unmarried
29741,Wife
10021,Husband
10021,Not-in-family
10021,Other-relative
10021,Own-child
10021,Unmarried
10021,Wife
4602,Husband
4602,Not-in-family
4602,Other-relative
4602,Own-child
4602,Unmarried
4602,Wife
1427,Husband
1427,Not-in-family
1427,Other-relative
1427,Own-child
1427,Unmarried
1427,Wife
28361,Husband
28361,Other-relative
28361,Own-child
28361,Wife
2834,Husband
2834,Not-in-family
2834,Other-relative
2834,Own-child
2834,Unmarried
2834,Wife
36557,Husband
36557,Not-in-family
36557,Other-relative
36557,Own-child
36557,Unmarried
36557,Wife
14765,Husband
14765,Not-in-family
14765,Other-relative
14765,Own-child
14765,Unmarried
14765,Wife
10261,Husband
10261,Not-in-family
10261,Other-relative
10261,Own-child
10261,Unmarried
10261,Wife
2958,Not-in-family
2958,Unmarried
18406,Husband
18406,Not-in-family
18406,Other-relative
18406,Own-child
18406,Unmarried
18406,Wife
29920,Not-in-family
29920,Unmarried
37300,Husband
37300,Not-in-family
37300,Other-relative
37300,Own-child
37300,Unmarried
37300,Wife
17555,Husband
17555,Other-relative
17555,Own-child
17555,Wife
19701,Husband
19701,Not-in-family
19701,Other-relative
19701,Own-child
19701,Unmarried
19701,Wife
24646,Husband
24646,Other-relative
24646,Own-child
24646,Wife
39424,Husband
39424,Not-in-family
39424,Other-relative
39424,Own-child
39424,Unmarried
39424,Wife
8257,Husband
8257,Other-relative
8257,Own-child
8257,Wife
16657,Husband
16657,Other-relative
16657,Own-child
16657,Wife
5825,Not-in-family
5825,Unmarried
6929,Husband
6929,Not-in-family
6929,Other-relative
6929,Own-child
6929,Unmarried
6929,Wife
21625,Husband
21625,Not-in-family
21625,Other-relative
21625,Own-child
21625,Unmarried
21625,Wife
10271,Not-in-family
10271,Unmarried
16531,Husband
16531,Not-in-family
16531,Other-relative
16531,Own-child
16531,Unmarried
16531,Wife
43080,Husband
43080,Not-in-family
43080,Other-relative
43080,Own-child
43080,Unmarried
43080,Wife
39818,Not-in-family
39818,Unmarried
47907,Husband
47907,Other-relative
47907,Own-child
47907,Wife
19543,Husband
19543,Other-relative
19543,Own-child
19543,Wife
42577,Not-in-family
42577,Unmarried
5023,Not-in-family
5023,Unmarried
22043,Husband
22043,Not-in-family
22043,Other-relative
22043,Own-child
22043,Unmarried
22043,Wife
37721,Husband
37721,Not-in-family
37721,Other-relative
37721,Own-child
37721,Unmarried
37721,Wife
11914,Husband
11914,Not-in-family
11914,Other-relative
11914,Own-child
11914,Unmarried
11914,Wife
47448,Husband
47448,Not-in-family
47448,Other-relative
47448,Own-child
47448,Unmarried
47448,Wife
17426,Husband
17426,Other-relative
17426,Own-child
17426,Wife
22107,Husband
22107,Not-in-family
22107,Other-relative
22107,Own-child
22107,Unmarried
22107,Wife
8261,Not-in-family
8261,Unmarried
2935,Husband
2935,Other-relative
2935,Own-child
2935,Wife
9127,Not-in-family
9127,Unmarried
13755,Husband
13755,Other-relative
13755,Own-child
13755,Wife
18022,Husband
18022,Not-in-family
18022,Other-relative
18022,Own-child
18022,Unmarried
18022,Wife
42451,Husband
42451,Not-in-family
42451,Other-relative
42451,Own-child
42451,Unmarried
42451,Wife
27189,Husband
27189,Other-relative
27189,Own-child
27189,Wife
11038,Husband
11038,Not-in-family
11038,Other-relative
11038,Own-child
11038,Unmarried
11038,Wife
20352,Husband
20352,Other-relative
20352,Own-child
20352,Wife
14907,Husband
14907,Other-relative
14907,Own-child
14907,Wife
10713,Husband
10713,Not-in-family
10713,Other-relative
10713,Own-child
10713,Unmarried
10713,Wife
9466,Husband
9466,Other-relative
9466,Own-child
9466,Wife
1090,Husband
1090,Other-relative
1090,Own-child
1090,Wife
21089,Husband
21089,Other-relative
21089,Own-child
21089,Wife
41562,Husband
41562,Not-in-family
41562,Other-relative
41562,Own-child
41562,Unmarried
41562,Wife
36388,Husband
36388,Other-relative
36388,Own-child
36388,Wife
16914,Husband
16914,Other-relative
16914,Own-child
16914,Wife
32993,Husband
32993,Not-in-family
32993,Other-relative
32993,Own-child
32993,Unmarried
32993,Wife
19444,Husband
19444,Other-relative
19444,Own-child
19444,Wife
36321,Husband
36321,Not-in-family
36321,Other-relative
36321,Own-child
36321,Unmarried
36321,Wife
45188,Husband
45188,Not-in-family
45188,Other-relative
45188,Own-child
45188,Unmarried
45188,Wife
27434,Husband
27434,Other-relative
27434,Own-child
27434,Wife
22812,Husband
22812,Not-in-family
22812,Other-relative
22812,Own-child
22812,Unmarried
22812,Wife
11276,Husband
11276,Not-in-family
11276,Other-relative
11276,Own-child
11276,Unmarried
11276,Wife
33884,Husband
33884,Other-relative
33884,Own-child
33884,Wife
26843,Husband
26843,Other-relative
26843,Own-child
26843,Wife
13874,Not-in-family
13874,Unmarried
42732,Husband
42732,Other-relative
42732,Own-child
42732,Wife
35521,Husband
35521,Not-in-family
35521,Other-relative
35521,Own-child
35521,Unmarried
35521,Wife
12171,Husband
12171,Not-in-family
12171,Other-relative
12171,Own-child
12171,Unmarried
12171,Wife
12598,Not-in-family
12598,Unmarried
38466,Not-in-family
38466,Unmarried
5484,Husband
5484,Not-in-family
5484,Other-relative
5484,Own-child
5484,Unmarried
5484,Wife
38663,Husband
38663,Not-in-family
38663,Other-relative
38663,Own-child
38663,Unmarried
38663,Wife
33729,Husband
33729,Other-relative
33729,Own-child
33729,Wife
19135,Husband
19135,Not-in-family
19135,Other-relative
19135,Own-child
19135,Unmarried
19135,Wife
14450,Husband
14450,Not-in-family
14450,Other-relative
14450,Own-child
14450,Unmarried
14450,Wife
28287,Husband
28287,Not-in-family
28287,Other-relative
28287,Own-child
28287,Unmarried
28287,Wife
24062,Husband
24062,Other-relative
24062,Own-child
24062,Wife
25573,Not-in-family
25573,Unmarried
13628,Husband
13628,Not-in-family
13628,Other-relative
13628,Own-child
13628,Unmarried
13628,Wife
15838,Not-in-family
15838,Unmarried
12872,Husband
12872,Not-in-family
12872,Other-relative
12872,Own-child
12872,Unmarried
12872,Wife
12252,Husband
12252,Not-in-family
12252,Other-relative
12252,Own-child
12252,Unmarried
12252,Wife
7689,Husband
7689,Other-relative
7689,Own-child
7689,Wife
578,Husband
578,Not-in-family
578,Other-relative
578,Own-child
578,Unmarried
578,Wife
31615,Husband
31615,Other-relative
31615,Own-child
31615,Wife
26884,Husband
26884,Other-relative
26884,Own-child
26884,Wife
3335,Husband
3335,Not-in-family
3335,Other-relative
3335,Own-child
3335,Unmarried
3335,Wife
8389,Not-in-family
8389,Unmarried
28502,Husband
28502,Not-in-family
28502,Other-relative
28502,Own-child
28502,Unmarried
28502,Wife
31329,Husband
31329,Not-in-family
31329,Other-relative
31329,Own-child
31329,Unmarried
31329,Wife
37679,Husband
37679,Other-relative
37679,Own-child
37679,Wife
20350,Husband
20350,Not-in-family
20350,Other-relative
20350,Own-child
20350,Unmarried
20350,Wife
29344,Husband
29344,Other-relative
29344,Own-child
29344,Wife
30241,Husband
30241,Not-in-family
30241,Other-relative
30241,Own-child
30241,Unmarried
30241,Wife
47446,Husband
47446,Other-relative
47446,Own-child
47446,Wife
12788,Husband
12788,Not-in-family
12788,Other-relative
12788,Own-child
12788,Unmarried
12788,Wife
18703,Not-in-family
18703,Unmarried
16051,Husband
16051,Other-relative
16051,Own-child
16051,Wife
15945,Husband
15945,Not-in-family
15945,Other-relative
15945,Own-child
15945,Unmarried
15945,Wife
45127,Husband
45127,Not-in-family
45127,Other-relative
45127,Own-child
45127,Unmarried
45127,Wife
1898,Husband
1898,Not-in-family
1898,Other-relative
1898,Own-child
1898,Unmarried
1898,Wife
45845,Husband
45845,Not-in-family
45845,Other-relative
45845,Own-child
45845,Unmarried
45845,Wife
9585,Husband
9585,Not-in-family
9585,Other-relative
9585,Own-child
9585,Unmarried
9585,Wife
24204,Husband
24204,Not-in-family
24204,Other-relative
24204,Own-child
24204,Unmarried
24204,Wife
21421,Husband
21421,Not-in-family
21421,Other-relative
21421,Own-child
21421,Unmarried
21421,Wife
45880,Husband
45880,Not-in-family
45880,Other-relative
45880,Own-child
45880,Unmarried
45880,Wife
25043,Husband
25043,Not-in-family
25043,Other-relative
25043,Own-child
25043,Unmarried
25043,Wife
14948,Husband
14948,Other-relative
14948,Own-child
14948,Wife
25158,Husband
25158,Not-in-family
25158,Other-relative
25158,Own-child
25158,Unmarried
25158,Wife
36659,Husband
36659,Other-relative
36659,Own-child
36659,Wife
5030,Husband
5030,Other-relative
5030,Own-child
5030,Wife
4330,Husband
4330,Other-relative
4330,Own-child
4330,Wife
12000,Husband
12000,Other-relative
12000,Own-child
12000,Wife
22530,Husband
22530,Other-relative
22530,Own-child
22530,Wife
1610,Husband
1610,Not-in-family
1610,Other-relative
1610,Own-child
1610,Unmarried
1610,Wife
46934,Husband
46934,Not-in-family
46934,Other-relative
46934,Own-child
46934,Unmarried
46934,Wife
15451,Husband
15451,Not-in-family
15451,Other-relative
15451,Own-child
15451,Unmarried
15451,Wife
8461,Husband
8461,Not-in-family
8461,Other-relative
8461,Own-child
8461,Unmarried
8461,Wife
33778,Husband
33778,Not-in-family
33778,Other-relative
33778,Own-child
33778,Unmarried
33778,Wife
20486,Husband
20486,Other-relative
20486,Own-child
20486,Wife
30651,Husband
30651,Not-in-family
30651,Other-relative
30651,Own-child
30651,Unmarried
30651,Wife
22596,Husband
22596,Not-in-family
22596,Other-relative
22596,Own-child
22596,Unmarried
22596,Wife
35085,Husband
35085,Other-relative
35085,Own-child
35085,Wife
43439,Husband
43439,Not-in-family
43439,Other-relative
43439,Own-child
43439,Unmarried
43439,Wife
33005,Husband
33005,Other-relative
33005,Own-child
33005,Wife
12602,Husband
12602,Other-relative
12602,Own-child
12602,Wife
10759,Husband
10759,Other-relative
10759,Own-child
10759,Wife
15657,Not-in-family
15657,Unmarried
29524,Husband
29524,Not-in-family
29524,Other-relative
29524,Own-child
29524,Unmarried
29524,Wife
23776,Husband
23776,Not-in-family
23776,Other-relative
23776,Own-child
23776,Unmarried
23776,Wife
35238,Husband
35238,Other-relative
35238,Own-child
35238,Wife
12764,Husband
12764,Not-in-family
12764,Other-relative
12764,Own-child
12764,Unmarried
12764,Wife
17206,Husband
17206,Other-relative
17206,Own-child
17206,Wife
20299,Husband
20299,Not-in-family
20299,Other-relative
20299,Own-child
20299,Unmarried
20299,Wife
44627,Husband
44627,Not-in-family
44627,Other-relative
44627,Own-child
44627,Unmarried
44627,Wife
14325,Husband
14325,Other-relative
14325,Own-child
14325,Wife
23067,Not-in-family
23067,Unmarried
1337,Husband
1337,Not-in-family
1337,Other-relative
1337,Own-child
1337,Unmarried
1337,Wife
24459,Husband
24459,Not-in-family
24459,Other-relative
24459,Own-child
24459,Unmarried
24459,Wife
667,Husband
667,Not-in-family
667,Other-relative
667,Own-child
667,Unmarried
667,Wife
23619,Husband
23619,Not-in-family
23619,Other-relative
23619,Own-child
23619,Unmarried
23619,Wife
2584,Not-in-family
2584,Unmarried
23464,Husband
23464,Not-in-family
23464,Other-relative
23464,Own-child
23464,Unmarried
23464,Wife
8792,Husband
8792,Other-relative
8792,Own-child
8792,Wife
7638,Husband
7638,Other-relative
7638,Own-child
7638,Wife
44542,Husband
44542,Not-in-family
44542,Other-relative
44542,Own-child
44542,Unmarried
44542,Wife
27406,Husband
27406,Not-in-family
27406,Other-relative
27406,Own-child
27406,Unmarried
27406,Wife
25366,Husband
25366,Not-in-family
25366,Other-relative
25366,Own-child
25366,Unmarried
25366,Wife
38447,Husband
38447,Not-in-family
38447,Other-relative
38447,Own-child
38447,Unmarried
38447,Wife
43388,Not-in-family
43388,Unmarried
512,Husband
512,Not-in-family
512,Other-relative
512,Own-child
512,Unmarried
512,Wife
22113,Not-in-family
22113,Unmarried
26033,Husband
26033,Not-in-family
26033,Other-relative
26033,Own-child
26033,Unmarried
26033,Wife
8718,Husband
8718,Other-relative
8718,Own-child
8718,Wife
7003,Husband
7003,Not-in-family
7003,Other-relative
7003,Own-child
7003,Unmarried
7003,Wife
23647,Husband
23647,Not-in-family
23647,Other-relative
23647,Own-child
23647,Unmarried
23647,Wife
32764,Husband
32764,Not-in-family
32764,Other-relative
32764,Own-child
32764,Unmarried
32764,Wife
42920,Husband
42920,Not-in-family
42920,Other-relative
42920,Own-child
42920,Unmarried
42920,Wife
34438,Not-in-family
34438,Unmarried
44059,Husband
44059,Other-relative
44059,Own-child
44059,Wife
42544,Husband
42544,Other-relative
42544,Own-child
42544,Wife
37310,Husband
37310,Not-in-family
37310,Other-relative
37310,Own-child
37310,Unmarried
37310,Wife
37667,Husband
37667,Other-relative
37667,Own-child
37667,Wife
9288,Husband
9288,Not-in-family
9288,Other-relative
9288,Own-child
9288,Unmarried
9288,Wife
21942,Husband
21942,Not-in-family
21942,Other-relative
21942,Own-child
21942,Unmarried
21942,Wife
27587,Husband
27587,Other-relative
27587,Own-child
27587,Wife
37636,Husband
37636,Other-relative
37636,Own-child
37636,Wife
42908,Husband
42908,Other-relative
42908,Own-child
42908,Wife
6165,Husband
6165,Other-relative
6165,Own-child
6165,Wife
4045,Husband
4045,Not-in-family
4045,Other-relative
4045,Own-child
4045,Unmarried
4045,Wife
17686,Husband
17686,Other-relative
17686,Own-child
17686,Wife
41459,Husband
41459,Other-relative
41459,Own-child
41459,Wife
45615,Husband
45615,Other-relative
45615,Own-child
45615,Wife
10653,Husband
10653,Not-in-family
10653,Other-relative
10653,Own-child
10653,Unmarried
10653,Wife
20577,Husband
20577,Not-in-family
20577,Other-relative
20577,Own-child
20577,Unmarried
20577,Wife
47504,Husband
47504,Other-relative
47504,Own-child
47504,Wife
38857,Husband
38857,Not-in-family
38857,Other-relative
38857,Own-child
38857,Unmarried
38857,Wife
26480,Husband
26480,Not-in-family
26480,Other-relative
26480,Own-child
26480,Unmarried
26480,Wife
47073,Husband
47073,Other-relative
47073,Own-child
47073,Wife
44661,Husband
44661,Not-in-family
44661,Other-relative
44661,Own-child
44661,Unmarried
44661,Wife
32686,Husband
32686,Not-in-family
32686,Other-relative
32686,Own-child
32686,Unmarried
32686,Wife
18683,Husband
18683,Other-relative
18683,Own-child
18683,Wife
24959,Husband
24959,Not-in-family
24959,Other-relative
24959,Own-child
24959,Unmarried
24959,Wife
46824,Not-in-family
46824,Unmarried
11002,Husband
11002,Not-in-family
11002,Other-relative
11002,Own-child
11002,Unmarried
11002,Wife
31066,Not-in-family
31066,Unmarried
9802,Husband
9802,Not-in-family
9802,Other-relative
9802,Own-child
9802,Unmarried
9802,Wife
44373,Husband
44373,Not-in-family
44373,Other-relative
44373,Own-child
44373,Unmarried
44373,Wife
36111,Husband
36111,Not-in-family
36111,Other-relative
36111,Own-child
36111,Unmarried
36111,Wife
29358,Husband
29358,Not-in-family
29358,Other-relative
29358,Own-child
29358,Unmarried
29358,Wife
29635,Husband
29635,Not-in-family
29635,Other-relative
29635,Own-child
29635,Unmarried
29635,Wife
41531,Husband
41531,Not-in-family
41531,Other-relative
41531,Own-child
41531,Unmarried
41531,Wife
27533,Husband
27533,Not-in-family
27533,Other-relative
27533,Own-child
27533,Unmarried
27533,Wife
9352,Husband
9352,Other-relative
9352,Own-child
9352,Wife
40177,Husband
40177,Not-in-family
40177,Other-relative
40177,Own-child
40177,Unmarried
40177,Wife
10080,Husband
10080,Not-in-family
10080,Other-relative
10080,Own-child
10080,Unmarried
10080,Wife
47776,Husband
47776,Other-relative
47776,Own-child
47776,Wife
12486,Husband
12486,Other-relative
12486,Own-child
12486,Wife
23398,Husband
23398,Other-relative
23398,Own-child
23398,Wife
27978,Husband
27978,Other-relative
27978,Own-child
27978,Wife
25347,Husband
25347,Other-relative
25347,Own-child
25347,Wife
44296,Not-in-family
44296,Unmarried
28981,Husband
28981,Other-relative
28981,Own-child
28981,Wife
42405,Husband
42405,Not-in-family
42405,Other-relative
42405,Own-child
42405,Unmarried
42405,Wife
44065,Husband
44065,Not-in-family
44065,Other-relative
44065,Own-child
44065,Unmarried
44065,Wife
3283,Husband
3283,Other-relative
3283,Own-child
3283,Wife
33310,Husband
33310,Other-relative
33310,Own-child
33310,Wife
8710,Husband
8710,Other-relative
8710,Own-child
8710,Wife
9369,Husband
9369,Not-in-family
9369,Other-relative
9369,Own-child
9369,Unmarried
9369,Wife
3682,Husband
3682,Not-in-family
3682,Other-relative
3682,Own-child
3682,Unmarried
3682,Wife
9604,Husband
9604,Other-relative
9604,Own-child
9604,Wife
16247,Not-in-family
16247,Unmarried
5882,Husband
5882,Other-relative
5882,Own-child
5882,Wife
23420,Husband
23420,Not-in-family
23420,Other-relative
23420,Own-child
23420,Unmarried
23420,Wife
19689,Husband
19689,Other-relative
19689,Own-child
19689,Wife
18004,Husband
18004,Other-relative
18004,Own-child
18004,Wife
40730,Husband
40730,Not-in-family
40730,Other-relative
40730,Own-child
40730,Unmarried
40730,Wife
21034,Husband
21034,Not-in-family
21034,Other-relative
21034,Own-child
21034,Unmarried
21034,Wife
14657,Husband
14657,Not-in-family
14657,Other-relative
14657,Own-child
14657,Unmarried
14657,Wife
18018,Husband
18018,Not-in-family
18018,Other-relative
18018,Own-child
18018,Unmarried
18018,Wife
37188,Husband
37188,Other-relative
37188,Own-child
37188,Wife
29332,Husband
29332,Other-relative
29332,Own-child
29332,Wife
41809,Husband
41809,Not-in-family
41809,Other-relative
41809,Own-child
41809,Unmarried
41809,Wife
42005,Husband
42005,Other-relative
42005,Own-child
42005,Wife
34413,Husband
34413,Not-in-family
34413,Other-relative
34413,Own-child
34413,Unmarried
34413,Wife
1250,Husband
1250,Not-in-family
1250,Other-relative
1250,Own-child
1250,Unmarried
1250,Wife
38441,Husband
38441,Not-in-family
38441,Other-relative
38441,Own-child
38441,Unmarried
38441,Wife
37212,Not-in-family
37212,Unmarried
8247,Not-in-family
8247,Unmarried
21129,Not-in-family
21129,Unmarried
3054,Husband
3054,Not-in-family
3054,Other-relative
3054,Own-child
3054,Unmarried
3054,Wife
44201,Not-in-family
44201,Unmarried
22203,Husband
22203,Not-in-family
22203,Other-relative
22203,Own-child
22203,Unmarried
22203,Wife
46267,Husband
46267,Not-in-family
46267,Other-relative
46267,Own-child
46267,Unmarried
46267,Wife
26589,Husband
26589,Not-in-family
26589,Other-relative
26589,Own-child
26589,Unmarried
26589,Wife
43399,Not-in-family
43399,Unmarried
26343,Husband
26343,Other-relative
26343,Own-child
26343,Wife
44251,Husband
44251,Other-relative
44251,Own-child
44251,Wife
39886,Not-in-family
39886,Unmarried
28520,Husband
28520,Other-relative
28520,Own-child
28520,Wife
15666,Husband
15666,Not-in-family
15666,Other-relative
15666,Own-child
15666,Unmarried
15666,Wife
17008,Husband
17008,Not-in-family
17008,Other-relative
17008,Own-child
17008,Unmarried
17008,Wife
16481,Husband
16481,Not-in-family
16481,Other-relative
16481,Own-child
16481,Unmarried
16481,Wife
26550,Husband
26550,Not-in-family
26550,Other-relative
26550,Own-child
26550,Unmarried
26550,Wife
11235,Husband
11235,Not-in-family
11235,Other-relative
11235,Own-child
11235,Unmarried
11235,Wife
11113,Husband
11113,Not-in-family
11113,Other-relative
11113,Own-child
11113,Unmarried
11113,Wife
946,Not-in-family
946,Unmarried
29044,Husband
29044,Other-relative
29044,Own-child
29044,Wife
17700,Husband
17700,Not-in-family
17700,Other-relative
17700,Own-child
17700,Unmarried
17700,Wife
18958,Not-in-family
18958,Unmarried
7522,Husband
7522,Not-in-family
7522,Other-relative
7522,Own-child
7522,Unmarried
7522,Wife
488,Not-in-family
488,Unmarried
4386,Husband
4386,Not-in-family
4386,Other-relative
4386,Own-child
4386,Unmarried
4386,Wife
35417,Not-in-family
35417,Unmarried
32886,Husband
32886,Other-relative
32886,Own-child
32886,Wife
48315,Not-in-family
48315,Unmarried
48139,Husband
48139,Not-in-family
48139,Other-relative
48139,Own-child
48139,Unmarried
48139,Wife
34676,Husband
34676,Not-in-family
34676,Other-relative
34676,Own-child
34676,Unmarried
34676,Wife
15514,Husband
15514,Not-in-family
15514,Other-relative
15514,Own-child
15514,Unmarried
15514,Wife
5100,Husband
5100,Not-in-family
5100,Other-relative
5100,Own-child
5100,Unmarried
5100,Wife
44510,Not-in-family
44510,Unmarried
15396,Husband
15396,Other-relative
15396,Own-child
15396,Wife
4927,Husband
4927,Other-relative
4927,Own-child
4927,Wife
23492,Husband
23492,Not-in-family
23492,Other-relative
23492,Own-child
23492,Unmarried
23492,Wife
26209,Husband
26209,Not-in-family
26209,Other-relative
26209,Own-child
26209,Unmarried
26209,Wife
10147,Husband
10147,Not-in-family
10147,Other-relative
10147,Own-child
10147,Unmarried
10147,Wife
39009,Not-in-family
39009,Unmarried
31625,Husband
31625,Not-in-family
31625,Other-relative
31625,Own-child
31625,Unmarried
31625,Wife
18268,Husband
18268,Not-in-family
18268,Other-relative
18268,Own-child
18268,Unmarried
18268,Wife
41472,Not-in-family
41472,Unmarried
21990,Husband
21990,Not-in-family
21990,Other-relative
21990,Own-child
21990,Unmarried
21990,Wife
44967,Not-in-family
44967,Unmarried
32587,Husband
32587,Other-relative
32587,Own-child
32587,Wife
16363,Husband
16363,Not-in-family
16363,Other-relative
16363,Own-child
16363,Unmarried
16363,Wife
3052,Husband
3052,Other-relative
3052,Own-child
3052,Wife
18185,Not-in-family
18185,Unmarried
22029,Husband
22029,Not-in-family
22029,Other-relative
22029,Own-child
22029,Unmarried
22029,Wife
15272,Husband
15272,Not-in-family
15272,Other-relative
15272,Own-child
15272,Unmarried
15272,Wife
12583,Not-in-family
12583,Unmarried
43784,Husband
43784,Other-relative
43784,Own-child
43784,Wife
41411,Husband
41411,Other-relative
41411,Own-child
41411,Wife
31893,Not-in-family
31893,Unmarried
5902,Husband
5902,Other-relative
5902,Own-child
5902,Wife
32362,Husband
32362,Not-in-family
32362,Other-relative
32362,Own-child
32362,Unmarried
32362,Wife
33737,Husband
33737,Not-in-family
33737,Other-relative
33737,Own-child
33737,Unmarried
33737,Wife
2622,Husband
2622,Other-relative
2622,Own-child
2622,Wife
24712,Husband
24712,Not-in-family
24712,Other-relative
24712,Own-child
24712,Unmarried
24712,Wife
29913,Husband
29913,Other-relative
29913,Own-child
29913,Wife
48563,Husband
48563,Not-in-family
48563,Other-relative
48563,Own-child
48563,Unmarried
48563,Wife
43373,Husband
43373,Not-in-family
43373,Other-relative
43373,Own-child
43373,Unmarried
43373,Wife
33365,Husband
33365,Not-in-family
33365,Other-relative
33365,Own-child
33365,Unmarried
33365,Wife
22353,Husband
22353,Not-in-family
22353,Other-relative
22353,Own-child
22353,Unmarried
22353,Wife
25743,Husband
25743,Not-in-family
25743,Other-relative
25743,Own-child
25743,Unmarried
25743,Wife
9613,Husband
9613,Not-in-family
9613,Other-relative
9613,Own-child
9613,Unmarried
9613,Wife
35171,Not-in-family
35171,Unmarried
32424,Husband
32424,Other-relative
32424,Own-child
32424,Wife
5571,Husband
5571,Other-relative
5571,Own-child
5571,Wife
30153,Husband
30153,Not-in-family
30153,Other-relative
30153,Own-child
30153,Unmarried
30153,Wife
31546,Husband
31546,Other-relative
31546,Own-child
31546,Wife
23489,Husband
23489,Other-relative
23489,Own-child
23489,Wife
37939,Husband
37939,Other-relative
37939,Own-child
37939,Wife
4994,Husband
4994,Other-relative
4994,Own-child
4994,Wife
38835,Husband
38835,Other-relative
38835,Own-child
38835,Wife
37790,Not-in-family
37790,Unmarried
4964,Husband
4964,Not-in-family
4964,Other-relative
4964,Own-child
4964,Unmarried
4964,Wife
42936,Husband
42936,Not-in-family
42936,Other-relative
42936,Own-child
42936,Unmarried
42936,Wife
13705,Husband
13705,Not-in-family
13705,Other-relative
13705,Own-child
13705,Unmarried
13705,Wife
46319,Husband
46319,Not-in-family
46319,Other-relative
46319,Own-child
46319,Unmarried
46319,Wife
23577,Not-in-family
23577,Unmarried
18644,Husband
18644,Not-in-family
18644,Other-relative
18644,Own-child
18644,Unmarried
18644,Wife
41604,Husband
41604,Not-in-family
41604,Other-relative
41604,Own-child
41604,Unmarried
41604,Wife
1983,Husband
1983,Other-relative
1983,Own-child
1983,Wife
30508,Not-in-family
30508,Unmarried
20652,Husband
20652,Not-in-family
20652,Other-relative
20652,Own-child
20652,Unmarried
20652,Wife
46341,Husband
46341,Not-in-family
46341,Other-relative
46341,Own-child
46341,Unmarried
46341,Wife
17436,Husband
17436,Not-in-family
17436,Other-relative
17436,Own-child
17436,Unmarried
17436,Wife
33755,Not-in-family
33755,Unmarried
39383,Not-in-family
39383,Unmarried
45825,Husband
45825,Not-in-family
45825,Other-relative
45825,Own-child
45825,Unmarried
45825,Wife
12833,Husband
12833,Not-in-family
12833,Other-relative
12833,Own-child
12833,Unmarried
12833,Wife
3103,Husband
3103,Other-relative
3103,Own-child
3103,Wife
45019,Husband
45019,Other-relative
45019,Own-child
45019,Wife
46658,Husband
46658,Not-in-family
46658,Other-relative
46658,Own-child
46658,Unmarried
46658,Wife
23289,Not-in-family
23289,Unmarried
32543,Not-in-family
32543,Unmarried
1553,Husband
1553,Not-in-family
1553,Other-relative
1553,Own-child
1553,Unmarried
1553,Wife
6687,Not-in-family
6687,Unmarried
11627,Husband
11627,Not-in-family
11627,Other-relative
11627,Own-child
11627,Unmarried
11627,Wife
31906,Husband
31906,Other-relative
31906,Own-child
31906,Wife
34175,Not-in-family
34175,Unmarried
20235,Husband
20235,Not-in-family
20235,Other-relative
20235,Own-child
20235,Unmarried
20235,Wife
48476,Husband
48476,Other-relative
48476,Own-child
48476,Wife
2477,Not-in-family
2477,Unmarried
42643,Husband
42643,Other-relative
42643,Own-child
42643,Wife
37031,Husband
37031,Not-in-family
37031,Other-relative
37031,Own-child
37031,Unmarried
37031,Wife
43740,Husband
43740,Not-in-family
43740,Other-relative
43740,Own-child
43740,Unmarried
43740,Wife
840,Husband
840,Not-in-family
840,Other-relative
840,Own-child
840,Unmarried
840,Wife
47708,Not-in-family
47708,Unmarried
26010,Husband
26010,Other-relative
26010,Own-child
26010,Wife
32951,Husband
32951,Not-in-family
32951,Other-relative
32951,Own-child
32951,Unmarried
32951,Wife
13869,Husband
13869,Not-in-family
13869,Other-relative
13869,Own-child
13869,Unmarried
13869,Wife
41249,Not-in-family
41249,Unmarried
29342,Husband
29342,Not-in-family
29342,Other-relative
29342,Own-child
29342,Unmarried
29342,Wife
13315,Husband
13315,Other-relative
13315,Own-child
13315,Wife
28717,Husband
28717,Not-in-family
28717,Other-relative
28717,Own-child
28717,Unmarried
28717,Wife
38947,Not-in-family
38947,Unmarried
2660,Husband
2660,Not-in-family
2660,Other-relative
2660,Own-child
2660,Unmarried
2660,Wife
37082,Husband
37082,Not-in-family
37082,Other-relative
37082,Own-child
37082,Unmarried
37082,Wife
13659,Not-in-family
13659,Unmarried
5804,Husband
5804,Not-in-family
5804,Other-relative
5804,Own-child
5804,Unmarried
5804,Wife
40099,Husband
40099,Other-relative
40099,Own-child
40099,Wife
35788,Not-in-family
35788,Unmarried
20526,Husband
20526,Other-relative
20526,Own-child
20526,Wife
1382,Not-in-family
1382,Unmarried
3529,Not-in-family
3529,Unmarried
36072,Husband
36072,Not-in-family
36072,Other-relative
36072,Own-child
36072,Unmarried
36072,Wife
26810,Husband
26810,Other-relative
26810,Own-child
26810,Wife
31874,Husband
31874,Not-in-family
31874,Other-relative
31874,Own-child
31874,Unmarried
31874,Wife
24401,Husband
24401,Not-in-family
24401,Other-relative
24401,Own-child
24401,Unmarried
24401,Wife
37745,Husband
37745,Not-in-family
37745,Other-relative
37745,Own-child
37745,Unmarried
37745,Wife
43245,Husband
43245,Other-relative
43245,Own-child
43245,Wife
30704,Not-in-family
30704,Unmarried
41532,Not-in-family
41532,Unmarried
1170,Not-in-family
1170,Unmarried
44978,Husband
44978,Not-in-family
44978,Other-relative
44978,Own-child
44978,Unmarried
44978,Wife
14267,Husband
14267,Not-in-family
14267,Other-relative
14267,Own-child
14267,Unmarried
14267,Wife
35847,Husband
35847,Not-in-family
35847,Other-relative
35847,Own-child
35847,Unmarried
35847,Wife
12131,Husband
12131,Not-in-family
12131,Other-relative
12131,Own-child
12131,Unmarried
12131,Wife
21839,Husband
21839,Not-in-family
21839,Other-relative
21839,Own-child
21839,Unmarried
21839,Wife
9959,Husband
9959,Other-relative
9959,Own-child
9959,Wife
26939,Husband
26939,Not-in-family
26939,Other-relative
26939,Own-child
26939,Unmarried
26939,Wife
12635,Husband
12635,Not-in-family
12635,Other-relative
12635,Own-child
12635,Unmarried
12635,Wife
17119,Husband
17119,Not-in-family
17119,Other-relative
17119,Own-child
17119,Unmarried
17119,Wife
17662,Husband
17662,Not-in-family
17662,Other-relative
17662,Own-child
17662,Unmarried
17662,Wife
28740,Husband
28740,Other-relative
28740,Own-child
28740,Wife
29539,Husband
29539,Other-relative
29539,Own-child
29539,Wife
41836,Not-in-family
41836,Unmarried
28440,Husband
28440,Other-relative
28440,Own-child
28440,Wife
3624,Husband
3624,Not-in-family
3624,Other-relative
3624,Own-child
3624,Unmarried
3624,Wife
22389,Husband
22389,Other-relative
22389,Own-child
22389,Wife
38195,Husband
38195,Other-relative
38195,Own-child
38195,Wife
30014,Husband
30014,Not-in-family
30014,Other-relative
30014,Own-child
30014,Unmarried
30014,Wife
46499,Husband
46499,Not-in-family
46499,Other-relative
46499,Own-child
46499,Unmarried
46499,Wife
4589,Husband
4589,Not-in-family
4589,Other-relative
4589,Own-child
4589,Unmarried
4589,Wife
29265,Husband
29265,Other-relative
29265,Own-child
29265,Wife
35571,Husband
35571,Not-in-family
35571,Other-relative
35571,Own-child
35571,Unmarried
35571,Wife
46568,Husband
46568,Not-in-family
46568,Other-relative
46568,Own-child
46568,Unmarried
46568,Wife
25760,Husband
25760,Not-in-family
25760,Other-relative
25760,Own-child
25760,Unmarried
25760,Wife
22371,Not-in-family
22371,Unmarried
20180,Husband
20180,Not-in-family
20180,Other-relative
20180,Own-child
20180,Unmarried
20180,Wife
32116,Husband
32116,Other-relative
32116,Own-child
32116,Wife
12313,Not-in-family
12313,Unmarried
15254,Not-in-family
15254,Unmarried
37783,Not-in-family
37783,Unmarried
13193,Husband
13193,Not-in-family
13193,Other-relative
13193,Own-child
13193,Unmarried
13193,Wife
19273,Husband
19273,Not-in-family
19273,Other-relative
19273,Own-child
19273,Unmarried
19273,Wife
40821,Husband
40821,Other-relative
40821,Own-child
40821,Wife
11676,Not-in-family
11676,Unmarried
14844,Husband
14844,Other-relative
14844,Own-child
14844,Wife
11997,Husband
11997,Other-relative
11997,Own-child
11997,Wife
15631,Husband
15631,Other-relative
15631,Own-child
15631,Wife
42198,Husband
42198,Other-relative
42198,Own-child
42198,Wife
27912,Husband
27912,Other-relative
27912,Own-child
27912,Wife
32331,Husband
32331,Not-in-family
32331,Other-relative
32331,Own-child
32331,Unmarried
32331,Wife
19928,Not-in-family
19928,Unmarried
21225,Husband
21225,Not-in-family
21225,Other-relative
21225,Own-child
21225,Unmarried
21225,Wife
22430,Husband
22430,Not-in-family
22430,Other-relative
22430,Own-child
22430,Unmarried
22430,Wife
18908,Not-in-family
18908,Unmarried
37771,Husband
37771,Not-in-family
37771,Other-relative
37771,Own-child
37771,Unmarried
37771,Wife
16264,Husband
16264,Not-in-family
16264,Other-relative
16264,Own-child
16264,Unmarried
16264,Wife
7591,Husband
7591,Not-in-family
7591,Other-relative
7591,Own-child
7591,Unmarried
7591,Wife
33598,Husband
33598,Not-in-family
33598,Other-relative
33598,Own-child
33598,Unmarried
33598,Wife
16738,Husband
16738,Not-in-family
16738,Other-relative
16738,Own-child
16738,Unmarried
16738,Wife
27106,Husband
27106,Not-in-family
27106,Other-relative
27106,Own-child
27106,Unmarried
27106,Wife
39528,Husband
39528,Not-in-family
39528,Other-relative
39528,Own-child
39528,Unmarried
39528,Wife
32038,Husband
32038,Not-in-family
32038,Other-relative
32038,Own-child
32038,Unmarried
32038,Wife
16782,Husband
16782,Other-relative
16782,Own-child
16782,Wife
19704,Not-in-family
19704,Unmarried
18514,Husband
18514,Not-in-family
18514,Other-relative
18514,Own-child
18514,Unmarried
18514,Wife
27791,Husband
27791,Other-relative
27791,Own-child
27791,Wife
1663,Husband
1663,Not-in-family
1663,Other-relative
1663,Own-child
1663,Unmarried
1663,Wife
25082,Husband
25082,Not-in-family
25082,Other-relative
25082,Own-child
25082,Unmarried
25082,Wife
42028,Husband
42028,Other-relative
42028,Own-child
42028,Wife
18494,Husband
18494,Not-in-family
18494,Other-relative
18494,Own-child
18494,Unmarried
18494,Wife
41130,Not-in-family
41130,Unmarried
35901,Husband
35901,Other-relative
35901,Own-child
35901,Wife
5131,Husband
5131,Other-relative
5131,Own-child
5131,Wife
35890,Husband
35890,Not-in-family
35890,Other-relative
35890,Own-child
35890,Unmarried
35890,Wife
40956,Husband
40956,Other-relative
40956,Own-child
40956,Wife
33743,Husband
33743,Not-in-family
33743,Other-relative
33743,Own-child
33743,Unmarried
33743,Wife
9429,Husband
9429,Not-in-family
9429,Other-relative
9429,Own-child
9429,Unmarried
9429,Wife
22603,Not-in-family
22603,Unmarried
24772,Husband
24772,Not-in-family
24772,Other-relative
24772,Own-child
24772,Unmarried
24772,Wife
8326,Husband
8326,Not-in-family
8326,Other-relative
8326,Own-child
8326,Unmarried
8326,Wife
45579,Husband
45579,Not-in-family
45579,Other-relative
45579,Own-child
45579,Unmarried
45579,Wife
7733,Husband
7733,Not-in-family
7733,Other-relative
7733,Own-child
7733,Unmarried
7733,Wife
3123,Not-in-family
3123,Unmarried
41496,Husband
41496,Other-relative
41496,Own-child
41496,Wife
25697,Husband
25697,Not-in-family
25697,Other-relative
25697,Own-child
25697,Unmarried
25697,Wife
27348,Not-in-family
27348,Unmarried
47652,Husband
47652,Not-in-family
47652,Other-relative
47652,Own-child
47652,Unmarried
47652,Wife
42507,Not-in-family
42507,Unmarried
37453,Husband
37453,Other-relative
37453,Own-child
37453,Wife
42193,Husband
42193,Not-in-family
42193,Other-relative
42193,Own-child
42193,Unmarried
42193,Wife
13715,Husband
13715,Other-relative
13715,Own-child
13715,Wife
28023,Not-in-family
28023,Unmarried
34007,Husband
34007,Not-in-family
34007,Other-relative
34007,Own-child
34007,Unmarried
34007,Wife
40254,Husband
40254,Not-in-family
40254,Other-relative
40254,Own-child
40254,Unmarried
40254,Wife
27030,Husband
27030,Not-in-family
27030,Other-relative
27030,Own-child
27030,Unmarried
27030,Wife
40736,Husband
40736,Not-in-family
40736,Other-relative
40736,Own-child
40736,Unmarried
40736,Wife
30630,Husband
30630,Not-in-family
30630,Other-relative
30630,Own-child
30630,Unmarried
30630,Wife
30547,Husband
30547,Other-relative
30547,Own-child
30547,Wife
3070,Husband
3070,Other-relative
3070,Own-child
3070,Wife
35853,Not-in-family
35853,Unmarried
15281,Husband
15281,Not-in-family
15281,Other-relative
15281,Own-child
15281,Unmarried
15281,Wife
13712,Husband
13712,Other-relative
13712,Own-child
13712,Wife
20353,Husband
20353,Other-relative
20353,Own-child
20353,Wife
16219,Husband
16219,Not-in-family
16219,Other-relative
16219,Own-child
16219,Unmarried
16219,Wife
29916,Husband
29916,Not-in-family
29916,Other-relative
29916,Own-child
29916,Unmarried
29916,Wife
21112,Not-in-family
21112,Unmarried
30783,Husband
30783,Other-relative
30783,Own-child
30783,Wife
39609,Husband
39609,Other-relative
39609,Own-child
39609,Wife
22031,Not-in-family
22031,Unmarried
18727,Husband
18727,Other-relative
18727,Own-child
18727,Wife
33093,Husband
33093,Other-relative
33093,Own-child
33093,Wife
5962,Husband
5962,Other-relative
5962,Own-child
5962,Wife
29175,Husband
29175,Not-in-family
29175,Other-relative
29175,Own-child
29175,Unmarried
29175,Wife
25548,Husband
25548,Not-in-family
25548,Other-relative
25548,Own-child
25548,Unmarried
25548,Wife
14484,Husband
14484,Not-in-family
14484,Other-relative
14484,Own-child
14484,Unmarried
14484,Wife
17763,Not-in-family
17763,Unmarried
25634,Not-in-family
25634,Unmarried
8074,Husband
8074,Other-relative
8074,Own-child
8074,Wife
11406,Husband
11406,Not-in-family
11406,Other-relative
11406,Own-child
11406,Unmarried
11406,Wife
43639,Husband
43639,Not-in-family
43639,Other-relative
43639,Own-child
43639,Unmarried
43639,Wife
837,Not-in-family
837,Unmarried
26228,Not-in-family
26228,Unmarried
20424,Not-in-family
20424,Unmarried
33180,Husband
33180,Other-relative
33180,Own-child
33180,Wife
45610,Husband
45610,Other-relative
45610,Own-child
45610,Wife
39856,Husband
39856,Not-in-family
39856,Other-relative
39856,Own-child
39856,Unmarried
39856,Wife
27728,Not-in-family
27728,Unmarried
13075,Husband
13075,Not-in-family
13075,Other-relative
13075,Own-child
13075,Unmarried
13075,Wife
27532,Husband
27532,Not-in-family
27532,Other-relative
27532,Own-child
27532,Unmarried
27532,Wife
8380,Not-in-family
8380,Unmarried
17945,Husband
17945,Not-in-family
17945,Other-relative
17945,Own-child
17945,Unmarried
17945,Wife
46425,Not-in-family
46425,Unmarried
4737,Husband
4737,Not-in-family
4737,Other-relative
4737,Own-child
4737,Unmarried
4737,Wife
37739,Husband
37739,Not-in-family
37739,Other-relative
37739,Own-child
37739,Unmarried
37739,Wife
5032,Husband
5032,Not-in-family
5032,Other-relative
5032,Own-child
5032,Unmarried
5032,Wife
48762,Husband
48762,Other-relative
48762,Own-child
48762,Wife
32625,Not-in-family
32625,Unmarried
28755,Husband
28755,Not-in-family
28755,Other-relative
28755,Own-child
28755,Unmarried
28755,Wife
21711,Husband
21711,Not-in-family
21711,Other-relative
21711,Own-child
21711,Unmarried
21711,Wife
20325,Husband
20325,Other-relative
20325,Own-child
20325,Wife
3676,Husband
3676,Not-in-family
3676,Other-relative
3676,Own-child
3676,Unmarried
3676,Wife
46188,Not-in-family
46188,Unmarried
46424,Husband
46424,Not-in-family
46424,Other-relative
46424,Own-child
46424,Unmarried
46424,Wife
11586,Husband
11586,Not-in-family
11586,Other-relative
11586,Own-child
11586,Unmarried
11586,Wife
12621,Husband
12621,Not-in-family
12621,Other-relative
12621,Own-child
12621,Unmarried
12621,Wife
10585,Husband
10585,Other-relative
10585,Own-child
10585,Wife
18175,Husband
18175,Not-in-family
18175,Other-relative
18175,Own-child
18175,Unmarried
18175,Wife
21070,Husband
21070,Other-relative
21070,Own-child
21070,Wife
38151,Husband
38151,Not-in-family
38151,Other-relative
38151,Own-child
38151,Unmarried
38151,Wife
23773,Husband
23773,Not-in-family
23773,Other-relative
23773,Own-child
23773,Unmarried
23773,Wife
23172,Husband
23172,Other-relative
23172,Own-child
23172,Wife
32045,Not-in-family
32045,Unmarried
21224,Husband
21224,Not-in-family
21224,Other-relative
21224,Own-child
21224,Unmarried
21224,Wife
23023,Husband
23023,Not-in-family
23023,Other-relative
23023,Own-child
23023,Unmarried
23023,Wife
2057,Husband
2057,Not-in-family
2057,Other-relative
2057,Own-child
2057,Unmarried
2057,Wife
21662,Not-in-family
21662,Unmarried
33350,Husband
33350,Not-in-family
33350,Other-relative
33350,Own-child
33350,Unmarried
33350,Wife
48673,Husband
48673,Not-in-family
48673,Other-relative
48673,Own-child
48673,Unmarried
48673,Wife
35292,Husband
35292,Not-in-family
35292,Other-relative
35292,Own-child
35292,Unmarried
35292,Wife
48074,Husband
48074,Not-in-family
48074,Other-relative
48074,Own-child
48074,Unmarried
48074,Wife
11103,Husband
11103,Other-relative
11103,Own-child
11103,Wife
21072,Husband
21072,Not-in-family
21072,Other-relative
21072,Own-child
21072,Unmarried
21072,Wife
14281,Husband
14281,Not-in-family
14281,Other-relative
14281,Own-child
14281,Unmarried
14281,Wife
9858,Not-in-family
9858,Unmarried
12021,Husband
12021,Other-relative
12021,Own-child
12021,Wife
4247,Husband
4247,Other-relative
4247,Own-child
4247,Wife
15744,Husband
15744,Other-relative
15744,Own-child
15744,Wife
852,Husband
852,Other-relative
852,Own-child
852,Wife
22291,Not-in-family
22291,Unmarried
29868,Not-in-family
29868,Unmarried
4419,Husband
4419,Not-in-family
4419,Other-relative
4419,Own-child
4419,Unmarried
4419,Wife
7586,Husband
7586,Other-relative
7586,Own-child
7586,Wife
17108,Husband
17108,Not-in-family
17108,Other-relative
17108,Own-child
17108,Unmarried
17108,Wife
23610,Husband
23610,Not-in-family
23610,Other-relative
23610,Own-child
23610,Unmarried
23610,Wife
28650,Husband
28650,Not-in-family
28650,Other-relative
28650,Own-child
28650,Unmarried
28650,Wife
17035,Husband
17035,Not-in-family
17035,Other-relative
17035,Own-child
17035,Unmarried
17035,Wife
25363,Husband
25363,Not-in-family
25363,Other-relative
25363,Own-child
25363,Unmarried
25363,Wife
15996,Husband
15996,Not-in-family
15996,Other-relative
15996,Own-child
15996,Unmarried
15996,Wife
9816,Husband
9816,Not-in-family
9816,Other-relative
9816,Own-child
9816,Unmarried
9816,Wife
22701,Husband
22701,Not-in-family
22701,Other-relative
22701,Own-child
22701,Unmarried
22701,Wife
30745,Husband
30745,Other-relative
30745,Own-child
30745,Wife
48265,Not-in-family
48265,Unmarried
2239,Husband
2239,Other-relative
2239,Own-child
2239,Wife
341,Husband
341,Other-relative
341,Own-child
341,Wife
47602,Husband
47602,Not-in-family
47602,Other-relative
47602,Own-child
47602,Unmarried
47602,Wife
24371,Husband
24371,Other-relative
24371,Own-child
24371,Wife
3577,Husband
3577,Not-in-family
3577,Other-relative
3577,Own-child
3577,Unmarried
3577,Wife
45505,Husband
45505,Other-relative
45505,Own-child
45505,Wife
24120,Husband
24120,Other-relative
24120,Own-child
24120,Wife
11970,Husband
11970,Other-relative
11970,Own-child
11970,Wife
2879,Husband
2879,Other-relative
2879,Own-child
2879,Wife
24276,Husband
24276,Not-in-family
24276,Other-relative
24276,Own-child
24276,Unmarried
24276,Wife
16420,Husband
16420,Not-in-family
16420,Other-relative
16420,Own-child
16420,Unmarried
16420,Wife
36965,Husband
36965,Not-in-family
36965,Other-relative
36965,Own-child
36965,Unmarried
36965,Wife
40812,Husband
40812,Other-relative
40812,Own-child
40812,Wife
17898,Husband
17898,Other-relative
17898,Own-child
17898,Wife
18320,Husband
18320,Other-relative
18320,Own-child
18320,Wife
11783,Husband
11783,Other-relative
11783,Own-child
11783,Wife
34519,Husband
34519,Not-in-family
34519,Other-relative
34519,Own-child
34519,Unmarried
34519,Wife
13632,Husband
13632,Not-in-family
13632,Other-relative
13632,Own-child
13632,Unmarried
13632,Wife
18168,Husband
18168,Other-relative
18168,Own-child
18168,Wife
35475,Not-in-family
35475,Unmarried
24605,Not-in-family
24605,Unmarried
21479,Husband
21479,Not-in-family
21479,Other-relative
21479,Own-child
21479,Unmarried
21479,Wife
25782,Husband
25782,Other-relative
25782,Own-child
25782,Wife
15968,Husband
15968,Not-in-family
15968,Other-relative
15968,Own-child
15968,Unmarried
15968,Wife
35189,Husband
35189,Not-in-family
35189,Other-relative
35189,Own-child
35189,Unmarried
35189,Wife
43127,Husband
43127,Not-in-family
43127,Other-relative
43127,Own-child
43127,Unmarried
43127,Wife
24883,Husband
24883,Not-in-family
24883,Other-relative
24883,Own-child
24883,Unmarried
24883,Wife
242,Husband
242,Not-in-family
242,Other-relative
242,Own-child
242,Unmarried
242,Wife
4356,Not-in-family
4356,Unmarried
16970,Husband
16970,Not-in-family
16970,Other-relative
16970,Own-child
16970,Unmarried
16970,Wife
31223,Not-in-family
31223,Unmarried
3957,Husband
3957,Not-in-family
3957,Other-relative
3957,Own-child
3957,Unmarried
3957,Wife
36446,Not-in-family
36446,Unmarried
16607,Husband
16607,Other-relative
16607,Own-child
16607,Wife
21733,Husband
21733,Not-in-family
21733,Other-relative
21733,Own-child
21733,Unmarried
21733,Wife
18976,Husband
18976,Not-in-family
18976,Other-relative
18976,Own-child
18976,Unmarried
18976,Wife
43818,Not-in-family
43818,Unmarried
39521,Husband
39521,Other-relative
39521,Own-child
39521,Wife
10941,Husband
10941,Not-in-family
10941,Other-relative
10941,Own-child
10941,Unmarried
10941,Wife
40697,Husband
40697,Not-in-family
40697,Other-relative
40697,Own-child
40697,Unmarried
40697,Wife
6569,Husband
6569,Not-in-family
6569,Other-relative
6569,Own-child
6569,Unmarried
6569,Wife
5670,Husband
5670,Not-in-family
5670,Other-relative
5670,Own-child
5670,Unmarried
5670,Wife
1303,Husband
1303,Other-relative
1303,Own-child
1303,Wife
1722,Husband
1722,Not-in-family
1722,Other-relative
1722,Own-child
1722,Unmarried
1722,Wife
36750,Husband
36750,Not-in-family
36750,Other-relative
36750,Own-child
36750,Unmarried
36750,Wife
35804,Not-in-family
35804,Unmarried
8685,Husband
8685,Not-in-family
8685,Other-relative
8685,Own-child
8685,Unmarried
8685,Wife
41433,Not-in-family
41433,Unmarried
35555,Husband
35555,Not-in-family
35555,Other-relative
35555,Own-child
35555,Unmarried
35555,Wife
8527,Not-in-family
8527,Unmarried
34429,Husband
34429,Not-in-family
34429,Other-relative
34429,Own-child
34429,Unmarried
34429,Wife
4493,Husband
4493,Not-in-family
4493,Other-relative
4493,Own-child
4493,Unmarried
4493,Wife
33663,Husband
33663,Other-relative
33663,Own-child
33663,Wife
30222,Husband
30222,Not-in-family
30222,Other-relative
30222,Own-child
30222,Unmarried
30222,Wife
30257,Husband
30257,Other-relative
30257,Own-child
30257,Wife
10301,Husband
10301,Other-relative
10301,Own-child
10301,Wife
40466,Husband
40466,Not-in-family
40466,Other-relative
40466,Own-child
40466,Unmarried
40466,Wife
5527,Husband
5527,Not-in-family
5527,Other-relative
5527,Own-child
5527,Unmarried
5527,Wife
32240,Husband
32240,Not-in-family
32240,Other-relative
32240,Own-child
32240,Unmarried
32240,Wife
29554,Husband
29554,Not-in-family
29554,Other-relative
29554,Own-child
29554,Unmarried
29554,Wife
8414,Husband
8414,Not-in-family
8414,Other-relative
8414,Own-child
8414,Unmarried
8414,Wife
47183,Not-in-family
47183,Unmarried
46007,Husband
46007,Other-relative
46007,Own-child
46007,Wife
43400,Husband
43400,Not-in-family
43400,Other-relative
43400,Own-child
43400,Unmarried
43400,Wife
7130,Husband
7130,Other-relative
7130,Own-child
7130,Wife
23944,Husband
23944,Other-relative
23944,Own-child
23944,Wife
41421,Husband
41421,Other-relative
41421,Own-child
41421,Wife
24524,Husband
24524,Other-relative
24524,Own-child
24524,Wife
3084,Husband
3084,Other-relative
3084,Own-child
3084,Wife
28534,Not-in-family
28534,Unmarried
25252,Husband
25252,Not-in-family
25252,Other-relative
25252,Own-child
25252,Unmarried
25252,Wife
36983,Husband
36983,Other-relative
36983,Own-child
36983,Wife
23898,Husband
23898,Not-in-family
23898,Other-relative
23898,Own-child
23898,Unmarried
23898,Wife
981,Husband
981,Not-in-family
981,Other-relative
981,Own-child
981,Unmarried
981,Wife
774,Husband
774,Not-in-family
774,Other-relative
774,Own-child
774,Unmarried
774,Wife
7973,Husband
7973,Not-in-family
7973,Other-relative
7973,Own-child
7973,Unmarried
7973,Wife
32631,Husband
32631,Not-in-family
32631,Other-relative
32631,Own-child
32631,Unmarried
32631,Wife
32207,Husband
32207,Not-in-family
32207,Other-relative
32207,Own-child
32207,Unmarried
32207,Wife
17983,Husband
17983,Not-in-family
17983,Other-relative
17983,Own-child
17983,Unmarried
17983,Wife
32747,Husband
32747,Not-in-family
32747,Other-relative
32747,Own-child
32747,Unmarried
32747,Wife
36660,Not-in-family
36660,Unmarried
45250,Husband
45250,Not-in-family
45250,Other-relative
45250,Own-child
45250,Unmarried
45250,Wife
3147,Not-in-family
3147,Unmarried
42480,Husband
42480,Not-in-family
42480,Other-relative
42480,Own-child
42480,Unmarried
42480,Wife
42233,Husband
42233,Other-relative
42233,Own-child
42233,Wife
23532,Not-in-family
23532,Unmarried
13436,Husband
13436,Not-in-family
13436,Other-relative
13436,Own-child
13436,Unmarried
13436,Wife
14916,Husband
14916,Other-relative
14916,Own-child
14916,Wife
8397,Husband
8397,Other-relative
8397,Own-child
8397,Wife
15946,Husband
15946,Not-in-family
15946,Other-relative
15946,Own-child
15946,Unmarried
15946,Wife
32155,Husband
32155,Not-in-family
32155,Other-relative
32155,Own-child
32155,Unmarried
32155,Wife
24419,Husband
24419,Not-in-family
24419,Other-relative
24419,Own-child
24419,Unmarried
24419,Wife
4939,Husband
4939,Other-relative
4939,Own-child
4939,Wife
12236,Husband
12236,Not-in-family
12236,Other-relative
12236,Own-child
12236,Unmarried
12236,Wife
24766,Husband
24766,Not-in-family
24766,Other-relative
24766,Own-child
24766,Unmarried
24766,Wife
16786,Husband
16786,Not-in-family
16786,Other-relative
16786,Own-child
16786,Unmarried
16786,Wife
3491,Not-in-family
3491,Unmarried
45994,Husband
45994,Not-in-family
45994,Other-relative
45994,Own-child
45994,Unmarried
45994,Wife
26917,Not-in-family
26917,Unmarried
34889,Husband
34889,Other-relative
34889,Own-child
34889,Wife
4647,Not-in-family
4647,Unmarried
48835,Husband
48835,Not-in-family
48835,Other-relative
48835,Own-child
48835,Unmarried
48835,Wife
17556,Husband
17556,Not-in-family
17556,Other-relative
17556,Own-child
17556,Unmarried
17556,Wife
20979,Husband
20979,Not-in-family
20979,Other-relative
20979,Own-child
20979,Unmarried
20979,Wife
581,Husband
581,Not-in-family
581,Other-relative
581,Own-child
581,Unmarried
581,Wife
36218,Not-in-family
36218,Unmarried
43608,Husband
43608,Other-relative
43608,Own-child
43608,Wife
21902,Husband
21902,Not-in-family
21902,Other-relative
21902,Own-child
21902,Unmarried
21902,Wife
35017,Husband
35017,Other-relative
35017,Own-child
35017,Wife
31766,Husband
31766,Other-relative
31766,Own-child
31766,Wife
20557,Husband
20557,Not-in-family
20557,Other-relative
20557,Own-child
20557,Unmarried
20557,Wife
20431,Husband
20431,Not-in-family
20431,Other-relative
20431,Own-child
20431,Unmarried
20431,Wife
26384,Not-in-family
26384,Unmarried
791,Husband
791,Other-relative
791,Own-child
791,Wife
17,Husband
17,Not-in-family
17,Other-relative
17,Own-child
17,Unmarried
17,Wife
30748,Husband
30748,Not-in-family
30748,Other-relative
30748,Own-child
30748,Unmarried
30748,Wife
9145,Husband
9145,Not-in-family
9145,Other-relative
9145,Own-child
9145,Unmarried
9145,Wife
20060,Husband
20060,Not-in-family
20060,Other-relative
20060,Own-child
20060,Unmarried
20060,Wife
8781,Husband
8781,Not-in-family
8781,Other-relative
8781,Own-child
8781,Unmarried
8781,Wife
37087,Not-in-family
37087,Unmarried
129,Not-in-family
129,Unmarried
11927,Husband
11927,Not-in-family
11927,Other-relative
11927,Own-child
11927,Unmarried
11927,Wife
40727,Husband
40727,Not-in-family
40727,Other-relative
40727,Own-child
40727,Unmarried
40727,Wife
25439,Husband
25439,Not-in-family
25439,Other-relative
25439,Own-child
25439,Unmarried
25439,Wife
31683,Husband
31683,Other-relative
31683,Own-child
31683,Wife
6523,Husband
6523,Not-in-family
6523,Other-relative
6523,Own-child
6523,Unmarried
6523,Wife
31180,Husband
31180,Not-in-family
31180,Other-relative
31180,Own-child
31180,Unmarried
31180,Wife
41973,Husband
41973,Other-relative
41973,Own-child
41973,Wife
6924,Husband
6924,Not-in-family
6924,Other-relative
6924,Own-child
6924,Unmarried
6924,Wife
11704,Husband
11704,Other-relative
11704,Own-child
11704,Wife
43765,Husband
43765,Not-in-family
43765,Other-relative
43765,Own-child
43765,Unmarried
43765,Wife
13995,Husband
13995,Not-in-family
13995,Other-relative
13995,Own-child
13995,Unmarried
13995,Wife
13975,Husband
13975,Not-in-family
13975,Other-relative
13975,Own-child
13975,Unmarried
13975,Wife
39367,Husband
39367,Not-in-family
39367,Other-relative
39367,Own-child
39367,Unmarried
39367,Wife
19664,Husband
19664,Not-in-family
19664,Other-relative
19664,Own-child
19664,Unmarried
19664,Wife
46506,Husband
46506,Not-in-family
46506,Other-relative
46506,Own-child
46506,Unmarried
46506,Wife
45216,Husband
45216,Not-in-family
45216,Other-relative
45216,Own-child
45216,Unmarried
45216,Wife
7349,Husband
7349,Not-in-family
7349,Other-relative
7349,Own-child
7349,Unmarried
7349,Wife
18002,Husband
18002,Other-relative
18002,Own-child
18002,Wife
32704,Husband
32704,Other-relative
32704,Own-child
32704,Wife
8837,Husband
8837,Not-in-family
8837,Other-relative
8837,Own-child
8837,Unmarried
8837,Wife
34400,Husband
34400,Not-in-family
34400,Other-relative
34400,Own-child
34400,Unmarried
34400,Wife
20079,Husband
20079,Not-in-family
20079,Other-relative
20079,Own-child
20079,Unmarried
20079,Wife
6271,Not-in-family
6271,Unmarried
32036,Husband
32036,Not-in-family
32036,Other-relative
32036,Own-child
32036,Unmarried
32036,Wife
33446,Husband
33446,Not-in-family
33446,Other-relative
33446,Own-child
33446,Unmarried
33446,Wife
22692,Not-in-family
22692,Unmarried
48251,Husband
48251,Not-in-family
48251,Other-relative
48251,Own-child
48251,Unmarried
48251,Wife
41530,Husband
41530,Not-in-family
41530,Other-relative
41530,Own-child
41530,Unmarried
41530,Wife
5606,Husband
5606,Other-relative
5606,Own-child
5606,Wife
17341,Husband
17341,Not-in-family
17341,Other-relative
17341,Own-child
17341,Unmarried
17341,Wife
9024,Husband
9024,Not-in-family
9024,Other-relative
9024,Own-child
9024,Unmarried
9024,Wife
11513,Husband
11513,Not-in-family
11513,Other-relative
11513,Own-child
11513,Unmarried
11513,Wife
40030,Husband
40030,Not-in-family
40030,Other-relative
40030,Own-child
40030,Unmarried
40030,Wife
45358,Not-in-family
45358,Unmarried
2804,Husband
2804,Not-in-family
2804,Other-relative
2804,Own-child
2804,Unmarried
2804,Wife
5229,Husband
5229,Other-relative
5229,Own-child
5229,Wife
25780,Husband
25780,Not-in-family
25780,Other-relative
25780,Own-child
25780,Unmarried
25780,Wife
41595,Husband
41595,Other-relative
41595,Own-child
41595,Wife
36293,Husband
36293,Not-in-family
36293,Other-relative
36293,Own-child
36293,Unmarried
36293,Wife
36371,Husband
36371,Other-relative
36371,Own-child
36371,Wife
17174,Not-in-family
17174,Unmarried
28935,Husband
28935,Not-in-family
28935,Other-relative
28935,Own-child
28935,Unmarried
28935,Wife
42008,Husband
42008,Not-in-family
42008,Other-relative
42008,Own-child
42008,Unmarried
42008,Wife
27231,Husband
27231,Other-relative
27231,Own-child
27231,Wife
7043,Not-in-family
7043,Unmarried
15910,Husband
15910,Other-relative
15910,Own-child
15910,Wife
27870,Husband
27870,Other-relative
27870,Own-child
27870,Wife
36828,Husband
36828,Not-in-family
36828,Other-relative
36828,Own-child
36828,Unmarried
36828,Wife
14028,Not-in-family
14028,Unmarried
9934,Not-in-family
9934,Unmarried
13086,Husband
13086,Other-relative
13086,Own-child
13086,Wife
31626,Not-in-family
31626,Unmarried
1993,Not-in-family
1993,Unmarried
35111,Husband
35111,Not-in-family
35111,Other-relative
35111,Own-child
35111,Unmarried
35111,Wife
30221,Husband
30221,Not-in-family
30221,Other-relative
30221,Own-child
30221,Unmarried
30221,Wife
21927,Husband
21927,Other-relative
21927,Own-child
21927,Wife
27240,Not-in-family
27240,Unmarried
9514,Not-in-family
9514,Unmarried
48538,Husband
48538,Other-relative
48538,Own-child
48538,Wife
16761,Husband
16761,Other-relative
16761,Own-child
16761,Wife
39217,Husband
39217,Other-relative
39217,Own-child
39217,Wife
45500,Husband
45500,Not-in-family
45500,Other-relative
45500,Own-child
45500,Unmarried
45500,Wife
41856,Husband
41856,Not-in-family
41856,Other-relative
41856,Own-child
41856,Unmarried
41856,Wife
3772,Husband
3772,Other-relative
3772,Own-child
3772,Wife
23372,Husband
23372,Not-in-family
23372,Other-relative
23372,Own-child
23372,Unmarried
23372,Wife
12720,Husband
12720,Other-relative
12720,Own-child
12720,Wife
20295,Husband
20295,Other-relative
20295,Own-child
20295,Wife
27949,Husband
27949,Not-in-family
27949,Other-relative
27949,Own-child
27949,Unmarried
27949,Wife
40416,Husband
40416,Not-in-family
40416,Other-relative
40416,Own-child
40416,Unmarried
40416,Wife
39094,Husband
39094,Not-in-family
39094,Other-relative
39094,Own-child
39094,Unmarried
39094,Wife
45099,Husband
45099,Not-in-family
45099,Other-relative
45099,Own-child
45099,Unmarried
45099,Wife
25086,Not-in-family
25086,Unmarried
27600,Husband
27600,Not-in-family
27600,Other-relative
27600,Own-child
27600,Unmarried
27600,Wife
31365,Husband
31365,Not-in-family
31365,Other-relative
31365,Own-child
31365,Unmarried
31365,Wife
1357,Husband
1357,Not-in-family
1357,Other-relative
1357,Own-child
1357,Unmarried
1357,Wife
16668,Husband
16668,Not-in-family
16668,Other-relative
16668,Own-child
16668,Unmarried
16668,Wife
8863,Husband
8863,Not-in-family
8863,Other-relative
8863,Own-child
8863,Unmarried
8863,Wife
16936,Husband
16936,Not-in-family
16936,Other-relative
16936,Own-child
16936,Unmarried
16936,Wife
26880,Husband
26880,Not-in-family
26880,Other-relative
26880,Own-child
26880,Unmarried
26880,Wife
10337,Husband
10337,Not-in-family
10337,Other-relative
10337,Own-child
10337,Unmarried
10337,Wife
11712,Husband
11712,Other-relative
11712,Own-child
11712,Wife
36502,Not-in-family
36502,Unmarried
47547,Husband
47547,Other-relative
47547,Own-child
47547,Wife
39135,Husband
39135,Other-relative
39135,Own-child
39135,Wife
16625,Husband
16625,Not-in-family
16625,Other-relative
16625,Own-child
16625,Unmarried
16625,Wife
18400,Husband
18400,Not-in-family
18400,Other-relative
18400,Own-child
18400,Unmarried
18400,Wife
29185,Not-in-family
29185,Unmarried
43236,Husband
43236,Other-relative
43236,Own-child
43236,Wife
23703,Not-in-family
23703,Unmarried
30043,Husband
30043,Not-in-family
30043,Other-relative
30043,Own-child
30043,Unmarried
30043,Wife
36548,Husband
36548,Not-in-family
36548,Other-relative
36548,Own-child
36548,Unmarried
36548,Wife
29883,Husband
29883,Not-in-family
29883,Other-relative
29883,Own-child
29883,Unmarried
29883,Wife
9252,Husband
9252,Other-relative
9252,Own-child
9252,Wife
20850,Husband
20850,Not-in-family
20850,Other-relative
20850,Own-child
20850,Unmarried
20850,Wife
3788,Husband
3788,Other-relative
3788,Own-child
3788,Wife
37056,Not-in-family
37056,Unmarried
5107,Husband
5107,Other-relative
5107,Own-child
5107,Wife
48653,Husband
48653,Not-in-family
48653,Other-relative
48653,Own-child
48653,Unmarried
48653,Wife
44573,Not-in-family
44573,Unmarried
40560,Husband
40560,Not-in-family
40560,Other-relative
40560,Own-child
40560,Unmarried
40560,Wife
27233,Not-in-family
27233,Unmarried
22087,Husband
22087,Other-relative
22087,Own-child
22087,Wife
5506,Husband
5506,Not-in-family
5506,Other-relative
5506,Own-child
5506,Unmarried
5506,Wife
23616,Husband
23616,Not-in-family
23616,Other-relative
23616,Own-child
23616,Unmarried
23616,Wife
13084,Not-in-family
13084,Unmarried
45403,Husband
45403,Not-in-family
45403,Other-relative
45403,Own-child
45403,Unmarried
45403,Wife
38925,Not-in-family
38925,Unmarried
42122,Husband
42122,Not-in-family
42122,Other-relative
42122,Own-child
42122,Unmarried
42122,Wife
11799,Husband
11799,Not-in-family
11799,Other-relative
11799,Own-child
11799,Unmarried
11799,Wife
11929,Husband
11929,Not-in-family
11929,Other-relative
11929,Own-child
11929,Unmarried
11929,Wife
16239,Husband
16239,Not-in-family
16239,Other-relative
16239,Own-child
16239,Unmarried
16239,Wife
19612,Husband
19612,Not-in-family
19612,Other-relative
19612,Own-child
19612,Unmarried
19612,Wife
1110,Husband
1110,Not-in-family
1110,Other-relative
1110,Own-child
1110,Unmarried
1110,Wife
32438,Husband
32438,Other-relative
32438,Own-child
32438,Wife
12024,Not-in-family
12024,Unmarried
7223,Husband
7223,Not-in-family
7223,Other-relative
7223,Own-child
7223,Unmarried
7223,Wife
13983,Husband
13983,Not-in-family
13983,Other-relative
13983,Own-child
13983,Unmarried
13983,Wife
34529,Husband
34529,Not-in-family
34529,Other-relative
34529,Own-child
34529,Unmarried
34529,Wife
24048,Husband
24048,Other-relative
24048,Own-child
24048,Wife
28764,Husband
28764,Other-relative
28764,Own-child
28764,Wife
6261,Not-in-family
6261,Unmarried
46918,Not-in-family
46918,Unmarried
15777,Husband
15777,Other-relative
15777,Own-child
15777,Wife
15770,Husband
15770,Not-in-family
15770,Other-relative
15770,Own-child
15770,Unmarried
15770,Wife
37035,Not-in-family
37035,Unmarried
12324,Husband
12324,Other-relative
12324,Own-child
12324,Wife
46307,Not-in-family
46307,Unmarried
12355,Husband
12355,Not-in-family
12355,Other-relative
12355,Own-child
12355,Unmarried
12355,Wife
24873,Husband
24873,Other-relative
24873,Own-child
24873,Wife
20047,Husband
20047,Other-relative
20047,Own-child
20047,Wife
12637,Not-in-family
12637,Unmarried
2809,Not-in-family
2809,Unmarried
7161,Not-in-family
7161,Unmarried
4237,Husband
4237,Not-in-family
4237,Other-relative
4237,Own-child
4237,Unmarried
4237,Wife
14734,Husband
14734,Not-in-family
14734,Other-relative
14734,Own-child
14734,Unmarried
14734,Wife
32180,Husband
32180,Not-in-family
32180,Other-relative
32180,Own-child
32180,Unmarried
32180,Wife
10286,Husband
10286,Not-in-family
10286,Other-relative
10286,Own-child
10286,Unmarried
10286,Wife
26029,Husband
26029,Other-relative
26029,Own-child
26029,Wife
19836,Husband
19836,Other-relative
19836,Own-child
19836,Wife
34772,Husband
34772,Not-in-family
34772,Other-relative
34772,Own-child
34772,Unmarried
34772,Wife
42914,Husband
42914,Other-relative
42914,Own-child
42914,Wife
47625,Husband
47625,Not-in-family
47625,Other-relative
47625,Own-child
47625,Unmarried
47625,Wife
7918,Husband
7918,Other-relative
7918,Own-child
7918,Wife
23809,Husband
23809,Other-relative
23809,Own-child
23809,Wife
35275,Husband
35275,Other-relative
35275,Own-child
35275,Wife
10952,Husband
10952,Other-relative
10952,Own-child
10952,Wife
12796,Not-in-family
12796,Unmarried
27303,Not-in-family
27303,Unmarried
38110,Not-in-family
38110,Unmarried
26278,Not-in-family
26278,Unmarried
40936,Husband
40936,Not-in-family
40936,Other-relative
40936,Own-child
40936,Unmarried
40936,Wife
21406,Husband
21406,Not-in-family
21406,Other-relative
21406,Own-child
21406,Unmarried
21406,Wife
4521,Husband
4521,Other-relative
4521,Own-child
4521,Wife
1611,Husband
1611,Other-relative
1611,Own-child
1611,Wife
11273,Husband
11273,Not-in-family
11273,Other-relative
11273,Own-child
11273,Unmarried
11273,Wife
21876,Husband
21876,Not-in-family
21876,Other-relative
21876,Own-child
21876,Unmarried
21876,Wife
9755,Husband
9755,Other-relative
9755,Own-child
9755,Wife
3750,Not-in-family
3750,Unmarried
43494,Not-in-family
43494,Unmarried
46507,Husband
46507,Other-relative
46507,Own-child
46507,Wife
13473,Husband
13473,Other-relative
13473,Own-child
13473,Wife
4792,Husband
4792,Other-relative
4792,Own-child
4792,Wife
43876,Husband
43876,Not-in-family
43876,Other-relative
43876,Own-child
43876,Unmarried
43876,Wife
10867,Not-in-family
10867,Unmarried
32690,Husband
32690,Not-in-family
32690,Other-relative
32690,Own-child
32690,Unmarried
32690,Wife
13188,Husband
13188,Not-in-family
13188,Other-relative
13188,Own-child
13188,Unmarried
13188,Wife
13910,Husband
13910,Other-relative
13910,Own-child
13910,Wife
35139,Husband
35139,Not-in-family
35139,Other-relative
35139,Own-child
35139,Unmarried
35139,Wife
19246,Husband
19246,Not-in-family
19246,Other-relative
19246,Own-child
19246,Unmarried
19246,Wife
13671,Husband
13671,Not-in-family
13671,Other-relative
13671,Own-child
13671,Unmarried
13671,Wife
20561,Husband
20561,Other-relative
20561,Own-child
20561,Wife
9047,Husband
9047,Not-in-family
9047,Other-relative
9047,Own-child
9047,Unmarried
9047,Wife
25751,Husband
25751,Not-in-family
25751,Other-relative
25751,Own-child
25751,Unmarried
25751,Wife
13695,Husband
13695,Not-in-family
13695,Other-relative
13695,Own-child
13695,Unmarried
13695,Wife
2206,Husband
2206,Not-in-family
2206,Other-relative
2206,Own-child
2206,Unmarried
2206,Wife
24251,Husband
24251,Not-in-family
24251,Other-relative
24251,Own-child
24251,Unmarried
24251,Wife
29271,Husband
29271,Other-relative
29271,Own-child
29271,Wife
31184,Husband
31184,Other-relative
31184,Own-child
31184,Wife
46932,Husband
46932,Not-in-family
46932,Other-relative
46932,Own-child
46932,Unmarried
46932,Wife
13713,Husband
13713,Other-relative
13713,Own-child
13713,Wife
28050,Not-in-family
28050,Unmarried
15270,Husband
15270,Other-relative
15270,Own-child
15270,Wife
33333,Husband
33333,Not-in-family
33333,Other-relative
33333,Own-child
33333,Unmarried
33333,Wife
24072,Husband
24072,Other-relative
24072,Own-child
24072,Wife
24593,Not-in-family
24593,Unmarried
40110,Not-in-family
40110,Unmarried
20131,Husband
20131,Not-in-family
20131,Other-relative
20131,Own-child
20131,Unmarried
20131,Wife
3424,Husband
3424,Not-in-family
3424,Other-relative
3424,Own-child
3424,Unmarried
3424,Wife
17913,Husband
17913,Not-in-family
17913,Other-relative
17913,Own-child
17913,Unmarried
17913,Wife
622,Not-in-family
622,Unmarried
12568,Husband
12568,Other-relative
12568,Own-child
12568,Wife
11389,Husband
11389,Other-relative
11389,Own-child
11389,Wife
23457,Not-in-family
23457,Unmarried
46977,Husband
46977,Other-relative
46977,Own-child
46977,Wife
39121,Husband
39121,Not-in-family
39121,Other-relative
39121,Own-child
39121,Unmarried
39121,Wife
14635,Husband
14635,Not-in-family
14635,Other-relative
14635,Own-child
14635,Unmarried
14635,Wife
46877,Husband
46877,Not-in-family
46877,Other-relative
46877,Own-child
46877,Unmarried
46877,Wife
32367,Husband
32367,Other-relative
32367,Own-child
32367,Wife
27213,Husband
27213,Not-in-family
27213,Other-relative
27213,Own-child
27213,Unmarried
27213,Wife
20300,Husband
20300,Other-relative
20300,Own-child
20300,Wife
26256,Not-in-family
26256,Unmarried
25552,Husband
25552,Not-in-family
25552,Other-relative
25552,Own-child
25552,Unmarried
25552,Wife
8014,Husband
8014,Other-relative
8014,Own-child
8014,Wife
41423,Husband
41423,Other-relative
41423,Own-child
41423,Wife
11434,Husband
11434,Not-in-family
11434,Other-relative
11434,Own-child
11434,Unmarried
11434,Wife
4223,Husband
4223,Other-relative
4223,Own-child
4223,Wife
26279,Husband
26279,Not-in-family
26279,Other-relative
26279,Own-child
26279,Unmarried
26279,Wife
37757,Husband
37757,Not-in-family
37757,Other-relative
37757,Own-child
37757,Unmarried
37757,Wife
1319,Husband
1319,Not-in-family
1319,Other-relative
1319,Own-child
1319,Unmarried
1319,Wife
19068,Husband
19068,Not-in-family
19068,Other-relative
19068,Own-child
19068,Unmarried
19068,Wife
18869,Not-in-family
18869,Unmarried
17777,Husband
17777,Other-relative
17777,Own-child
17777,Wife
44261,Husband
44261,Other-relative
44261,Own-child
44261,Wife
17442,Husband
17442,Other-relative
17442,Own-child
17442,Wife
20831,Not-in-family
20831,Unmarried
28942,Husband
28942,Not-in-family
28942,Other-relative
28942,Own-child
28942,Unmarried
28942,Wife
5054,Husband
5054,Other-relative
5054,Own-child
5054,Wife
22152,Husband
22152,Not-in-family
22152,Other-relative
22152,Own-child
22152,Unmarried
22152,Wife
20574,Husband
20574,Not-in-family
20574,Other-relative
20574,Own-child
20574,Unmarried
20574,Wife
23027,Not-in-family
23027,Unmarried
42303,Husband
42303,Not-in-family
42303,Other-relative
42303,Own-child
42303,Unmarried
42303,Wife
30375,Husband
30375,Not-in-family
30375,Other-relative
30375,Own-child
30375,Unmarried
30375,Wife
44367,Husband
44367,Other-relative
44367,Own-child
44367,Wife
40266,Husband
40266,Other-relative
40266,Own-child
40266,Wife
30409,Not-in-family
30409,Unmarried
6091,Husband
6091,Other-relative
6091,Own-child
6091,Wife
15279,Husband
15279,Other-relative
15279,Own-child
15279,Wife
18095,Not-in-family
18095,Unmarried
21867,Husband
21867,Other-relative
21867,Own-child
21867,Wife
14666,Husband
14666,Not-in-family
14666,Other-relative
14666,Own-child
14666,Unmarried
14666,Wife
20514,Husband
20514,Other-relative
20514,Own-child
20514,Wife
44553,Husband
44553,Not-in-family
44553,Other-relative
44553,Own-child
44553,Unmarried
44553,Wife
36404,Not-in-family
36404,Unmarried
2029,Husband
2029,Not-in-family
2029,Other-relative
2029,Own-child
2029,Unmarried
2029,Wife
20701,Husband
20701,Not-in-family
20701,Other-relative
20701,Own-child
20701,Unmarried
20701,Wife
6771,Husband
6771,Other-relative
6771,Own-child
6771,Wife
4383,Husband
4383,Other-relative
4383,Own-child
4383,Wife
35941,Husband
35941,Not-in-family
35941,Other-relative
35941,Own-child
35941,Unmarried
35941,Wife
45972,Husband
45972,Not-in-family
45972,Other-relative
45972,Own-child
45972,Unmarried
45972,Wife
3027,Husband
3027,Other-relative
3027,Own-child
3027,Wife
31984,Husband
31984,Not-in-family
31984,Other-relative
31984,Own-child
31984,Unmarried
31984,Wife
24290,Not-in-family
24290,Unmarried
40464,Husband
40464,Other-relative
40464,Own-child
40464,Wife
19024,Husband
19024,Not-in-family
19024,Other-relative
19024,Own-child
19024,Unmarried
19024,Wife
28006,Husband
28006,Other-relative
28006,Own-child
28006,Wife
6806,Husband
6806,Other-relative
6806,Own-child
6806,Wife
45392,Husband
45392,Not-in-family
45392,Other-relative
45392,Own-child
45392,Unmarried
45392,Wife
37137,Husband
37137,Not-in-family
37137,Other-relative
37137,Own-child
37137,Unmarried
37137,Wife
44165,Not-in-family
44165,Unmarried
14912,Husband
14912,Not-in-family
14912,Other-relative
14912,Own-child
14912,Unmarried
14912,Wife
31472,Husband
31472,Not-in-family
31472,Other-relative
31472,Own-child
31472,Unmarried
31472,Wife
21576,Husband
21576,Not-in-family
21576,Other-relative
21576,Own-child
21576,Unmarried
21576,Wife
7467,Husband
7467,Other-relative
7467,Own-child
7467,Wife
45958,Not-in-family
45958,Unmarried
45963,Husband
45963,Other-relative
45963,Own-child
45963,Wife
7557,Husband
7557,Other-relative
7557,Own-child
7557,Wife
22501,Husband
22501,Other-relative
22501,Own-child
22501,Wife
4791,Husband
4791,Not-in-family
4791,Other-relative
4791,Own-child
4791,Unmarried
4791,Wife
13329,Husband
13329,Not-in-family
13329,Other-relative
13329,Own-child
13329,Unmarried
13329,Wife
8548,Husband
8548,Not-in-family
8548,Other-relative
8548,Own-child
8548,Unmarried
8548,Wife
40386,Husband
40386,Not-in-family
40386,Other-relative
40386,Own-child
40386,Unmarried
40386,Wife
29015,Husband
29015,Not-in-family
29015,Other-relative
29015,Own-child
29015,Unmarried
29015,Wife
12828,Husband
12828,Not-in-family
12828,Other-relative
12828,Own-child
12828,Unmarried
12828,Wife
45974,Husband
45974,Not-in-family
45974,Other-relative
45974,Own-child
45974,Unmarried
45974,Wife
14169,Husband
14169,Not-in-family
14169,Other-relative
14169,Own-child
14169,Unmarried
14169,Wife
3809,Husband
3809,Other-relative
3809,Own-child
3809,Wife
15301,Not-in-family
15301,Unmarried
29387,Husband
29387,Not-in-family
29387,Other-relative
29387,Own-child
29387,Unmarried
29387,Wife
14897,Husband
14897,Not-in-family
14897,Other-relative
14897,Own-child
14897,Unmarried
14897,Wife
19868,Not-in-family
19868,Unmarried
32797,Husband
32797,Other-relative
32797,Own-child
32797,Wife
16985,Husband
16985,Not-in-family
16985,Other-relative
16985,Own-child
16985,Unmarried
16985,Wife
48328,Not-in-family
48328,Unmarried
5965,Husband
5965,Other-relative
5965,Own-child
5965,Wife
17330,Husband
17330,Other-relative
17330,Own-child
17330,Wife
46381,Husband
46381,Not-in-family
46381,Other-relative
46381,Own-child
46381,Unmarried
46381,Wife
34921,Husband
34921,Other-relative
34921,Own-child
34921,Wife
23590,Husband
23590,Not-in-family
23590,Other-relative
23590,Own-child
23590,Unmarried
23590,Wife
46334,Husband
46334,Not-in-family
46334,Other-relative
46334,Own-child
46334,Unmarried
46334,Wife
2376,Not-in-family
2376,Unmarried
14389,Husband
14389,Not-in-family
14389,Other-relative
14389,Own-child
14389,Unmarried
14389,Wife
22227,Husband
22227,Not-in-family
22227,Other-relative
22227,Own-child
22227,Unmarried
22227,Wife
44853,Husband
44853,Not-in-family
44853,Other-relative
44853,Own-child
44853,Unmarried
44853,Wife
37101,Husband
37101,Not-in-family
37101,Other-relative
37101,Own-child
37101,Unmarried
37101,Wife
17071,Husband
17071,Not-in-family
17071,Other-relative
17071,Own-child
17071,Unmarried
17071,Wife
39642,Husband
39642,Other-relative
39642,Own-child
39642,Wife
36887,Husband
36887,Not-in-family
36887,Other-relative
36887,Own-child
36887,Unmarried
36887,Wife
41876,Not-in-family
41876,Unmarried
47199,Husband
47199,Not-in-family
47199,Other-relative
47199,Own-child
47199,Unmarried
47199,Wife
37197,Husband
37197,Not-in-family
37197,Other-relative
37197,Own-child
37197,Unmarried
37197,Wife
12407,Husband
12407,Other-relative
12407,Own-child
12407,Wife
8990,Husband
8990,Not-in-family
8990,Other-relative
8990,Own-child
8990,Unmarried
8990,Wife
39866,Husband
39866,Not-in-family
39866,Other-relative
39866,Own-child
39866,Unmarried
39866,Wife
28637,Not-in-family
28637,Unmarried
41784,Not-in-family
41784,Unmarried
14542,Husband
14542,Other-relative
14542,Own-child
14542,Wife
34982,Not-in-family
34982,Unmarried
20624,Husband
20624,Not-in-family
20624,Other-relative
20624,Own-child
20624,Unmarried
20624,Wife
1683,Husband
1683,Other-relative
1683,Own-child
1683,Wife
44933,Husband
44933,Not-in-family
44933,Other-relative
44933,Own-child
44933,Unmarried
44933,Wife
39038,Husband
39038,Not-in-family
39038,Other-relative
39038,Own-child
39038,Unmarried
39038,Wife
10409,Husband
10409,Other-relative
10409,Own-child
10409,Wife
10960,Husband
10960,Not-in-family
10960,Other-relative
10960,Own-child
10960,Unmarried
10960,Wife
41223,Not-in-family
41223,Unmarried
43976,Not-in-family
43976,Unmarried
36252,Not-in-family
36252,Unmarried
20251,Husband
20251,Other-relative
20251,Own-child
20251,Wife
21793,Not-in-family
21793,Unmarried
3447,Husband
3447,Other-relative
3447,Own-child
3447,Wife
5802,Not-in-family
5802,Unmarried
18206,Husband
18206,Other-relative
18206,Own-child
18206,Wife
42602,Husband
42602,Not-in-family
42602,Other-relative
42602,Own-child
42602,Unmarried
42602,Wife
16153,Not-in-family
16153,Unmarried
34199,Husband
34199,Not-in-family
34199,Other-relative
34199,Own-child
34199,Unmarried
34199,Wife
302,Husband
302,Not-in-family
302,Other-relative
302,Own-child
302,Unmarried
302,Wife
2946,Husband
2946,Not-in-family
2946,Other-relative
2946,Own-child
2946,Unmarried
2946,Wife
27080,Not-in-family
27080,Unmarried
16620,Not-in-family
16620,Unmarried
8287,Not-in-family
8287,Unmarried
33154,Husband
33154,Not-in-family
33154,Other-relative
33154,Own-child
33154,Unmarried
33154,Wife
18736,Husband
18736,Other-relative
18736,Own-child
18736,Wife
20197,Husband
20197,Not-in-family
20197,Other-relative
20197,Own-child
20197,Unmarried
20197,Wife
20845,Husband
20845,Not-in-family
20845,Other-relative
20845,Own-child
20845,Unmarried
20845,Wife
24074,Husband
24074,Not-in-family
24074,Other-relative
24074,Own-child
24074,Unmarried
24074,Wife
16532,Husband
16532,Not-in-family
16532,Other-relative
16532,Own-child
16532,Unmarried
16532,Wife
48581,Not-in-family
48581,Unmarried
41008,Husband
41008,Not-in-family
41008,Other-relative
41008,Own-child
41008,Unmarried
41008,Wife
15969,Husband
15969,Other-relative
15969,Own-child
15969,Wife
12478,Husband
12478,Other-relative
12478,Own-child
12478,Wife
13753,Not-in-family
13753,Unmarried
10512,Husband
10512,Not-in-family
10512,Other-relative
10512,Own-child
10512,Unmarried
10512,Wife
42526,Husband
42526,Not-in-family
42526,Other-relative
42526,Own-child
42526,Unmarried
42526,Wife
10319,Husband
10319,Not-in-family
10319,Other-relative
10319,Own-child
10319,Unmarried
10319,Wife
38624,Husband
38624,Not-in-family
38624,Other-relative
38624,Own-child
38624,Unmarried
38624,Wife
39129,Husband
39129,Not-in-family
39129,Other-relative
39129,Own-child
39129,Unmarried
39129,Wife
22931,Husband
22931,Other-relative
22931,Own-child
22931,Wife
36913,Husband
36913,Not-in-family
36913,Other-relative
36913,Own-child
36913,Unmarried
36913,Wife
8049,Husband
8049,Not-in-family
8049,Other-relative
8049,Own-child
8049,Unmarried
8049,Wife
33608,Husband
33608,Not-in-family
33608,Other-relative
33608,Own-child
33608,Unmarried
33608,Wife
39181,Husband
39181,Not-in-family
39181,Other-relative
39181,Own-child
39181,Unmarried
39181,Wife
38211,Husband
38211,Not-in-family
38211,Other-relative
38211,Own-child
38211,Unmarried
38211,Wife
35543,Husband
35543,Not-in-family
35543,Other-relative
35543,Own-child
35543,Unmarried
35543,Wife
30062,Not-in-family
30062,Unmarried
8067,Husband
8067,Not-in-family
8067,Other-relative
8067,Own-child
8067,Unmarried
8067,Wife
46572,Husband
46572,Other-relative
46572,Own-child
46572,Wife
7271,Husband
7271,Other-relative
7271,Own-child
7271,Wife
16776,Not-in-family
16776,Unmarried
30806,Husband
30806,Other-relative
30806,Own-child
30806,Wife
4857,Husband
4857,Other-relative
4857,Own-child
4857,Wife
10808,Husband
10808,Not-in-family
10808,Other-relative
10808,Own-child
10808,Unmarried
10808,Wife
29575,Not-in-family
29575,Unmarried
24691,Husband
24691,Other-relative
24691,Own-child
24691,Wife
7296,Husband
7296,Not-in-family
7296,Other-relative
7296,Own-child
7296,Unmarried
7296,Wife
2456,Husband
2456,Not-in-family
2456,Other-relative
2456,Own-child
2456,Unmarried
2456,Wife
22870,Husband
22870,Not-in-family
22870,Other-relative
22870,Own-child
22870,Unmarried
22870,Wife
47295,Not-in-family
47295,Unmarried
47164,Husband
47164,Not-in-family
47164,Other-relative
47164,Own-child
47164,Unmarried
47164,Wife
3977,Husband
3977,Not-in-family
3977,Other-relative
3977,Own-child
3977,Unmarried
3977,Wife
38943,Husband
38943,Not-in-family
38943,Other-relative
38943,Own-child
38943,Unmarried
38943,Wife
38580,Husband
38580,Not-in-family
38580,Other-relative
38580,Own-child
38580,Unmarried
38580,Wife
31183,Husband
31183,Not-in-family
31183,Other-relative
31183,Own-child
31183,Unmarried
31183,Wife
36344,Husband
36344,Not-in-family
36344,Other-relative
36344,Own-child
36344,Unmarried
36344,Wife
17509,Husband
17509,Not-in-family
17509,Other-relative
17509,Own-child
17509,Unmarried
17509,Wife
44273,Husband
44273,Not-in-family
44273,Other-relative
44273,Own-child
44273,Unmarried
44273,Wife
44009,Husband
44009,Not-in-family
44009,Other-relative
44009,Own-child
44009,Unmarried
44009,Wife
13724,Husband
13724,Other-relative
13724,Own-child
13724,Wife
11868,Husband
11868,Not-in-family
11868,Other-relative
11868,Own-child
11868,Unmarried
11868,Wife
4056,Husband
4056,Other-relative
4056,Own-child
4056,Wife
9183,Husband
9183,Other-relative
9183,Own-child
9183,Wife
28910,Not-in-family
28910,Unmarried
31295,Husband
31295,Other-relative
31295,Own-child
31295,Wife
32006,Husband
32006,Other-relative
32006,Own-child
32006,Wife
28741,Husband
28741,Not-in-family
28741,Other-relative
28741,Own-child
28741,Unmarried
28741,Wife
24661,Husband
24661,Other-relative
24661,Own-child
24661,Wife
45125,Husband
45125,Other-relative
45125,Own-child
45125,Wife
22148,Husband
22148,Not-in-family
22148,Other-relative
22148,Own-child
22148,Unmarried
22148,Wife
16006,Husband
16006,Not-in-family
16006,Other-relative
16006,Own-child
16006,Unmarried
16006,Wife
35115,Husband
35115,Not-in-family
35115,Other-relative
35115,Own-child
35115,Unmarried
35115,Wife
18827,Husband
18827,Other-relative
18827,Own-child
18827,Wife
26246,Husband
26246,Other-relative
26246,Own-child
26246,Wife
23001,Husband
23001,Not-in-family
23001,Other-relative
23001,Own-child
23001,Unmarried
23001,Wife
1259,Husband
1259,Not-in-family
1259,Other-relative
1259,Own-child
1259,Unmarried
1259,Wife
20918,Husband
20918,Other-relative
20918,Own-child
20918,Wife
14953,Husband
14953,Not-in-family
14953,Other-relative
14953,Own-child
14953,Unmarried
14953,Wife
18354,Husband
18354,Not-in-family
18354,Other-relative
18354,Own-child
18354,Unmarried
18354,Wife
30140,Not-in-family
30140,Unmarried
426,Not-in-family
426,Unmarried
8812,Husband
8812,Not-in-family
8812,Other-relative
8812,Own-child
8812,Unmarried
8812,Wife
29215,Husband
29215,Not-in-family
29215,Other-relative
29215,Own-child
29215,Unmarried
29215,Wife
39762,Husband
39762,Not-in-family
39762,Other-relative
39762,Own-child
39762,Unmarried
39762,Wife
39001,Husband
39001,Other-relative
39001,Own-child
39001,Wife
19651,Husband
19651,Not-in-family
19651,Other-relative
19651,Own-child
19651,Unmarried
19651,Wife
12227,Husband
12227,Not-in-family
12227,Other-relative
12227,Own-child
12227,Unmarried
12227,Wife
23681,Husband
23681,Not-in-family
23681,Other-relative
23681,Own-child
23681,Unmarried
23681,Wife
45307,Not-in-family
45307,Unmarried
3864,Husband
3864,Other-relative
3864,Own-child
3864,Wife
31597,Not-in-family
31597,Unmarried
46068,Husband
46068,Other-relative
46068,Own-child
46068,Wife
2403,Husband
2403,Other-relative
2403,Own-child
2403,Wife
12737,Husband
12737,Not-in-family
12737,Other-relative
12737,Own-child
12737,Unmarried
12737,Wife
32162,Husband
32162,Not-in-family
32162,Other-relative
32162,Own-child
32162,Unmarried
32162,Wife
25701,Husband
25701,Other-relative
25701,Own-child
25701,Wife
3568,Husband
3568,Other-relative
3568,Own-child
3568,Wife
27456,Husband
27456,Not-in-family
27456,Other-relative
27456,Own-child
27456,Unmarried
27456,Wife
5635,Husband
5635,Not-in-family
5635,Other-relative
5635,Own-child
5635,Unmarried
5635,Wife
10650,Husband
10650,Not-in-family
10650,Other-relative
10650,Own-child
10650,Unmarried
10650,Wife
29158,Husband
29158,Not-in-family
29158,Other-relative
29158,Own-child
29158,Unmarried
29158,Wife
14519,Husband
14519,Not-in-family
14519,Other-relative
14519,Own-child
14519,Unmarried
14519,Wife
13733,Husband
13733,Not-in-family
13733,Other-relative
13733,Own-child
13733,Unmarried
13733,Wife
28305,Not-in-family
28305,Unmarried
35460,Husband
35460,Not-in-family
35460,Other-relative
35460,Own-child
35460,Unmarried
35460,Wife
39853,Husband
39853,Other-relative
39853,Own-child
39853,Wife
48556,Husband
48556,Not-in-family
48556,Other-relative
48556,Own-child
48556,Unmarried
48556,Wife
32261,Husband
32261,Other-relative
32261,Own-child
32261,Wife
18784,Husband
18784,Not-in-family
18784,Other-relative
18784,Own-child
18784,Unmarried
18784,Wife
36272,Husband
36272,Other-relative
36272,Own-child
36272,Wife
26551,Husband
26551,Not-in-family
26551,Other-relative
26551,Own-child
26551,Unmarried
26551,Wife
24194,Husband
24194,Not-in-family
24194,Other-relative
24194,Own-child
24194,Unmarried
24194,Wife
19955,Husband
19955,Not-in-family
19955,Other-relative
19955,Own-child
19955,Unmarried
19955,Wife
47970,Husband
47970,Not-in-family
47970,Other-relative
47970,Own-child
47970,Unmarried
47970,Wife
14546,Husband
14546,Not-in-family
14546,Other-relative
14546,Own-child
14546,Unmarried
14546,Wife
37174,Husband
37174,Other-relative
37174,Own-child
37174,Wife
41519,Husband
41519,Other-relative
41519,Own-child
41519,Wife
40935,Husband
40935,Other-relative
40935,Own-child
40935,Wife
26826,Husband
26826,Other-relative
26826,Own-child
26826,Wife
27325,Husband
27325,Not-in-family
27325,Other-relative
27325,Own-child
27325,Unmarried
27325,Wife
20835,Husband
20835,Other-relative
20835,Own-child
20835,Wife
45878,Husband
45878,Not-in-family
45878,Other-relative
45878,Own-child
45878,Unmarried
45878,Wife
17273,Husband
17273,Not-in-family
17273,Other-relative
17273,Own-child
17273,Unmarried
17273,Wife
10303,Not-in-family
10303,Unmarried
29661,Husband
29661,Not-in-family
29661,Other-relative
29661,Own-child
29661,Unmarried
29661,Wife
34866,Husband
34866,Other-relative
34866,Own-child
34866,Wife
34809,Not-in-family
34809,Unmarried
17753,Not-in-family
17753,Unmarried
33410,Husband
33410,Other-relative
33410,Own-child
33410,Wife
42616,Husband
42616,Not-in-family
42616,Other-relative
42616,Own-child
42616,Unmarried
42616,Wife
35785,Husband
35785,Other-relative
35785,Own-child
35785,Wife
9598,Husband
9598,Not-in-family
9598,Other-relative
9598,Own-child
9598,Unmarried
9598,Wife
22849,Husband
22849,Other-relative
22849,Own-child
22849,Wife
28438,Husband
28438,Not-in-family
28438,Other-relative
28438,Own-child
28438,Unmarried
28438,Wife
5376,Husband
5376,Other-relative
5376,Own-child
5376,Wife
9505,Not-in-family
9505,Unmarried
29059,Husband
29059,Other-relative
29059,Own-child
29059,Wife
28939,Husband
28939,Not-in-family
28939,Other-relative
28939,Own-child
28939,Unmarried
28939,Wife
12076,Husband
12076,Not-in-family
12076,Other-relative
12076,Own-child
12076,Unmarried
12076,Wife
45379,Husband
45379,Other-relative
45379,Own-child
45379,Wife
9458,Husband
9458,Not-in-family
9458,Other-relative
9458,Own-child
9458,Unmarried
9458,Wife
3260,Husband
3260,Not-in-family
3260,Other-relative
3260,Own-child
3260,Unmarried
3260,Wife
28279,Husband
28279,Not-in-family
28279,Other-relative
28279,Own-child
28279,Unmarried
28279,Wife
8150,Husband
8150,Other-relative
8150,Own-child
8150,Wife
1960,Husband
1960,Not-in-family
1960,Other-relative
1960,Own-child
1960,Unmarried
1960,Wife
18097,Husband
18097,Not-in-family
18097,Other-relative
18097,Own-child
18097,Unmarried
18097,Wife
1493,Husband
1493,Other-relative
1493,Own-child
1493,Wife
10750,Husband
10750,Other-relative
10750,Own-child
10750,Wife
42069,Husband
42069,Not-in-family
42069,Other-relative
42069,Own-child
42069,Unmarried
42069,Wife
25657,Husband
25657,Other-relative
25657,Own-child
25657,Wife
5769,Husband
5769,Not-in-family
5769,Other-relative
5769,Own-child
5769,Unmarried
5769,Wife
3811,Not-in-family
3811,Unmarried
35325,Husband
35325,Not-in-family
35325,Other-relative
35325,Own-child
35325,Unmarried
35325,Wife
28641,Not-in-family
28641,Unmarried
8709,Husband
8709,Other-relative
8709,Own-child
8709,Wife
22190,Not-in-family
22190,Unmarried
213,Husband
213,Other-relative
213,Own-child
213,Wife
30731,Husband
30731,Not-in-family
30731,Other-relative
30731,Own-child
30731,Unmarried
30731,Wife
7186,Husband
7186,Not-in-family
7186,Other-relative
7186,Own-child
7186,Unmarried
7186,Wife
12535,Husband
12535,Not-in-family
12535,Other-relative
12535,Own-child
12535,Unmarried
12535,Wife
14177,Husband
14177,Not-in-family
14177,Other-relative
14177,Own-child
14177,Unmarried
14177,Wife
22568,Not-in-family
22568,Unmarried
24932,Not-in-family
24932,Unmarried
8379,Husband
8379,Not-in-family
8379,Other-relative
8379,Own-child
8379,Unmarried
8379,Wife
21128,Husband
21128,Other-relative
21128,Own-child
21128,Wife
1563,Husband
1563,Not-in-family
1563,Other-relative
1563,Own-child
1563,Unmarried
1563,Wife
35290,Husband
35290,Not-in-family
35290,Other-relative
35290,Own-child
35290,Unmarried
35290,Wife
44557,Husband
44557,Not-in-family
44557,Other-relative
44557,Own-child
44557,Unmarried
44557,Wife
17237,Husband
17237,Not-in-family
17237,Other-relative
17237,Own-child
17237,Unmarried
17237,Wife
4280,Husband
4280,Other-relative
4280,Own-child
4280,Wife
28678,Husband
28678,Not-in-family
28678,Other-relative
28678,Own-child
28678,Unmarried
28678,Wife
23513,Not-in-family
23513,Unmarried
37515,Husband
37515,Other-relative
37515,Own-child
37515,Wife
25400,Husband
25400,Not-in-family
25400,Other-relative
25400,Own-child
25400,Unmarried
25400,Wife
34735,Husband
34735,Not-in-family
34735,Other-relative
34735,Own-child
34735,Unmarried
34735,Wife
13873,Husband
13873,Other-relative
13873,Own-child
13873,Wife
47093,Husband
47093,Other-relative
47093,Own-child
47093,Wife
42253,Husband
42253,Other-relative
42253,Own-child
42253,Wife
32121,Not-in-family
32121,Unmarried
22477,Not-in-family
22477,Unmarried
45533,Husband
45533,Not-in-family
45533,Other-relative
45533,Own-child
45533,Unmarried
45533,Wife
23816,Husband
23816,Not-in-family
23816,Other-relative
23816,Own-child
23816,Unmarried
23816,Wife
13104,Husband
13104,Not-in-family
13104,Other-relative
13104,Own-child
13104,Unmarried
13104,Wife
24024,Husband
24024,Not-in-family
24024,Other-relative
24024,Own-child
24024,Unmarried
24024,Wife
35088,Husband
35088,Not-in-family
35088,Other-relative
35088,Own-child
35088,Unmarried
35088,Wife
10192,Husband
10192,Other-relative
10192,Own-child
10192,Wife
25396,Husband
25396,Other-relative
25396,Own-child
25396,Wife
8191,Not-in-family
8191,Unmarried
4245,Husband
4245,Not-in-family
4245,Other-relative
4245,Own-child
4245,Unmarried
4245,Wife
37758,Husband
37758,Not-in-family
37758,Other-relative
37758,Own-child
37758,Unmarried
37758,Wife
1124,Husband
1124,Not-in-family
1124,Other-relative
1124,Own-child
1124,Unmarried
1124,Wife
44110,Husband
44110,Other-relative
44110,Own-child
44110,Wife
48069,Husband
48069,Not-in-family
48069,Other-relative
48069,Own-child
48069,Unmarried
48069,Wife
2245,Husband
2245,Not-in-family
2245,Other-relative
2245,Own-child
2245,Unmarried
2245,Wife
45838,Husband
45838,Not-in-family
45838,Other-relative
45838,Own-child
45838,Unmarried
45838,Wife
44943,Husband
44943,Not-in-family
44943,Other-relative
44943,Own-child
44943,Unmarried
44943,Wife
27796,Husband
27796,Other-relative
27796,Own-child
27796,Wife
19638,Husband
19638,Not-in-family
19638,Other-relative
19638,Own-child
19638,Unmarried
19638,Wife
42046,Husband
42046,Not-in-family
42046,Other-relative
42046,Own-child
42046,Unmarried
42046,Wife
47239,Husband
47239,Other-relative
47239,Own-child
47239,Wife
14689,Husband
14689,Not-in-family
14689,Other-relative
14689,Own-child
14689,Unmarried
14689,Wife
33910,Husband
33910,Not-in-family
33910,Other-relative
33910,Own-child
33910,Unmarried
33910,Wife
41700,Husband
41700,Other-relative
41700,Own-child
41700,Wife
7797,Not-in-family
7797,Unmarried
1763,Husband
1763,Other-relative
1763,Own-child
1763,Wife
14337,Husband
14337,Not-in-family
14337,Other-relative
14337,Own-child
14337,Unmarried
14337,Wife
16494,Husband
16494,Other-relative
16494,Own-child
16494,Wife
39531,Husband
39531,Not-in-family
39531,Other-relative
39531,Own-child
39531,Unmarried
39531,Wife
8298,Husband
8298,Not-in-family
8298,Other-relative
8298,Own-child
8298,Unmarried
8298,Wife
27044,Husband
27044,Other-relative
27044,Own-child
27044,Wife
9948,Husband
9948,Other-relative
9948,Own-child
9948,Wife
13799,Husband
13799,Other-relative
13799,Own-child
13799,Wife
27195,Husband
27195,Not-in-family
27195,Other-relative
27195,Own-child
27195,Unmarried
27195,Wife
47114,Not-in-family
47114,Unmarried
27322,Husband
27322,Other-relative
27322,Own-child
27322,Wife
14158,Not-in-family
14158,Unmarried
11404,Husband
11404,Other-relative
11404,Own-child
11404,Wife
32687,Husband
32687,Other-relative
32687,Own-child
32687,Wife
31839,Husband
31839,Other-relative
31839,Own-child
31839,Wife
26471,Husband
26471,Not-in-family
26471,Other-relative
26471,Own-child
26471,Unmarried
26471,Wife
2374,Husband
2374,Not-in-family
2374,Other-relative
2374,Own-child
2374,Unmarried
2374,Wife
37480,Husband
37480,Other-relative
37480,Own-child
37480,Wife
43909,Not-in-family
43909,Unmarried
45561,Husband
45561,Other-relative
45561,Own-child
45561,Wife
8842,Husband
8842,Not-in-family
8842,Other-relative
8842,Own-child
8842,Unmarried
8842,Wife
33370,Husband
33370,Not-in-family
33370,Other-relative
33370,Own-child
33370,Unmarried
33370,Wife
20691,Not-in-family
20691,Unmarried
43091,Husband
43091,Not-in-family
43091,Other-relative
43091,Own-child
43091,Unmarried
43091,Wife
25118,Husband
25118,Other-relative
25118,Own-child
25118,Wife
45728,Husband
45728,Not-in-family
45728,Other-relative
45728,Own-child
45728,Unmarried
45728,Wife
25356,Husband
25356,Other-relative
25356,Own-child
25356,Wife
7701,Husband
7701,Not-in-family
7701,Other-relative
7701,Own-child
7701,Unmarried
7701,Wife
6774,Husband
6774,Not-in-family
6774,Other-relative
6774,Own-child
6774,Unmarried
6774,Wife
1008,Husband
1008,Not-in-family
1008,Other-relative
1008,Own-child
1008,Unmarried
1008,Wife
2004,Not-in-family
2004,Unmarried
40526,Husband
40526,Other-relative
40526,Own-child
40526,Wife
27921,Not-in-family
27921,Unmarried
5154,Husband
5154,Other-relative
5154,Own-child
5154,Wife
46136,Husband
46136,Not-in-family
46136,Other-relative
46136,Own-child
46136,Unmarried
46136,Wife
22831,Husband
22831,Not-in-family
22831,Other-relative
22831,Own-child
22831,Unmarried
22831,Wife
46612,Husband
46612,Not-in-family
46612,Other-relative
46612,Own-child
46612,Unmarried
46612,Wife
3222,Not-in-family
3222,Unmarried
6365,Husband
6365,Not-in-family
6365,Other-relative
6365,Own-child
6365,Unmarried
6365,Wife
28620,Husband
28620,Not-in-family
28620,Other-relative
28620,Own-child
28620,Unmarried
28620,Wife
18207,Not-in-family
18207,Unmarried
23641,Husband
23641,Other-relative
23641,Own-child
23641,Wife
3404,Husband
3404,Not-in-family
3404,Other-relative
3404,Own-child
3404,Unmarried
3404,Wife
5794,Husband
5794,Other-relative
5794,Own-child
5794,Wife
16545,Husband
16545,Other-relative
16545,Own-child
16545,Wife
40444,Husband
40444,Not-in-family
40444,Other-relative
40444,Own-child
40444,Unmarried
40444,Wife
1836,Husband
1836,Not-in-family
1836,Other-relative
1836,Own-child
1836,Unmarried
1836,Wife
36706,Husband
36706,Other-relative
36706,Own-child
36706,Wife
938,Husband
938,Other-relative
938,Own-child
938,Wife
29407,Husband
29407,Other-relative
29407,Own-child
29407,Wife
31221,Husband
31221,Not-in-family
31221,Other-relative
31221,Own-child
31221,Unmarried
31221,Wife
7664,Not-in-family
7664,Unmarried
17250,Not-in-family
17250,Unmarried
8536,Husband
8536,Other-relative
8536,Own-child
8536,Wife
29425,Husband
29425,Not-in-family
29425,Other-relative
29425,Own-child
29425,Unmarried
29425,Wife
37367,Husband
37367,Not-in-family
37367,Other-relative
37367,Own-child
37367,Unmarried
37367,Wife
38652,Husband
38652,Not-in-family
38652,Other-relative
38652,Own-child
38652,Unmarried
38652,Wife
15324,Husband
15324,Not-in-family
15324,Other-relative
15324,Own-child
15324,Unmarried
15324,Wife
17383,Husband
17383,Not-in-family
17383,Other-relative
17383,Own-child
17383,Unmarried
17383,Wife
11392,Husband
11392,Other-relative
11392,Own-child
11392,Wife
3047,Husband
3047,Not-in-family
3047,Other-relative
3047,Own-child
3047,Unmarried
3047,Wife
308,Husband
308,Other-relative
308,Own-child
308,Wife
47055,Husband
47055,Not-in-family
47055,Other-relative
47055,Own-child
47055,Unmarried
47055,Wife
40954,Husband
40954,Not-in-family
40954,Other-relative
40954,Own-child
40954,Unmarried
40954,Wife
41917,Husband
41917,Other-relative
41917,Own-child
41917,Wife
18837,Husband
18837,Not-in-family
18837,Other-relative
18837,Own-child
18837,Unmarried
18837,Wife
26732,Husband
26732,Other-relative
26732,Own-child
26732,Wife
9803,Husband
9803,Not-in-family
9803,Other-relative
9803,Own-child
9803,Unmarried
9803,Wife
47533,Husband
47533,Not-in-family
47533,Other-relative
47533,Own-child
47533,Unmarried
47533,Wife
4279,Not-in-family
4279,Unmarried
29444,Husband
29444,Not-in-family
29444,Other-relative
29444,Own-child
29444,Unmarried
29444,Wife
10083,Husband
10083,Not-in-family
10083,Other-relative
10083,Own-child
10083,Unmarried
10083,Wife
22535,Husband
22535,Not-in-family
22535,Other-relative
22535,Own-child
22535,Unmarried
22535,Wife
32934,Husband
32934,Other-relative
32934,Own-child
32934,Wife
15788,Husband
15788,Other-relative
15788,Own-child
15788,Wife
37205,Husband
37205,Other-relative
37205,Own-child
37205,Wife
17059,Husband
17059,Other-relative
17059,Own-child
17059,Wife
26260,Husband
26260,Not-in-family
26260,Other-relative
26260,Own-child
26260,Unmarried
26260,Wife
34989,Husband
34989,Other-relative
34989,Own-child
34989,Wife
456,Husband
456,Other-relative
456,Own-child
456,Wife
31072,Husband
31072,Other-relative
31072,Own-child
31072,Wife
27218,Husband
27218,Not-in-family
27218,Other-relative
27218,Own-child
27218,Unmarried
27218,Wife
20556,Husband
20556,Not-in-family
20556,Other-relative
20556,Own-child
20556,Unmarried
20556,Wife
35606,Husband
35606,Not-in-family
35606,Other-relative
35606,Own-child
35606,Unmarried
35606,Wife
36520,Husband
36520,Not-in-family
36520,Other-relative
36520,Own-child
36520,Unmarried
36520,Wife
13267,Husband
13267,Other-relative
13267,Own-child
13267,Wife
3004,Not-in-family
3004,Unmarried
11431,Husband
11431,Other-relative
11431,Own-child
11431,Wife
25419,Husband
25419,Not-in-family
25419,Other-relative
25419,Own-child
25419,Unmarried
25419,Wife
11395,Husband
11395,Other-relative
11395,Own-child
11395,Wife
23927,Not-in-family
23927,Unmarried
28191,Husband
28191,Other-relative
28191,Own-child
28191,Wife
25098,Not-in-family
25098,Unmarried
4264,Husband
4264,Not-in-family
4264,Other-relative
4264,Own-child
4264,Unmarried
4264,Wife
21751,Husband
21751,Other-relative
21751,Own-child
21751,Wife
47106,Husband
47106,Not-in-family
47106,Other-relative
47106,Own-child
47106,Unmarried
47106,Wife
48545,Not-in-family
48545,Unmarried
8078,Husband
8078,Not-in-family
8078,Other-relative
8078,Own-child
8078,Unmarried
8078,Wife
2744,Husband
2744,Not-in-family
2744,Other-relative
2744,Own-child
2744,Unmarried
2744,Wife
15110,Husband
15110,Other-relative
15110,Own-child
15110,Wife
17142,Husband
17142,Not-in-family
17142,Other-relative
17142,Own-child
17142,Unmarried
17142,Wife
22259,Husband
22259,Not-in-family
22259,Other-relative
22259,Own-child
22259,Unmarried
22259,Wife
1618,Husband
1618,Not-in-family
1618,Other-relative
1618,Own-child
1618,Unmarried
1618,Wife
31237,Husband
31237,Other-relative
31237,Own-child
31237,Wife
145,Not-in-family
145,Unmarried
21819,Husband
21819,Not-in-family
21819,Other-relative
21819,Own-child
21819,Unmarried
21819,Wife
27055,Husband
27055,Other-relative
27055,Own-child
27055,Wife
37075,Not-in-family
37075,Unmarried
9506,Husband
9506,Not-in-family
9506,Other-relative
9506,Own-child
9506,Unmarried
9506,Wife
35116,Husband
35116,Not-in-family
35116,Other-relative
35116,Own-child
35116,Unmarried
35116,Wife
43918,Not-in-family
43918,Unmarried
33916,Husband
33916,Not-in-family
33916,Other-relative
33916,Own-child
33916,Unmarried
33916,Wife
35413,Husband
35413,Other-relative
35413,Own-child
35413,Wife
7099,Husband
7099,Other-relative
7099,Own-child
7099,Wife
15046,Husband
15046,Not-in-family
15046,Other-relative
15046,Own-child
15046,Unmarried
15046,Wife
14263,Husband
14263,Other-relative
14263,Own-child
14263,Wife
45243,Husband
45243,Other-relative
45243,Own-child
45243,Wife
16854,Husband
16854,Not-in-family
16854,Other-relative
16854,Own-child
16854,Unmarried
16854,Wife
36582,Not-in-family
36582,Unmarried
46941,Husband
46941,Not-in-family
46941,Other-relative
46941,Own-child
46941,Unmarried
46941,Wife
36001,Husband
36001,Other-relative
36001,Own-child
36001,Wife
12336,Not-in-family
12336,Unmarried
1018,Not-in-family
1018,Unmarried
39353,Not-in-family
39353,Unmarried
7252,Husband
7252,Not-in-family
7252,Other-relative
7252,Own-child
7252,Unmarried
7252,Wife
38384,Not-in-family
38384,Unmarried
37609,Husband
37609,Not-in-family
37609,Other-relative
37609,Own-child
37609,Unmarried
37609,Wife
43458,Husband
43458,Other-relative
43458,Own-child
43458,Wife
16195,Husband
16195,Not-in-family
16195,Other-relative
16195,Own-child
16195,Unmarried
16195,Wife
40329,Husband
40329,Not-in-family
40329,Other-relative
40329,Own-child
40329,Unmarried
40329,Wife
33572,Not-in-family
33572,Unmarried
2701,Husband
2701,Not-in-family
2701,Other-relative
2701,Own-child
2701,Unmarried
2701,Wife
40328,Not-in-family
40328,Unmarried
18495,Husband
18495,Other-relative
18495,Own-child
18495,Wife
39075,Husband
39075,Not-in-family
39075,Other-relative
39075,Own-child
39075,Unmarried
39075,Wife
13594,Husband
13594,Other-relative
13594,Own-child
13594,Wife
22893,Husband
22893,Not-in-family
22893,Other-relative
22893,Own-child
22893,Unmarried
22893,Wife
12375,Husband
12375,Not-in-family
12375,Other-relative
12375,Own-child
12375,Unmarried
12375,Wife
40911,Husband
40911,Not-in-family
40911,Other-relative
40911,Own-child
40911,Unmarried
40911,Wife
31200,Husband
31200,Not-in-family
31200,Other-relative
31200,Own-child
31200,Unmarried
31200,Wife
41869,Not-in-family
41869,Unmarried
2800,Husband
2800,Other-relative
2800,Own-child
2800,Wife
39980,Husband
39980,Other-relative
39980,Own-child
39980,Wife
10743,Husband
10743,Not-in-family
10743,Other-relative
10743,Own-child
10743,Unmarried
10743,Wife
21359,Husband
21359,Not-in-family
21359,Other-relative
21359,Own-child
21359,Unmarried
21359,Wife
8986,Husband
8986,Not-in-family
8986,Other-relative
8986,Own-child
8986,Unmarried
8986,Wife
31449,Husband
31449,Not-in-family
31449,Other-relative
31449,Own-child
31449,Unmarried
31449,Wife
3803,Husband
3803,Not-in-family
3803,Other-relative
3803,Own-child
3803,Unmarried
3803,Wife
45315,Husband
45315,Other-relative
45315,Own-child
45315,Wife
38024,Not-in-family
38024,Unmarried
21279,Husband
21279,Other-relative
21279,Own-child
21279,Wife
20662,Husband
20662,Not-in-family
20662,Other-relative
20662,Own-child
20662,Unmarried
20662,Wife
37685,Husband
37685,Other-relative
37685,Own-child
37685,Wife
25065,Husband
25065,Not-in-family
25065,Other-relative
25065,Own-child
25065,Unmarried
25065,Wife
18721,Not-in-family
18721,Unmarried
20783,Husband
20783,Other-relative
20783,Own-child
20783,Wife
6809,Husband
6809,Other-relative
6809,Own-child
6809,Wife
12081,Husband
12081,Other-relative
12081,Own-child
12081,Wife
29227,Husband
29227,Not-in-family
29227,Other-relative
29227,Own-child
29227,Unmarried
29227,Wife
17776,Husband
17776,Other-relative
17776,Own-child
17776,Wife
7381,Husband
7381,Not-in-family
7381,Other-relative
7381,Own-child
7381,Unmarried
7381,Wife
43469,Husband
43469,Not-in-family
43469,Other-relative
43469,Own-child
43469,Unmarried
43469,Wife
21897,Husband
21897,Other-relative
21897,Own-child
21897,Wife
3768,Husband
3768,Other-relative
3768,Own-child
3768,Wife
26134,Husband
26134,Other-relative
26134,Own-child
26134,Wife
44545,Husband
44545,Not-in-family
44545,Other-relative
44545,Own-child
44545,Unmarried
44545,Wife
4512,Husband
4512,Not-in-family
4512,Other-relative
4512,Own-child
4512,Unmarried
4512,Wife
15630,Husband
15630,Other-relative
15630,Own-child
15630,Wife
40952,Not-in-family
40952,Unmarried
38160,Husband
38160,Other-relative
38160,Own-child
38160,Wife
32927,Husband
32927,Other-relative
32927,Own-child
32927,Wife
34331,Husband
34331,Other-relative
34331,Own-child
34331,Wife
14226,Not-in-family
14226,Unmarried
42536,Husband
42536,Not-in-family
42536,Other-relative
42536,Own-child
42536,Unmarried
42536,Wife
47075,Not-in-family
47075,Unmarried
18588,Husband
18588,Not-in-family
18588,Other-relative
18588,Own-child
18588,Unmarried
18588,Wife
14194,Husband
14194,Not-in-family
14194,Other-relative
14194,Own-child
14194,Unmarried
14194,Wife
16281,Husband
16281,Other-relative
16281,Own-child
16281,Wife
35977,Husband
35977,Other-relative
35977,Own-child
35977,Wife
17661,Husband
17661,Other-relative
17661,Own-child
17661,Wife
16658,Not-in-family
16658,Unmarried
9204,Husband
9204,Other-relative
9204,Own-child
9204,Wife
19043,Husband
19043,Not-in-family
19043,Other-relative
19043,Own-child
19043,Unmarried
19043,Wife
40981,Husband
40981,Other-relative
40981,Own-child
40981,Wife
1063,Not-in-family
1063,Unmarried
27123,Husband
27123,Not-in-family
27123,Other-relative
27123,Own-child
27123,Unmarried
27123,Wife
31049,Husband
31049,Not-in-family
31049,Other-relative
31049,Own-child
31049,Unmarried
31049,Wife
32072,Husband
32072,Not-in-family
32072,Other-relative
32072,Own-child
32072,Unmarried
32072,Wife
18530,Husband
18530,Other-relative
18530,Own-child
18530,Wife
24454,Husband
24454,Not-in-family
24454,Other-relative
24454,Own-child
24454,Unmarried
24454,Wife
10627,Husband
10627,Not-in-family
10627,Other-relative
10627,Own-child
10627,Unmarried
10627,Wife
2662,Husband
2662,Not-in-family
2662,Other-relative
2662,Own-child
2662,Unmarried
2662,Wife
21901,Husband
21901,Not-in-family
21901,Other-relative
21901,Own-child
21901,Unmarried
21901,Wife
4817,Not-in-family
4817,Unmarried
14144,Husband
14144,Other-relative
14144,Own-child
14144,Wife
31538,Husband
31538,Not-in-family
31538,Other-relative
31538,Own-child
31538,Unmarried
31538,Wife
29740,Husband
29740,Not-in-family
29740,Other-relative
29740,Own-child
29740,Unmarried
29740,Wife
9647,Husband
9647,Other-relative
9647,Own-child
9647,Wife
16017,Husband
16017,Other-relative
16017,Own-child
16017,Wife
10465,Husband
10465,Not-in-family
10465,Other-relative
10465,Own-child
10465,Unmarried
10465,Wife
47470,Not-in-family
47470,Unmarried
23380,Husband
23380,Not-in-family
23380,Other-relative
23380,Own-child
23380,Unmarried
23380,Wife
34896,Husband
34896,Other-relative
34896,Own-child
34896,Wife
17756,Husband
17756,Not-in-family
17756,Other-relative
17756,Own-child
17756,Unmarried
17756,Wife
24055,Husband
24055,Not-in-family
24055,Other-relative
24055,Own-child
24055,Unmarried
24055,Wife
7278,Husband
7278,Not-in-family
7278,Other-relative
7278,Own-child
7278,Unmarried
7278,Wife
9553,Husband
9553,Not-in-family
9553,Other-relative
9553,Own-child
9553,Unmarried
9553,Wife
43030,Husband
43030,Not-in-family
43030,Other-relative
43030,Own-child
43030,Unmarried
43030,Wife
13423,Husband
13423,Not-in-family
13423,Other-relative
13423,Own-child
13423,Unmarried
13423,Wife
29763,Husband
29763,Not-in-family
29763,Other-relative
29763,Own-child
29763,Unmarried
29763,Wife
47656,Husband
47656,Not-in-family
47656,Other-relative
47656,Own-child
47656,Unmarried
47656,Wife
7320,Husband
7320,Other-relative
7320,Own-child
7320,Wife
41276,Husband
41276,Other-relative
41276,Own-child
41276,Wife
23689,Husband
23689,Other-relative
23689,Own-child
23689,Wife
41801,Husband
41801,Not-in-family
41801,Other-relative
41801,Own-child
41801,Unmarried
41801,Wife
2131,Not-in-family
2131,Unmarried
1332,Husband
1332,Not-in-family
1332,Other-relative
1332,Own-child
1332,Unmarried
1332,Wife
13551,Husband
13551,Other-relative
13551,Own-child
13551,Wife
11191,Husband
11191,Not-in-family
11191,Other-relative
11191,Own-child
11191,Unmarried
11191,Wife
334,Husband
334,Not-in-family
334,Other-relative
334,Own-child
334,Unmarried
334,Wife
48432,Husband
48432,Other-relative
48432,Own-child
48432,Wife
39955,Husband
39955,Not-in-family
39955,Other-relative
39955,Own-child
39955,Unmarried
39955,Wife
14206,Husband
14206,Not-in-family
14206,Other-relative
14206,Own-child
14206,Unmarried
14206,Wife
7785,Husband
7785,Not-in-family
7785,Other-relative
7785,Own-child
7785,Unmarried
7785,Wife
36176,Husband
36176,Other-relative
36176,Own-child
36176,Wife
40289,Husband
40289,Other-relative
40289,Own-child
40289,Wife
46530,Not-in-family
46530,Unmarried
2441,Husband
2441,Not-in-family
2441,Other-relative
2441,Own-child
2441,Unmarried
2441,Wife
2941,Husband
2941,Not-in-family
2941,Other-relative
2941,Own-child
2941,Unmarried
2941,Wife
9021,Husband
9021,Other-relative
9021,Own-child
9021,Wife
4318,Husband
4318,Not-in-family
4318,Other-relative
4318,Own-child
4318,Unmarried
4318,Wife
34248,Husband
34248,Not-in-family
34248,Other-relative
34248,Own-child
34248,Unmarried
34248,Wife
28154,Husband
28154,Not-in-family
28154,Other-relative
28154,Own-child
28154,Unmarried
28154,Wife
34287,Husband
34287,Not-in-family
34287,Other-relative
34287,Own-child
34287,Unmarried
34287,Wife
10886,Husband
10886,Not-in-family
10886,Other-relative
10886,Own-child
10886,Unmarried
10886,Wife
8559,Husband
8559,Not-in-family
8559,Other-relative
8559,Own-child
8559,Unmarried
8559,Wife
35629,Not-in-family
35629,Unmarried
42656,Husband
42656,Other-relative
42656,Own-child
42656,Wife
9495,Husband
9495,Not-in-family
9495,Other-relative
9495,Own-child
9495,Unmarried
9495,Wife
20697,Husband
20697,Not-in-family
20697,Other-relative
20697,Own-child
20697,Unmarried
20697,Wife
32630,Husband
32630,Not-in-family
32630,Other-relative
32630,Own-child
32630,Unmarried
32630,Wife
15669,Husband
15669,Not-in-family
15669,Other-relative
15669,Own-child
15669,Unmarried
15669,Wife
41013,Husband
41013,Other-relative
41013,Own-child
41013,Wife
45752,Husband
45752,Not-in-family
45752,Other-relative
45752,Own-child
45752,Unmarried
45752,Wife
24142,Husband
24142,Other-relative
24142,Own-child
24142,Wife
7944,Husband
7944,Not-in-family
7944,Other-relative
7944,Own-child
7944,Unmarried
7944,Wife
26406,Not-in-family
26406,Unmarried
9226,Husband
9226,Not-in-family
9226,Other-relative
9226,Own-child
9226,Unmarried
9226,Wife
39054,Not-in-family
39054,Unmarried
45401,Husband
45401,Other-relative
45401,Own-child
45401,Wife
34990,Husband
34990,Not-in-family
34990,Other-relative
34990,Own-child
34990,Unmarried
34990,Wife
15512,Husband
15512,Not-in-family
15512,Other-relative
15512,Own-child
15512,Unmarried
15512,Wife
25338,Not-in-family
25338,Unmarried
45847,Husband
45847,Not-in-family
45847,Other-relative
45847,Own-child
45847,Unmarried
45847,Wife
27661,Husband
27661,Not-in-family
27661,Other-relative
27661,Own-child
27661,Unmarried
27661,Wife
10284,Husband
10284,Not-in-family
10284,Other-relative
10284,Own-child
10284,Unmarried
10284,Wife
10290,Husband
10290,Other-relative
10290,Own-child
10290,Wife
23297,Husband
23297,Not-in-family
23297,Other-relative
23297,Own-child
23297,Unmarried
23297,Wife
11372,Husband
11372,Other-relative
11372,Own-child
11372,Wife
44036,Husband
44036,Not-in-family
44036,Other-relative
44036,Own-child
44036,Unmarried
44036,Wife
27476,Husband
27476,Not-in-family
27476,Other-relative
27476,Own-child
27476,Unmarried
27476,Wife
33683,Husband
33683,Not-in-family
33683,Other-relative
33683,Own-child
33683,Unmarried
33683,Wife
6274,Husband
6274,Not-in-family
6274,Other-relative
6274,Own-child
6274,Unmarried
6274,Wife
14933,Husband
14933,Not-in-family
14933,Other-relative
14933,Own-child
14933,Unmarried
14933,Wife
7692,Husband
7692,Not-in-family
7692,Other-relative
7692,Own-child
7692,Unmarried
7692,Wife
38323,Husband
38323,Not-in-family
38323,Other-relative
38323,Own-child
38323,Unmarried
38323,Wife
22004,Husband
22004,Other-relative
22004,Own-child
22004,Wife
27706,Husband
27706,Other-relative
27706,Own-child
27706,Wife
21315,Husband
21315,Other-relative
21315,Own-child
21315,Wife
45191,Husband
45191,Other-relative
45191,Own-child
45191,Wife
11045,Husband
11045,Not-in-family
11045,Other-relative
11045,Own-child
11045,Unmarried
11045,Wife
11942,Husband
11942,Not-in-family
11942,Other-relative
11942,Own-child
11942,Unmarried
11942,Wife
19803,Husband
19803,Not-in-family
19803,Other-relative
19803,Own-child
19803,Unmarried
19803,Wife
13714,Husband
13714,Other-relative
13714,Own-child
13714,Wife
46791,Husband
46791,Not-in-family
46791,Other-relative
46791,Own-child
46791,Unmarried
46791,Wife
10686,Husband
10686,Not-in-family
10686,Other-relative
10686,Own-child
10686,Unmarried
10686,Wife
21269,Husband
21269,Not-in-family
21269,Other-relative
21269,Own-child
21269,Unmarried
21269,Wife
43709,Husband
43709,Other-relative
43709,Own-child
43709,Wife
26782,Husband
26782,Other-relative
26782,Own-child
26782,Wife
28475,Husband
28475,Other-relative
28475,Own-child
28475,Wife
44121,Husband
44121,Not-in-family
44121,Other-relative
44121,Own-child
44121,Unmarried
44121,Wife
9839,Husband
9839,Not-in-family
9839,Other-relative
9839,Own-child
9839,Unmarried
9839,Wife
1797,Husband
1797,Other-relative
1797,Own-child
1797,Wife
293,Husband
293,Not-in-family
293,Other-relative
293,Own-child
293,Unmarried
293,Wife
18527,Husband
18527,Other-relative
18527,Own-child
18527,Wife
48367,Husband
48367,Other-relative
48367,Own-child
48367,Wife
17581,Husband
17581,Not-in-family
17581,Other-relative
17581,Own-child
17581,Unmarried
17581,Wife
38043,Husband
38043,Not-in-family
38043,Other-relative
38043,Own-child
38043,Unmarried
38043,Wife
37840,Husband
37840,Other-relative
37840,Own-child
37840,Wife
32255,Husband
32255,Not-in-family
32255,Other-relative
32255,Own-child
32255,Unmarried
32255,Wife
46527,Not-in-family
46527,Unmarried
14329,Not-in-family
14329,Unmarried
4869,Husband
4869,Not-in-family
4869,Other-relative
4869,Own-child
4869,Unmarried
4869,Wife
43770,Not-in-family
43770,Unmarried
16238,Husband
16238,Other-relative
16238,Own-child
16238,Wife
5091,Not-in-family
5091,Unmarried
35674,Husband
35674,Not-in-family
35674,Other-relative
35674,Own-child
35674,Unmarried
35674,Wife
16617,Husband
16617,Other-relative
16617,Own-child
16617,Wife
4540,Husband
4540,Other-relative
4540,Own-child
4540,Wife
22725,Husband
22725,Other-relative
22725,Own-child
22725,Wife
31788,Husband
31788,Other-relative
31788,Own-child
31788,Wife
15277,Not-in-family
15277,Unmarried
23878,Husband
23878,Other-relative
23878,Own-child
23878,Wife
5427,Husband
5427,Not-in-family
5427,Other-relative
5427,Own-child
5427,Unmarried
5427,Wife
24176,Not-in-family
24176,Unmarried
47733,Husband
47733,Not-in-family
47733,Other-relative
47733,Own-child
47733,Unmarried
47733,Wife
8716,Husband
8716,Not-in-family
8716,Other-relative
8716,Own-child
8716,Unmarried
8716,Wife
1550,Husband
1550,Other-relative
1550,Own-child
1550,Wife
24668,Not-in-family
24668,Unmarried
18321,Husband
18321,Other-relative
18321,Own-child
18321,Wife
1667,Husband
1667,Not-in-family
1667,Other-relative
1667,Own-child
1667,Unmarried
1667,Wife
31648,Husband
31648,Other-relative
31648,Own-child
31648,Wife
43812,Husband
43812,Not-in-family
43812,Other-relative
43812,Own-child
43812,Unmarried
43812,Wife
43956,Husband
43956,Other-relative
43956,Own-child
43956,Wife
33666,Husband
33666,Not-in-family
33666,Other-relative
33666,Own-child
33666,Unmarried
33666,Wife
28489,Husband
28489,Not-in-family
28489,Other-relative
28489,Own-child
28489,Unmarried
28489,Wife
43179,Husband
43179,Other-relative
43179,Own-child
43179,Wife
25875,Husband
25875,Not-in-family
25875,Other-relative
25875,Own-child
25875,Unmarried
25875,Wife
34940,Husband
34940,Not-in-family
34940,Other-relative
34940,Own-child
34940,Unmarried
34940,Wife
47310,Husband
47310,Not-in-family
47310,Other-relative
47310,Own-child
47310,Unmarried
47310,Wife
43099,Husband
43099,Not-in-family
43099,Other-relative
43099,Own-child
43099,Unmarried
43099,Wife
17993,Husband
17993,Other-relative
17993,Own-child
17993,Wife
46754,Husband
46754,Not-in-family
46754,Other-relative
46754,Own-child
46754,Unmarried
46754,Wife
34981,Husband
34981,Not-in-family
34981,Other-relative
34981,Own-child
34981,Unmarried
34981,Wife
34297,Husband
34297,Not-in-family
34297,Other-relative
34297,Own-child
34297,Unmarried
34297,Wife
3722,Not-in-family
3722,Unmarried
35705,Husband
35705,Other-relative
35705,Own-child
35705,Wife
40147,Husband
40147,Not-in-family
40147,Other-relative
40147,Own-child
40147,Unmarried
40147,Wife
36220,Husband
36220,Not-in-family
36220,Other-relative
36220,Own-child
36220,Unmarried
36220,Wife
13685,Husband
13685,Other-relative
13685,Own-child
13685,Wife
37954,Not-in-family
37954,Unmarried
1488,Not-in-family
1488,Unmarried
12272,Husband
12272,Not-in-family
12272,Other-relative
12272,Own-child
12272,Unmarried
12272,Wife
19203,Husband
19203,Not-in-family
19203,Other-relative
19203,Own-child
19203,Unmarried
19203,Wife
8265,Husband
8265,Other-relative
8265,Own-child
8265,Wife
15995,Husband
15995,Other-relative
15995,Own-child
15995,Wife
46448,Husband
46448,Other-relative
46448,Own-child
46448,Wife
505,Not-in-family
505,Unmarried
29,Husband
29,Not-in-family
29,Other-relative
29,Own-child
29,Unmarried
29,Wife
8934,Not-in-family
8934,Unmarried
4821,Not-in-family
4821,Unmarried
15174,Husband
15174,Not-in-family
15174,Other-relative
15174,Own-child
15174,Unmarried
15174,Wife
43346,Husband
43346,Not-in-family
43346,Other-relative
43346,Own-child
43346,Unmarried
43346,Wife
44445,Husband
44445,Not-in-family
44445,Other-relative
44445,Own-child
44445,Unmarried
44445,Wife
43668,Husband
43668,Not-in-family
43668,Other-relative
43668,Own-child
43668,Unmarried
43668,Wife
15181,Husband
15181,Other-relative
15181,Own-child
15181,Wife
2424,Husband
2424,Other-relative
2424,Own-child
2424,Wife
5732,Husband
5732,Not-in-family
5732,Other-relative
5732,Own-child
5732,Unmarried
5732,Wife
39538,Husband
39538,Other-relative
39538,Own-child
39538,Wife
35355,Husband
35355,Not-in-family
35355,Other-relative
35355,Own-child
35355,Unmarried
35355,Wife
12404,Husband
12404,Other-relative
12404,Own-child
12404,Wife
37351,Not-in-family
37351,Unmarried
30293,Not-in-family
30293,Unmarried
1003,Husband
1003,Not-in-family
1003,Other-relative
1003,Own-child
1003,Unmarried
1003,Wife
37114,Husband
37114,Not-in-family
37114,Other-relative
37114,Own-child
37114,Unmarried
37114,Wife
11378,Husband
11378,Not-in-family
11378,Other-relative
11378,Own-child
11378,Unmarried
11378,Wife
22589,Not-in-family
22589,Unmarried
1712,Husband
1712,Other-relative
1712,Own-child
1712,Wife
33245,Husband
33245,Other-relative
33245,Own-child
33245,Wife
34872,Husband
34872,Not-in-family
34872,Other-relative
34872,Own-child
34872,Unmarried
34872,Wife
32107,Not-in-family
32107,Unmarried
34686,Husband
34686,Other-relative
34686,Own-child
34686,Wife
18440,Husband
18440,Other-relative
18440,Own-child
18440,Wife
4973,Husband
4973,Not-in-family
4973,Other-relative
4973,Own-child
4973,Unmarried
4973,Wife
32748,Not-in-family
32748,Unmarried
41185,Husband
41185,Not-in-family
41185,Other-relative
41185,Own-child
41185,Unmarried
41185,Wife
30539,Husband
30539,Not-in-family
30539,Other-relative
30539,Own-child
30539,Unmarried
30539,Wife
40859,Husband
40859,Not-in-family
40859,Other-relative
40859,Own-child
40859,Unmarried
40859,Wife
35744,Husband
35744,Not-in-family
35744,Other-relative
35744,Own-child
35744,Unmarried
35744,Wife
46013,Husband
46013,Not-in-family
46013,Other-relative
46013,Own-child
46013,Unmarried
46013,Wife
3220,Not-in-family
3220,Unmarried
45722,Husband
45722,Not-in-family
45722,Other-relative
45722,Own-child
45722,Unmarried
45722,Wife
11475,Husband
11475,Not-in-family
11475,Other-relative
11475,Own-child
11475,Unmarried
11475,Wife
15900,Husband
15900,Not-in-family
15900,Other-relative
15900,Own-child
15900,Unmarried
15900,Wife
14275,Husband
14275,Not-in-family
14275,Other-relative
14275,Own-child
14275,Unmarried
14275,Wife
39711,Husband
39711,Not-in-family
39711,Other-relative
39711,Own-child
39711,Unmarried
39711,Wife
27530,Husband
27530,Other-relative
27530,Own-child
27530,Wife
38575,Husband
38575,Other-relative
38575,Own-child
38575,Wife
28109,Husband
28109,Other-relative
28109,Own-child
28109,Wife
38272,Husband
38272,Not-in-family
38272,Other-relative
38272,Own-child
38272,Unmarried
38272,Wife
16215,Not-in-family
16215,Unmarried
44025,Husband
44025,Not-in-family
44025,Other-relative
44025,Own-child
44025,Unmarried
44025,Wife
10951,Husband
10951,Not-in-family
10951,Other-relative
10951,Own-child
10951,Unmarried
10951,Wife
24594,Not-in-family
24594,Unmarried
31777,Husband
31777,Other-relative
31777,Own-child
31777,Wife
37728,Not-in-family
37728,Unmarried
22122,Husband
22122,Not-in-family
22122,Other-relative
22122,Own-child
22122,Unmarried
22122,Wife
33401,Husband
33401,Other-relative
33401,Own-child
33401,Wife
10480,Husband
10480,Not-in-family
10480,Other-relative
10480,Own-child
10480,Unmarried
10480,Wife
13210,Husband
13210,Other-relative
13210,Own-child
13210,Wife
38462,Husband
38462,Other-relative
38462,Own-child
38462,Wife
22541,Husband
22541,Not-in-family
22541,Other-relative
22541,Own-child
22541,Unmarried
22541,Wife
10968,Not-in-family
10968,Unmarried
35461,Husband
35461,Not-in-family
35461,Other-relative
35461,Own-child
35461,Unmarried
35461,Wife
22947,Husband
22947,Other-relative
22947,Own-child
22947,Wife
31682,Husband
31682,Other-relative
31682,Own-child
31682,Wife
30943,Husband
30943,Not-in-family
30943,Other-relative
30943,Own-child
30943,Unmarried
30943,Wife
9065,Husband
9065,Other-relative
9065,Own-child
9065,Wife
12083,Husband
12083,Other-relative
12083,Own-child
12083,Wife
13300,Husband
13300,Not-in-family
13300,Other-relative
13300,Own-child
13300,Unmarried
13300,Wife
27115,Husband
27115,Not-in-family
27115,Other-relative
27115,Own-child
27115,Unmarried
27115,Wife
33268,Not-in-family
33268,Unmarried
36972,Husband
36972,Other-relative
36972,Own-child
36972,Wife
38515,Not-in-family
38515,Unmarried
23110,Husband
23110,Not-in-family
23110,Other-relative
23110,Own-child
23110,Unmarried
23110,Wife
10464,Not-in-family
10464,Unmarried
17952,Husband
17952,Not-in-family
17952,Other-relative
17952,Own-child
17952,Unmarried
17952,Wife
42931,Husband
42931,Other-relative
42931,Own-child
42931,Wife
6631,Husband
6631,Other-relative
6631,Own-child
6631,Wife
23614,Husband
23614,Not-in-family
23614,Other-relative
23614,Own-child
23614,Unmarried
23614,Wife
26030,Not-in-family
26030,Unmarried
2821,Husband
2821,Other-relative
2821,Own-child
2821,Wife
45316,Not-in-family
45316,Unmarried
33879,Husband
33879,Other-relative
33879,Own-child
33879,Wife
33055,Husband
33055,Other-relative
33055,Own-child
33055,Wife
13482,Not-in-family
13482,Unmarried
34655,Husband
34655,Not-in-family
34655,Other-relative
34655,Own-child
34655,Unmarried
34655,Wife
4297,Husband
4297,Other-relative
4297,Own-child
4297,Wife
10356,Husband
10356,Not-in-family
10356,Other-relative
10356,Own-child
10356,Unmarried
10356,Wife
10554,Husband
10554,Other-relative
10554,Own-child
10554,Wife
373,Husband
373,Other-relative
373,Own-child
373,Wife
42981,Husband
42981,Other-relative
42981,Own-child
42981,Wife
26539,Husband
26539,Other-relative
26539,Own-child
26539,Wife
16850,Husband
16850,Not-in-family
16850,Other-relative
16850,Own-child
16850,Unmarried
16850,Wife
24473,Husband
24473,Not-in-family
24473,Other-relative
24473,Own-child
24473,Unmarried
24473,Wife
35600,Husband
35600,Not-in-family
35600,Other-relative
35600,Own-child
35600,Unmarried
35600,Wife
36172,Husband
36172,Other-relative
36172,Own-child
36172,Wife
34125,Not-in-family
34125,Unmarried
4771,Husband
4771,Other-relative
4771,Own-child
4771,Wife
38315,Husband
38315,Not-in-family
38315,Other-relative
38315,Own-child
38315,Unmarried
38315,Wife
29834,Husband
29834,Other-relative
29834,Own-child
29834,Wife
13178,Husband
13178,Not-in-family
13178,Other-relative
13178,Own-child
13178,Unmarried
13178,Wife
1571,Husband
1571,Other-relative
1571,Own-child
1571,Wife
15606,Husband
15606,Other-relative
15606,Own-child
15606,Wife
17083,Husband
17083,Not-in-family
17083,Other-relative
17083,Own-child
17083,Unmarried
17083,Wife
39284,Husband
39284,Not-in-family
39284,Other-relative
39284,Own-child
39284,Unmarried
39284,Wife
36741,Husband
36741,Not-in-family
36741,Other-relative
36741,Own-child
36741,Unmarried
36741,Wife
9231,Husband
9231,Not-in-family
9231,Other-relative
9231,Own-child
9231,Unmarried
9231,Wife
36408,Not-in-family
36408,Unmarried
15332,Husband
15332,Not-in-family
15332,Other-relative
15332,Own-child
15332,Unmarried
15332,Wife
7725,Not-in-family
7725,Unmarried
24975,Husband
24975,Not-in-family
24975,Other-relative
24975,Own-child
24975,Unmarried
24975,Wife
30391,Husband
30391,Not-in-family
30391,Other-relative
30391,Own-child
30391,Unmarried
30391,Wife
19463,Husband
19463,Other-relative
19463,Own-child
19463,Wife
14129,Husband
14129,Not-in-family
14129,Other-relative
14129,Own-child
14129,Unmarried
14129,Wife
19777,Husband
19777,Not-in-family
19777,Other-relative
19777,Own-child
19777,Unmarried
19777,Wife
5055,Husband
5055,Not-in-family
5055,Other-relative
5055,Own-child
5055,Unmarried
5055,Wife
34513,Husband
34513,Other-relative
34513,Own-child
34513,Wife
37200,Husband
37200,Other-relative
37200,Own-child
37200,Wife
6157,Husband
6157,Not-in-family
6157,Other-relative
6157,Own-child
6157,Unmarried
6157,Wife
27037,Husband
27037,Other-relative
27037,Own-child
27037,Wife
38072,Not-in-family
38072,Unmarried
3550,Husband
3550,Other-relative
3550,Own-child
3550,Wife
3317,Husband
3317,Not-in-family
3317,Other-relative
3317,Own-child
3317,Unmarried
3317,Wife
36814,Husband
36814,Not-in-family
36814,Other-relative
36814,Own-child
36814,Unmarried
36814,Wife
13460,Husband
13460,Not-in-family
13460,Other-relative
13460,Own-child
13460,Unmarried
13460,Wife
5200,Husband
5200,Not-in-family
5200,Other-relative
5200,Own-child
5200,Unmarried
5200,Wife
5466,Husband
5466,Not-in-family
5466,Other-relative
5466,Own-child
5466,Unmarried
5466,Wife
21069,Husband
21069,Not-in-family
21069,Other-relative
21069,Own-child
21069,Unmarried
21069,Wife
45969,Husband
45969,Not-in-family
45969,Other-relative
45969,Own-child
45969,Unmarried
45969,Wife
15872,Husband
15872,Not-in-family
15872,Other-relative
15872,Own-child
15872,Unmarried
15872,Wife
33930,Husband
33930,Not-in-family
33930,Other-relative
33930,Own-child
33930,Unmarried
33930,Wife
11452,Husband
11452,Not-in-family
11452,Other-relative
11452,Own-child
11452,Unmarried
11452,Wife
28863,Husband
28863,Other-relative
28863,Own-child
28863,Wife
24035,Husband
24035,Other-relative
24035,Own-child
24035,Wife
1578,Husband
1578,Not-in-family
1578,Other-relative
1578,Own-child
1578,Unmarried
1578,Wife
46260,Husband
46260,Other-relative
46260,Own-child
46260,Wife
7641,Husband
7641,Not-in-family
7641,Other-relative
7641,Own-child
7641,Unmarried
7641,Wife
33965,Husband
33965,Other-relative
33965,Own-child
33965,Wife
27798,Husband
27798,Not-in-family
27798,Other-relative
27798,Own-child
27798,Unmarried
27798,Wife
31134,Husband
31134,Other-relative
31134,Own-child
31134,Wife
27393,Husband
27393,Not-in-family
27393,Other-relative
27393,Own-child
27393,Unmarried
27393,Wife
20016,Husband
20016,Other-relative
20016,Own-child
20016,Wife
39339,Husband
39339,Other-relative
39339,Own-child
39339,Wife
7678,Husband
7678,Not-in-family
7678,Other-relative
7678,Own-child
7678,Unmarried
7678,Wife
26660,Husband
26660,Not-in-family
26660,Other-relative
26660,Own-child
26660,Unmarried
26660,Wife
44096,Not-in-family
44096,Unmarried
44894,Husband
44894,Not-in-family
44894,Other-relative
44894,Own-child
44894,Unmarried
44894,Wife
44618,Husband
44618,Not-in-family
44618,Other-relative
44618,Own-child
44618,Unmarried
44618,Wife
37454,Husband
37454,Not-in-family
37454,Other-relative
37454,Own-child
37454,Unmarried
37454,Wife
34334,Husband
34334,Not-in-family
34334,Other-relative
34334,Own-child
34334,Unmarried
34334,Wife
40020,Husband
40020,Other-relative
40020,Own-child
40020,Wife
30004,Husband
30004,Other-relative
30004,Own-child
30004,Wife
33107,Husband
33107,Other-relative
33107,Own-child
33107,Wife
584,Not-in-family
584,Unmarried
28076,Husband
28076,Other-relative
28076,Own-child
28076,Wife
45456,Husband
45456,Other-relative
45456,Own-child
45456,Wife
47561,Husband
47561,Not-in-family
47561,Other-relative
47561,Own-child
47561,Unmarried
47561,Wife
4870,Husband
4870,Other-relative
4870,Own-child
4870,Wife
31488,Husband
31488,Other-relative
31488,Own-child
31488,Wife
30743,Husband
30743,Not-in-family
30743,Other-relative
30743,Own-child
30743,Unmarried
30743,Wife
5993,Not-in-family
5993,Unmarried
34197,Husband
34197,Not-in-family
34197,Other-relative
34197,Own-child
34197,Unmarried
34197,Wife
46379,Not-in-family
46379,Unmarried
33792,Husband
33792,Not-in-family
33792,Other-relative
33792,Own-child
33792,Unmarried
33792,Wife
41110,Husband
41110,Other-relative
41110,Own-child
41110,Wife
5586,Husband
5586,Not-in-family
5586,Other-relative
5586,Own-child
5586,Unmarried
5586,Wife
4009,Not-in-family
4009,Unmarried
3134,Husband
3134,Other-relative
3134,Own-child
3134,Wife
17563,Husband
17563,Not-in-family
17563,Other-relative
17563,Own-child
17563,Unmarried
17563,Wife
40975,Husband
40975,Not-in-family
40975,Other-relative
40975,Own-child
40975,Unmarried
40975,Wife
34074,Husband
34074,Not-in-family
34074,Other-relative
34074,Own-child
34074,Unmarried
34074,Wife
37298,Husband
37298,Not-in-family
37298,Other-relative
37298,Own-child
37298,Unmarried
37298,Wife
9947,Husband
9947,Other-relative
9947,Own-child
9947,Wife
1140,Husband
1140,Other-relative
1140,Own-child
1140,Wife
24443,Husband
24443,Other-relative
24443,Own-child
24443,Wife
3543,Husband
3543,Not-in-family
3543,Other-relative
3543,Own-child
3543,Unmarried
3543,Wife
2897,Husband
2897,Not-in-family
2897,Other-relative
2897,Own-child
2897,Unmarried
2897,Wife
25463,Husband
25463,Not-in-family
25463,Other-relative
25463,Own-child
25463,Unmarried
25463,Wife
46115,Husband
46115,Other-relative
46115,Own-child
46115,Wife
10395,Husband
10395,Other-relative
10395,Own-child
10395,Wife
50,Husband
50,Other-relative
50,Own-child
50,Wife
3266,Husband
3266,Not-in-family
3266,Other-relative
3266,Own-child
3266,Unmarried
3266,Wife
37578,Husband
37578,Not-in-family
37578,Other-relative
37578,Own-child
37578,Unmarried
37578,Wife
21187,Husband
21187,Other-relative
21187,Own-child
21187,Wife
2837,Husband
2837,Not-in-family
2837,Other-relative
2837,Own-child
2837,Unmarried
2837,Wife
3381,Husband
3381,Not-in-family
3381,Other-relative
3381,Own-child
3381,Unmarried
3381,Wife
11901,Husband
11901,Other-relative
11901,Own-child
11901,Wife
31899,Husband
31899,Other-relative
31899,Own-child
31899,Wife
36489,Husband
36489,Not-in-family
36489,Other-relative
36489,Own-child
36489,Unmarried
36489,Wife
26759,Husband
26759,Not-in-family
26759,Other-relative
26759,Own-child
26759,Unmarried
26759,Wife
46914,Husband
46914,Not-in-family
46914,Other-relative
46914,Own-child
46914,Unmarried
46914,Wife
13607,Husband
13607,Not-in-family
13607,Other-relative
13607,Own-child
13607,Unmarried
13607,Wife
39087,Husband
39087,Other-relative
39087,Own-child
39087,Wife
15746,Husband
15746,Other-relative
15746,Own-child
15746,Wife
44514,Husband
44514,Not-in-family
44514,Other-relative
44514,Own-child
44514,Unmarried
44514,Wife
46236,Husband
46236,Other-relative
46236,Own-child
46236,Wife
30225,Husband
30225,Other-relative
30225,Own-child
30225,Wife
25262,Husband
25262,Not-in-family
25262,Other-relative
25262,Own-child
25262,Unmarried
25262,Wife
11201,Husband
11201,Other-relative
11201,Own-child
11201,Wife
26311,Husband
26311,Not-in-family
26311,Other-relative
26311,Own-child
26311,Unmarried
26311,Wife
7112,Husband
7112,Other-relative
7112,Own-child
7112,Wife
7642,Not-in-family
7642,Unmarried
15904,Husband
15904,Not-in-family
15904,Other-relative
15904,Own-child
15904,Unmarried
15904,Wife
14972,Husband
14972,Other-relative
14972,Own-child
14972,Wife
17820,Not-in-family
17820,Unmarried
7372,Husband
7372,Not-in-family
7372,Other-relative
7372,Own-child
7372,Unmarried
7372,Wife
3364,Husband
3364,Other-relative
3364,Own-child
3364,Wife
26607,Husband
26607,Other-relative
26607,Own-child
26607,Wife
9241,Husband
9241,Other-relative
9241,Own-child
9241,Wife
17024,Husband
17024,Not-in-family
17024,Other-relative
17024,Own-child
17024,Unmarried
17024,Wife
3276,Husband
3276,Not-in-family
3276,Other-relative
3276,Own-child
3276,Unmarried
3276,Wife
26171,Husband
26171,Not-in-family
26171,Other-relative
26171,Own-child
26171,Unmarried
26171,Wife
5175,Husband
5175,Not-in-family
5175,Other-relative
5175,Own-child
5175,Unmarried
5175,Wife
3179,Husband
3179,Not-in-family
3179,Other-relative
3179,Own-child
3179,Unmarried
3179,Wife
40384,Husband
40384,Not-in-family
40384,Other-relative
40384,Own-child
40384,Unmarried
40384,Wife
46133,Husband
46133,Not-in-family
46133,Other-relative
46133,Own-child
46133,Unmarried
46133,Wife
23737,Not-in-family
23737,Unmarried
44319,Husband
44319,Not-in-family
44319,Other-relative
44319,Own-child
44319,Unmarried
44319,Wife
23966,Husband
23966,Not-in-family
23966,Other-relative
23966,Own-child
23966,Unmarried
23966,Wife
6160,Husband
6160,Not-in-family
6160,Other-relative
6160,Own-child
6160,Unmarried
6160,Wife
30557,Not-in-family
30557,Unmarried
42310,Husband
42310,Not-in-family
42310,Other-relative
42310,Own-child
42310,Unmarried
42310,Wife
10000,Not-in-family
10000,Unmarried
11776,Husband
11776,Not-in-family
11776,Other-relative
11776,Own-child
11776,Unmarried
11776,Wife
36617,Husband
36617,Not-in-family
36617,Other-relative
36617,Own-child
36617,Unmarried
36617,Wife
20063,Husband
20063,Not-in-family
20063,Other-relative
20063,Own-child
20063,Unmarried
20063,Wife
8221,Husband
8221,Not-in-family
8221,Other-relative
8221,Own-child
8221,Unmarried
8221,Wife
42948,Husband
42948,Other-relative
42948,Own-child
42948,Wife
40168,Husband
40168,Other-relative
40168,Own-child
40168,Wife
16487,Husband
16487,Other-relative
16487,Own-child
16487,Wife
23214,Husband
23214,Other-relative
23214,Own-child
23214,Wife
42921,Husband
42921,Not-in-family
42921,Other-relative
42921,Own-child
42921,Unmarried
42921,Wife
35167,Husband
35167,Other-relative
35167,Own-child
35167,Wife
42579,Husband
42579,Not-in-family
42579,Other-relative
42579,Own-child
42579,Unmarried
42579,Wife
37991,Husband
37991,Not-in-family
37991,Other-relative
37991,Own-child
37991,Unmarried
37991,Wife
17673,Husband
17673,Not-in-family
17673,Other-relative
17673,Own-child
17673,Unmarried
17673,Wife
6731,Husband
6731,Other-relative
6731,Own-child
6731,Wife
33047,Husband
33047,Not-in-family
33047,Other-relative
33047,Own-child
33047,Unmarried
33047,Wife
39656,Not-in-family
39656,Unmarried
40686,Husband
40686,Not-in-family
40686,Other-relative
40686,Own-child
40686,Unmarried
40686,Wife
30550,Husband
30550,Not-in-family
30550,Other-relative
30550,Own-child
30550,Unmarried
30550,Wife
9199,Husband
9199,Not-in-family
9199,Other-relative
9199,Own-child
9199,Unmarried
9199,Wife
4320,Husband
4320,Other-relative
4320,Own-child
4320,Wife
29383,Husband
29383,Other-relative
29383,Own-child
29383,Wife
35913,Husband
35913,Not-in-family
35913,Other-relative
35913,Own-child
35913,Unmarried
35913,Wife
19785,Not-in-family
19785,Unmarried
2240,Husband
2240,Not-in-family
2240,Other-relative
2240,Own-child
2240,Unmarried
2240,Wife
22758,Husband
22758,Not-in-family
22758,Other-relative
22758,Own-child
22758,Unmarried
22758,Wife
21063,Husband
21063,Other-relative
21063,Own-child
21063,Wife
37396,Husband
37396,Not-in-family
37396,Other-relative
37396,Own-child
37396,Unmarried
37396,Wife
13019,Husband
13019,Not-in-family
13019,Other-relative
13019,Own-child
13019,Unmarried
13019,Wife
44139,Not-in-family
44139,Unmarried
45739,Husband
45739,Other-relative
45739,Own-child
45739,Wife
39698,Not-in-family
39698,Unmarried
42863,Not-in-family
42863,Unmarried
14547,Husband
14547,Not-in-family
14547,Other-relative
14547,Own-child
14547,Unmarried
14547,Wife
44771,Not-in-family
44771,Unmarried
28421,Husband
28421,Not-in-family
28421,Other-relative
28421,Own-child
28421,Unmarried
28421,Wife
2016,Husband
2016,Not-in-family
2016,Other-relative
2016,Own-child
2016,Unmarried
2016,Wife
42889,Husband
42889,Not-in-family
42889,Other-relative
42889,Own-child
42889,Unmarried
42889,Wife
14831,Husband
14831,Other-relative
14831,Own-child
14831,Wife
14993,Husband
14993,Not-in-family
14993,Other-relative
14993,Own-child
14993,Unmarried
14993,Wife
16262,Husband
16262,Not-in-family
16262,Other-relative
16262,Own-child
16262,Unmarried
16262,Wife
38519,Husband
38519,Not-in-family
38519,Other-relative
38519,Own-child
38519,Unmarried
38519,Wife
26315,Husband
26315,Other-relative
26315,Own-child
26315,Wife
15038,Husband
15038,Other-relative
15038,Own-child
15038,Wife
44641,Husband
44641,Other-relative
44641,Own-child
44641,Wife
46275,Husband
46275,Not-in-family
46275,Other-relative
46275,Own-child
46275,Unmarried
46275,Wife
19999,Husband
19999,Not-in-family
19999,Other-relative
19999,Own-child
19999,Unmarried
19999,Wife
40213,Husband
40213,Other-relative
40213,Own-child
40213,Wife
31726,Husband
31726,Not-in-family
31726,Other-relative
31726,Own-child
31726,Unmarried
31726,Wife
13483,Husband
13483,Not-in-family
13483,Other-relative
13483,Own-child
13483,Unmarried
13483,Wife
5467,Husband
5467,Other-relative
5467,Own-child
5467,Wife
18199,Husband
18199,Other-relative
18199,Own-child
18199,Wife
27333,Husband
27333,Not-in-family
27333,Other-relative
27333,Own-child
27333,Unmarried
27333,Wife
30786,Not-in-family
30786,Unmarried
4906,Husband
4906,Not-in-family
4906,Other-relative
4906,Own-child
4906,Unmarried
4906,Wife
17395,Not-in-family
17395,Unmarried
16569,Husband
16569,Not-in-family
16569,Other-relative
16569,Own-child
16569,Unmarried
16569,Wife
13530,Husband
13530,Not-in-family
13530,Other-relative
13530,Own-child
13530,Unmarried
13530,Wife
19837,Husband
19837,Not-in-family
19837,Other-relative
19837,Own-child
19837,Unmarried
19837,Wife
10652,Husband
10652,Other-relative
10652,Own-child
10652,Wife
2601,Husband
2601,Other-relative
2601,Own-child
2601,Wife
1387,Husband
1387,Other-relative
1387,Own-child
1387,Wife
26082,Husband
26082,Other-relative
26082,Own-child
26082,Wife
21615,Husband
21615,Not-in-family
21615,Other-relative
21615,Own-child
21615,Unmarried
21615,Wife
24931,Husband
24931,Not-in-family
24931,Other-relative
24931,Own-child
24931,Unmarried
24931,Wife
20635,Husband
20635,Not-in-family
20635,Other-relative
20635,Own-child
20635,Unmarried
20635,Wife
9120,Not-in-family
9120,Unmarried
16508,Husband
16508,Not-in-family
16508,Other-relative
16508,Own-child
16508,Unmarried
16508,Wife
34450,Husband
34450,Other-relative
34450,Own-child
34450,Wife
39263,Husband
39263,Not-in-family
39263,Other-relative
39263,Own-child
39263,Unmarried
39263,Wife
43591,Husband
43591,Other-relative
43591,Own-child
43591,Wife
21493,Husband
21493,Not-in-family
21493,Other-relative
21493,Own-child
21493,Unmarried
21493,Wife
1305,Husband
1305,Not-in-family
1305,Other-relative
1305,Own-child
1305,Unmarried
1305,Wife
7409,Husband
7409,Not-in-family
7409,Other-relative
7409,Own-child
7409,Unmarried
7409,Wife
16338,Husband
16338,Not-in-family
16338,Other-relative
16338,Own-child
16338,Unmarried
16338,Wife
39617,Husband
39617,Not-in-family
39617,Other-relative
39617,Own-child
39617,Unmarried
39617,Wife
25970,Husband
25970,Other-relative
25970,Own-child
25970,Wife
2636,Husband
2636,Not-in-family
2636,Other-relative
2636,Own-child
2636,Unmarried
2636,Wife
25858,Husband
25858,Other-relative
25858,Own-child
25858,Wife
28269,Husband
28269,Not-in-family
28269,Other-relative
28269,Own-child
28269,Unmarried
28269,Wife
17316,Not-in-family
17316,Unmarried
13148,Husband
13148,Not-in-family
13148,Other-relative
13148,Own-child
13148,Unmarried
13148,Wife
6939,Husband
6939,Not-in-family
6939,Other-relative
6939,Own-child
6939,Unmarried
6939,Wife
21566,Husband
21566,Other-relative
21566,Own-child
21566,Wife
7362,Husband
7362,Other-relative
7362,Own-child
7362,Wife
35599,Husband
35599,Other-relative
35599,Own-child
35599,Wife
47540,Husband
47540,Other-relative
47540,Own-child
47540,Wife
20371,Husband
20371,Not-in-family
20371,Other-relative
20371,Own-child
20371,Unmarried
20371,Wife
8125,Husband
8125,Not-in-family
8125,Other-relative
8125,Own-child
8125,Unmarried
8125,Wife
13584,Husband
13584,Not-in-family
13584,Other-relative
13584,Own-child
13584,Unmarried
13584,Wife
42150,Husband
42150,Not-in-family
42150,Other-relative
42150,Own-child
42150,Unmarried
42150,Wife
37966,Not-in-family
37966,Unmarried
25938,Husband
25938,Other-relative
25938,Own-child
25938,Wife
4887,Not-in-family
4887,Unmarried
48438,Husband
48438,Other-relative
48438,Own-child
48438,Wife
23806,Husband
23806,Not-in-family
23806,Other-relative
23806,Own-child
23806,Unmarried
23806,Wife
37330,Husband
37330,Not-in-family
37330,Other-relative
37330,Own-child
37330,Unmarried
37330,Wife
3766,Husband
3766,Other-relative
3766,Own-child
3766,Wife
33230,Husband
33230,Other-relative
33230,Own-child
33230,Wife
8761,Husband
8761,Not-in-family
8761,Other-relative
8761,Own-child
8761,Unmarried
8761,Wife
8481,Husband
8481,Other-relative
8481,Own-child
8481,Wife
6142,Husband
6142,Other-relative
6142,Own-child
6142,Wife
34582,Husband
34582,Other-relative
34582,Own-child
34582,Wife
29457,Not-in-family
29457,Unmarried
23406,Husband
23406,Not-in-family
23406,Other-relative
23406,Own-child
23406,Unmarried
23406,Wife
37458,Husband
37458,Not-in-family
37458,Other-relative
37458,Own-child
37458,Unmarried
37458,Wife
24929,Husband
24929,Not-in-family
24929,Other-relative
24929,Own-child
24929,Unmarried
24929,Wife
21987,Husband
21987,Other-relative
21987,Own-child
21987,Wife
37973,Not-in-family
37973,Unmarried
42302,Not-in-family
42302,Unmarried
2762,Husband
2762,Other-relative
2762,Own-child
2762,Wife
28867,Husband
28867,Other-relative
28867,Own-child
28867,Wife
44673,Husband
44673,Other-relative
44673,Own-child
44673,Wife
26548,Husband
26548,Not-in-family
26548,Other-relative
26548,Own-child
26548,Unmarried
26548,Wife
42095,Husband
42095,Not-in-family
42095,Other-relative
42095,Own-child
42095,Unmarried
42095,Wife
20745,Husband
20745,Other-relative
20745,Own-child
20745,Wife
41391,Not-in-family
41391,Unmarried
13236,Husband
13236,Other-relative
13236,Own-child
13236,Wife
27838,Husband
27838,Not-in-family
27838,Other-relative
27838,Own-child
27838,Unmarried
27838,Wife
30007,Husband
30007,Other-relative
30007,Own-child
30007,Wife
43626,Husband
43626,Not-in-family
43626,Other-relative
43626,Own-child
43626,Unmarried
43626,Wife
42412,Husband
42412,Other-relative
42412,Own-child
42412,Wife
15695,Husband
15695,Other-relative
15695,Own-child
15695,Wife
12077,Husband
12077,Not-in-family
12077,Other-relative
12077,Own-child
12077,Unmarried
12077,Wife
35678,Not-in-family
35678,Unmarried
35014,Husband
35014,Not-in-family
35014,Other-relative
35014,Own-child
35014,Unmarried
35014,Wife
21497,Husband
21497,Not-in-family
21497,Other-relative
21497,Own-child
21497,Unmarried
21497,Wife
20412,Not-in-family
20412,Unmarried
23885,Not-in-family
23885,Unmarried
10841,Husband
10841,Not-in-family
10841,Other-relative
10841,Own-child
10841,Unmarried
10841,Wife
27384,Husband
27384,Other-relative
27384,Own-child
27384,Wife
46146,Husband
46146,Not-in-family
46146,Other-relative
46146,Own-child
46146,Unmarried
46146,Wife
8086,Husband
8086,Not-in-family
8086,Other-relative
8086,Own-child
8086,Unmarried
8086,Wife
33574,Husband
33574,Not-in-family
33574,Other-relative
33574,Own-child
33574,Unmarried
33574,Wife
36361,Not-in-family
36361,Unmarried
6574,Husband
6574,Other-relative
6574,Own-child
6574,Wife
25107,Husband
25107,Not-in-family
25107,Other-relative
25107,Own-child
25107,Unmarried
25107,Wife
37744,Not-in-family
37744,Unmarried
42938,Not-in-family
42938,Unmarried
18299,Husband
18299,Not-in-family
18299,Other-relative
18299,Own-child
18299,Unmarried
18299,Wife
46290,Not-in-family
46290,Unmarried
33073,Husband
33073,Other-relative
33073,Own-child
33073,Wife
740,Husband
740,Not-in-family
740,Other-relative
740,Own-child
740,Unmarried
740,Wife
8648,Husband
8648,Not-in-family
8648,Other-relative
8648,Own-child
8648,Unmarried
8648,Wife
14505,Not-in-family
14505,Unmarried
26975,Husband
26975,Other-relative
26975,Own-child
26975,Wife
26789,Husband
26789,Not-in-family
26789,Other-relative
26789,Own-child
26789,Unmarried
26789,Wife
34503,Husband
34503,Not-in-family
34503,Other-relative
34503,Own-child
34503,Unmarried
34503,Wife
15893,Husband
15893,Other-relative
15893,Own-child
15893,Wife
4570,Not-in-family
4570,Unmarried
10085,Husband
10085,Other-relative
10085,Own-child
10085,Wife
3014,Husband
3014,Other-relative
3014,Own-child
3014,Wife
43240,Husband
43240,Not-in-family
43240,Other-relative
43240,Own-child
43240,Unmarried
43240,Wife
26711,Husband
26711,Other-relative
26711,Own-child
26711,Wife
30315,Husband
30315,Not-in-family
30315,Other-relative
30315,Own-child
30315,Unmarried
30315,Wife
11006,Not-in-family
11006,Unmarried
19400,Not-in-family
19400,Unmarried
41763,Not-in-family
41763,Unmarried
30598,Husband
30598,Not-in-family
30598,Other-relative
30598,Own-child
30598,Unmarried
30598,Wife
30789,Husband
30789,Not-in-family
30789,Other-relative
30789,Own-child
30789,Unmarried
30789,Wife
45953,Husband
45953,Other-relative
45953,Own-child
45953,Wife
42083,Husband
42083,Not-in-family
42083,Other-relative
42083,Own-child
42083,Unmarried
42083,Wife
44504,Husband
44504,Not-in-family
44504,Other-relative
44504,Own-child
44504,Unmarried
44504,Wife
33633,Husband
33633,Other-relative
33633,Own-child
33633,Wife
18437,Husband
18437,Other-relative
18437,Own-child
18437,Wife
36497,Husband
36497,Not-in-family
36497,Other-relative
36497,Own-child
36497,Unmarried
36497,Wife
32775,Husband
32775,Other-relative
32775,Own-child
32775,Wife
4720,Husband
4720,Not-in-family
4720,Other-relative
4720,Own-child
4720,Unmarried
4720,Wife
25527,Husband
25527,Other-relative
25527,Own-child
25527,Wife
9440,Husband
9440,Other-relative
9440,Own-child
9440,Wife
11910,Husband
11910,Other-relative
11910,Own-child
11910,Wife
39120,Husband
39120,Not-in-family
39120,Other-relative
39120,Own-child
39120,Unmarried
39120,Wife
40550,Husband
40550,Not-in-family
40550,Other-relative
40550,Own-child
40550,Unmarried
40550,Wife
3872,Husband
3872,Not-in-family
3872,Other-relative
3872,Own-child
3872,Unmarried
3872,Wife
31806,Husband
31806,Not-in-family
31806,Other-relative
31806,Own-child
31806,Unmarried
31806,Wife
33897,Husband
33897,Other-relative
33897,Own-child
33897,Wife
39962,Not-in-family
39962,Unmarried
7647,Husband
7647,Not-in-family
7647,Other-relative
7647,Own-child
7647,Unmarried
7647,Wife
37781,Husband
37781,Not-in-family
37781,Other-relative
37781,Own-child
37781,Unmarried
37781,Wife
37833,Husband
37833,Not-in-family
37833,Other-relative
37833,Own-child
37833,Unmarried
37833,Wife
37277,Husband
37277,Other-relative
37277,Own-child
37277,Wife
10229,Husband
10229,Not-in-family
10229,Other-relative
10229,Own-child
10229,Unmarried
10229,Wife
46667,Husband
46667,Other-relative
46667,Own-child
46667,Wife
38661,Husband
38661,Not-in-family
38661,Other-relative
38661,Own-child
38661,Unmarried
38661,Wife
19418,Husband
19418,Not-in-family
19418,Other-relative
19418,Own-child
19418,Unmarried
19418,Wife
34257,Husband
34257,Not-in-family
34257,Other-relative
34257,Own-child
34257,Unmarried
34257,Wife
24480,Husband
24480,Other-relative
24480,Own-child
24480,Wife
1681,Husband
1681,Not-in-family
1681,Other-relative
1681,Own-child
1681,Unmarried
1681,Wife
15905,Husband
15905,Other-relative
15905,Own-child
15905,Wife
47312,Not-in-family
47312,Unmarried
14712,Husband
14712,Other-relative
14712,Own-child
14712,Wife
42525,Husband
42525,Not-in-family
42525,Other-relative
42525,Own-child
42525,Unmarried
42525,Wife
17196,Husband
17196,Other-relative
17196,Own-child
17196,Wife
9469,Husband
9469,Not-in-family
9469,Other-relative
9469,Own-child
9469,Unmarried
9469,Wife
38322,Husband
38322,Not-in-family
38322,Other-relative
38322,Own-child
38322,Unmarried
38322,Wife
3928,Husband
3928,Not-in-family
3928,Other-relative
3928,Own-child
3928,Unmarried
3928,Wife
21797,Not-in-family
21797,Unmarried
38112,Husband
38112,Not-in-family
38112,Other-relative
38112,Own-child
38112,Unmarried
38112,Wife
7866,Husband
7866,Other-relative
7866,Own-child
7866,Wife
18003,Husband
18003,Not-in-family
18003,Other-relative
18003,Own-child
18003,Unmarried
18003,Wife
41875,Not-in-family
41875,Unmarried
21563,Not-in-family
21563,Unmarried
35269,Husband
35269,Not-in-family
35269,Other-relative
35269,Own-child
35269,Unmarried
35269,Wife
10858,Husband
10858,Other-relative
10858,Own-child
10858,Wife
36992,Not-in-family
36992,Unmarried
11880,Husband
11880,Not-in-family
11880,Other-relative
11880,Own-child
11880,Unmarried
11880,Wife
33297,Husband
33297,Not-in-family
33297,Other-relative
33297,Own-child
33297,Unmarried
33297,Wife
29580,Husband
29580,Not-in-family
29580,Other-relative
29580,Own-child
29580,Unmarried
29580,Wife
3731,Husband
3731,Not-in-family
3731,Other-relative
3731,Own-child
3731,Unmarried
3731,Wife
22081,Husband
22081,Not-in-family
22081,Other-relative
22081,Own-child
22081,Unmarried
22081,Wife
35054,Husband
35054,Not-in-family
35054,Other-relative
35054,Own-child
35054,Unmarried
35054,Wife
30028,Husband
30028,Not-in-family
30028,Other-relative
30028,Own-child
30028,Unmarried
30028,Wife
7353,Husband
7353,Other-relative
7353,Own-child
7353,Wife
12857,Husband
12857,Other-relative
12857,Own-child
12857,Wife
21219,Husband
21219,Other-relative
21219,Own-child
21219,Wife
5022,Husband
5022,Not-in-family
5022,Other-relative
5022,Own-child
5022,Unmarried
5022,Wife
21347,Husband
21347,Not-in-family
21347,Other-relative
21347,Own-child
21347,Unmarried
21347,Wife
44483,Not-in-family
44483,Unmarried
2726,Not-in-family
2726,Unmarried
45736,Husband
45736,Other-relative
45736,Own-child
45736,Wife
15049,Husband
15049,Not-in-family
15049,Other-relative
15049,Own-child
15049,Unmarried
15049,Wife
18298,Husband
18298,Not-in-family
18298,Other-relative
18298,Own-child
18298,Unmarried
18298,Wife
47360,Husband
47360,Not-in-family
47360,Other-relative
47360,Own-child
47360,Unmarried
47360,Wife
4824,Not-in-family
4824,Unmarried
38159,Husband
38159,Other-relative
38159,Own-child
38159,Wife
28706,Husband
28706,Not-in-family
28706,Other-relative
28706,Own-child
28706,Unmarried
28706,Wife
46819,Husband
46819,Other-relative
46819,Own-child
46819,Wife
37283,Husband
37283,Not-in-family
37283,Other-relative
37283,Own-child
37283,Unmarried
37283,Wife
25828,Husband
25828,Not-in-family
25828,Other-relative
25828,Own-child
25828,Unmarried
25828,Wife
8479,Husband
8479,Not-in-family
8479,Other-relative
8479,Own-child
8479,Unmarried
8479,Wife
47994,Husband
47994,Not-in-family
47994,Other-relative
47994,Own-child
47994,Unmarried
47994,Wife
29035,Husband
29035,Not-in-family
29035,Other-relative
29035,Own-child
29035,Unmarried
29035,Wife
24792,Husband
24792,Other-relative
24792,Own-child
24792,Wife
31264,Not-in-family
31264,Unmarried
28456,Husband
28456,Not-in-family
28456,Other-relative
28456,Own-child
28456,Unmarried
28456,Wife
9780,Husband
9780,Not-in-family
9780,Other-relative
9780,Own-child
9780,Unmarried
9780,Wife
37440,Husband
37440,Not-in-family
37440,Other-relative
37440,Own-child
37440,Unmarried
37440,Wife
24508,Husband
24508,Not-in-family
24508,Other-relative
24508,Own-child
24508,Unmarried
24508,Wife
19783,Husband
19783,Other-relative
19783,Own-child
19783,Wife
17076,Husband
17076,Other-relative
17076,Own-child
17076,Wife
21691,Husband
21691,Not-in-family
21691,Other-relative
21691,Own-child
21691,Unmarried
21691,Wife
35273,Husband
35273,Other-relative
35273,Own-child
35273,Wife
10366,Husband
10366,Other-relative
10366,Own-child
10366,Wife
4804,Husband
4804,Other-relative
4804,Own-child
4804,Wife
38300,Husband
38300,Not-in-family
38300,Other-relative
38300,Own-child
38300,Unmarried
38300,Wife
44885,Not-in-family
44885,Unmarried
39506,Husband
39506,Not-in-family
39506,Other-relative
39506,Own-child
39506,Unmarried
39506,Wife
4545,Husband
4545,Not-in-family
4545,Other-relative
4545,Own-child
4545,Unmarried
4545,Wife
44531,Not-in-family
44531,Unmarried
44359,Not-in-family
44359,Unmarried
47592,Husband
47592,Other-relative
47592,Own-child
47592,Wife
46651,Husband
46651,Not-in-family
46651,Other-relative
46651,Own-child
46651,Unmarried
46651,Wife
14682,Husband
14682,Not-in-family
14682,Other-relative
14682,Own-child
14682,Unmarried
14682,Wife
3485,Husband
3485,Other-relative
3485,Own-child
3485,Wife
47345,Husband
47345,Other-relative
47345,Own-child
47345,Wife
18165,Husband
18165,Not-in-family
18165,Other-relative
18165,Own-child
18165,Unmarried
18165,Wife
1714,Husband
1714,Other-relative
1714,Own-child
1714,Wife
18810,Husband
18810,Not-in-family
18810,Other-relative
18810,Own-child
18810,Unmarried
18810,Wife
14610,Husband
14610,Not-in-family
14610,Other-relative
14610,Own-child
14610,Unmarried
14610,Wife
24953,Husband
24953,Not-in-family
24953,Other-relative
24953,Own-child
24953,Unmarried
24953,Wife
19790,Husband
19790,Other-relative
19790,Own-child
19790,Wife
41798,Husband
41798,Not-in-family
41798,Other-relative
41798,Own-child
41798,Unmarried
41798,Wife
14240,Husband
14240,Not-in-family
14240,Other-relative
14240,Own-child
14240,Unmarried
14240,Wife
48572,Husband
48572,Not-in-family
48572,Other-relative
48572,Own-child
48572,Unmarried
48572,Wife
35850,Not-in-family
35850,Unmarried
7636,Not-in-family
7636,Unmarried
6276,Husband
6276,Other-relative
6276,Own-child
6276,Wife
39779,Husband
39779,Not-in-family
39779,Other-relative
39779,Own-child
39779,Unmarried
39779,Wife
3324,Not-in-family
3324,Unmarried
8913,Not-in-family
8913,Unmarried
25304,Husband
25304,Not-in-family
25304,Other-relative
25304,Own-child
25304,Unmarried
25304,Wife
21853,Husband
21853,Not-in-family
21853,Other-relative
21853,Own-child
21853,Unmarried
21853,Wife
10346,Husband
10346,Not-in-family
10346,Other-relative
10346,Own-child
10346,Unmarried
10346,Wife
35686,Husband
35686,Other-relative
35686,Own-child
35686,Wife
36367,Husband
36367,Not-in-family
36367,Other-relative
36367,Own-child
36367,Unmarried
36367,Wife
28965,Husband
28965,Not-in-family
28965,Other-relative
28965,Own-child
28965,Unmarried
28965,Wife
1717,Husband
1717,Other-relative
1717,Own-child
1717,Wife
32973,Husband
32973,Other-relative
32973,Own-child
32973,Wife
9,Husband
9,Not-in-family
9,Other-relative
9,Own-child
9,Unmarried
9,Wife
32253,Husband
32253,Other-relative
32253,Own-child
32253,Wife
42208,Husband
42208,Not-in-family
42208,Other-relative
42208,Own-child
42208,Unmarried
42208,Wife
13096,Husband
13096,Not-in-family
13096,Other-relative
13096,Own-child
13096,Unmarried
13096,Wife
5480,Husband
5480,Not-in-family
5480,Other-relative
5480,Own-child
5480,Unmarried
5480,Wife
14906,Husband
14906,Other-relative
14906,Own-child
14906,Wife
9070,Husband
9070,Not-in-family
9070,Other-relative
9070,Own-child
9070,Unmarried
9070,Wife
39546,Husband
39546,Other-relative
39546,Own-child
39546,Wife
23942,Husband
23942,Not-in-family
23942,Other-relative
23942,Own-child
23942,Unmarried
23942,Wife
12267,Husband
12267,Other-relative
12267,Own-child
12267,Wife
18686,Husband
18686,Other-relative
18686,Own-child
18686,Wife
17682,Husband
17682,Not-in-family
17682,Other-relative
17682,Own-child
17682,Unmarried
17682,Wife
11357,Husband
11357,Not-in-family
11357,Other-relative
11357,Own-child
11357,Unmarried
11357,Wife
32069,Husband
32069,Other-relative
32069,Own-child
32069,Wife
23154,Husband
23154,Not-in-family
23154,Other-relative
23154,Own-child
23154,Unmarried
23154,Wife
14525,Husband
14525,Other-relative
14525,Own-child
14525,Wife
36817,Husband
36817,Not-in-family
36817,Other-relative
36817,Own-child
36817,Unmarried
36817,Wife
46850,Husband
46850,Other-relative
46850,Own-child
46850,Wife
23521,Husband
23521,Other-relative
23521,Own-child
23521,Wife
20922,Husband
20922,Not-in-family
20922,Other-relative
20922,Own-child
20922,Unmarried
20922,Wife
47359,Husband
47359,Not-in-family
47359,Other-relative
47359,Own-child
47359,Unmarried
47359,Wife
46765,Husband
46765,Other-relative
46765,Own-child
46765,Wife
45879,Husband
45879,Not-in-family
45879,Other-relative
45879,Own-child
45879,Unmarried
45879,Wife
32202,Husband
32202,Not-in-family
32202,Other-relative
32202,Own-child
32202,Unmarried
32202,Wife
28907,Husband
28907,Other-relative
28907,Own-child
28907,Wife
6920,Husband
6920,Not-in-family
6920,Other-relative
6920,Own-child
6920,Unmarried
6920,Wife
44708,Husband
44708,Not-in-family
44708,Other-relative
44708,Own-child
44708,Unmarried
44708,Wife
16994,Husband
16994,Not-in-family
16994,Other-relative
16994,Own-child
16994,Unmarried
16994,Wife
17306,Not-in-family
17306,Unmarried
13079,Husband
13079,Other-relative
13079,Own-child
13079,Wife
24675,Husband
24675,Not-in-family
24675,Other-relative
24675,Own-child
24675,Unmarried
24675,Wife
12249,Husband
12249,Not-in-family
12249,Other-relative
12249,Own-child
12249,Unmarried
12249,Wife
13378,Husband
13378,Not-in-family
13378,Other-relative
13378,Own-child
13378,Unmarried
13378,Wife
13282,Husband
13282,Not-in-family
13282,Other-relative
13282,Own-child
13282,Unmarried
13282,Wife
12831,Husband
12831,Not-in-family
12831,Other-relative
12831,Own-child
12831,Unmarried
12831,Wife
33111,Husband
33111,Not-in-family
33111,Other-relative
33111,Own-child
33111,Unmarried
33111,Wife
15333,Husband
15333,Other-relative
15333,Own-child
15333,Wife
4289,Husband
4289,Not-in-family
4289,Other-relative
4289,Own-child
4289,Unmarried
4289,Wife
46338,Husband
46338,Other-relative
46338,Own-child
46338,Wife
33699,Husband
33699,Other-relative
33699,Own-child
33699,Wife
42644,Husband
42644,Other-relative
42644,Own-child
42644,Wife
36701,Not-in-family
36701,Unmarried
28597,Not-in-family
28597,Unmarried
3340,Husband
3340,Not-in-family
3340,Other-relative
3340,Own-child
3340,Unmarried
3340,Wife
43725,Husband
43725,Other-relative
43725,Own-child
43725,Wife
45837,Husband
45837,Other-relative
45837,Own-child
45837,Wife
46122,Husband
46122,Other-relative
46122,Own-child
46122,Wife
31281,Husband
31281,Not-in-family
31281,Other-relative
31281,Own-child
31281,Unmarried
31281,Wife
37577,Husband
37577,Other-relative
37577,Own-child
37577,Wife
26925,Husband
26925,Other-relative
26925,Own-child
26925,Wife
17045,Husband
17045,Other-relative
17045,Own-child
17045,Wife
40267,Husband
40267,Other-relative
40267,Own-child
40267,Wife
11409,Husband
11409,Not-in-family
11409,Other-relative
11409,Own-child
11409,Unmarried
11409,Wife
206,Husband
206,Not-in-family
206,Other-relative
206,Own-child
206,Unmarried
206,Wife
41633,Husband
41633,Not-in-family
41633,Other-relative
41633,Own-child
41633,Unmarried
41633,Wife
36128,Husband
36128,Other-relative
36128,Own-child
36128,Wife
288,Husband
288,Not-in-family
288,Other-relative
288,Own-child
288,Unmarried
288,Wife
44371,Husband
44371,Not-in-family
44371,Other-relative
44371,Own-child
44371,Unmarried
44371,Wife
33242,Not-in-family
33242,Unmarried
31002,Husband
31002,Other-relative
31002,Own-child
31002,Wife
16855,Husband
16855,Other-relative
16855,Own-child
16855,Wife
3967,Husband
3967,Other-relative
3967,Own-child
3967,Wife
6377,Husband
6377,Other-relative
6377,Own-child
6377,Wife
42625,Husband
42625,Other-relative
42625,Own-child
42625,Wife
15337,Husband
15337,Not-in-family
15337,Other-relative
15337,Own-child
15337,Unmarried
15337,Wife
29515,Husband
29515,Other-relative
29515,Own-child
29515,Wife
31478,Husband
31478,Other-relative
31478,Own-child
31478,Wife
32705,Husband
32705,Other-relative
32705,Own-child
32705,Wife
46553,Husband
46553,Other-relative
46553,Own-child
46553,Wife
22514,Husband
22514,Not-in-family
22514,Other-relative
22514,Own-child
22514,Unmarried
22514,Wife
46339,Not-in-family
46339,Unmarried
36260,Not-in-family
36260,Unmarried
27248,Husband
27248,Not-in-family
27248,Other-relative
27248,Own-child
27248,Unmarried
27248,Wife
15748,Husband
15748,Other-relative
15748,Own-child
15748,Wife
39104,Husband
39104,Other-relative
39104,Own-child
39104,Wife
6128,Husband
6128,Not-in-family
6128,Other-relative
6128,Own-child
6128,Unmarried
6128,Wife
5755,Husband
5755,Other-relative
5755,Own-child
5755,Wife
9300,Not-in-family
9300,Unmarried
42578,Husband
42578,Not-in-family
42578,Other-relative
42578,Own-child
42578,Unmarried
42578,Wife
14854,Husband
14854,Other-relative
14854,Own-child
14854,Wife
45546,Husband
45546,Other-relative
45546,Own-child
45546,Wife
29495,Husband
29495,Not-in-family
29495,Other-relative
29495,Own-child
29495,Unmarried
29495,Wife
14116,Not-in-family
14116,Unmarried
3099,Husband
3099,Not-in-family
3099,Other-relative
3099,Own-child
3099,Unmarried
3099,Wife
36873,Husband
36873,Not-in-family
36873,Other-relative
36873,Own-child
36873,Unmarried
36873,Wife
17800,Husband
17800,Not-in-family
17800,Other-relative
17800,Own-child
17800,Unmarried
17800,Wife
22750,Not-in-family
22750,Unmarried
41851,Husband
41851,Not-in-family
41851,Other-relative
41851,Own-child
41851,Unmarried
41851,Wife
15805,Husband
15805,Not-in-family
15805,Other-relative
15805,Own-child
15805,Unmarried
15805,Wife
36681,Husband
36681,Not-in-family
36681,Other-relative
36681,Own-child
36681,Unmarried
36681,Wife
21151,Husband
21151,Other-relative
21151,Own-child
21151,Wife
10213,Husband
10213,Not-in-family
10213,Other-relative
10213,Own-child
10213,Unmarried
10213,Wife
28395,Husband
28395,Not-in-family
28395,Other-relative
28395,Own-child
28395,Unmarried
28395,Wife
41169,Husband
41169,Not-in-family
41169,Other-relative
41169,Own-child
41169,Unmarried
41169,Wife
41995,Not-in-family
41995,Unmarried
34779,Husband
34779,Other-relative
34779,Own-child
34779,Wife
35797,Husband
35797,Not-in-family
35797,Other-relative
35797,Own-child
35797,Unmarried
35797,Wife
34478,Not-in-family
34478,Unmarried
12549,Husband
12549,Not-in-family
12549,Other-relative
12549,Own-child
12549,Unmarried
12549,Wife
19222,Husband
19222,Not-in-family
19222,Other-relative
19222,Own-child
19222,Unmarried
19222,Wife
42260,Not-in-family
42260,Unmarried
25745,Not-in-family
25745,Unmarried
21929,Not-in-family
21929,Unmarried
14756,Husband
14756,Not-in-family
14756,Other-relative
14756,Own-child
14756,Unmarried
14756,Wife
25683,Husband
25683,Not-in-family
25683,Other-relative
25683,Own-child
25683,Unmarried
25683,Wife
39371,Not-in-family
39371,Unmarried
19141,Husband
19141,Not-in-family
19141,Other-relative
19141,Own-child
19141,Unmarried
19141,Wife
25756,Husband
25756,Other-relative
25756,Own-child
25756,Wife
25454,Husband
25454,Not-in-family
25454,Other-relative
25454,Own-child
25454,Unmarried
25454,Wife
26699,Husband
26699,Other-relative
26699,Own-child
26699,Wife
7335,Not-in-family
7335,Unmarried
26801,Husband
26801,Not-in-family
26801,Other-relative
26801,Own-child
26801,Unmarried
26801,Wife
20447,Husband
20447,Other-relative
20447,Own-child
20447,Wife
5090,Husband
5090,Not-in-family
5090,Other-relative
5090,Own-child
5090,Unmarried
5090,Wife
31609,Husband
31609,Not-in-family
31609,Other-relative
31609,Own-child
31609,Unmarried
31609,Wife
27398,Husband
27398,Not-in-family
27398,Other-relative
27398,Own-child
27398,Unmarried
27398,Wife
7713,Not-in-family
7713,Unmarried
662,Husband
662,Not-in-family
662,Other-relative
662,Own-child
662,Unmarried
662,Wife
34781,Husband
34781,Not-in-family
34781,Other-relative
34781,Own-child
34781,Unmarried
34781,Wife
25148,Husband
25148,Not-in-family
25148,Other-relative
25148,Own-child
25148,Unmarried
25148,Wife
45200,Not-in-family
45200,Unmarried
18240,Not-in-family
18240,Unmarried
23171,Not-in-family
23171,Unmarried
34825,Not-in-family
34825,Unmarried
37157,Husband
37157,Not-in-family
37157,Other-relative
37157,Own-child
37157,Unmarried
37157,Wife
14604,Husband
14604,Not-in-family
14604,Other-relative
14604,Own-child
14604,Unmarried
14604,Wife
18215,Husband
18215,Not-in-family
18215,Other-relative
18215,Own-child
18215,Unmarried
18215,Wife
26720,Husband
26720,Not-in-family
26720,Other-relative
26720,Own-child
26720,Unmarried
26720,Wife
23348,Husband
23348,Not-in-family
23348,Other-relative
23348,Own-child
23348,Unmarried
23348,Wife
5097,Husband
5097,Not-in-family
5097,Other-relative
5097,Own-child
5097,Unmarried
5097,Wife
13738,Not-in-family
13738,Unmarried
4277,Husband
4277,Other-relative
4277,Own-child
4277,Wife
24761,Not-in-family
24761,Unmarried
19930,Not-in-family
19930,Unmarried
48660,Husband
48660,Not-in-family
48660,Other-relative
48660,Own-child
48660,Unmarried
48660,Wife
8995,Husband
8995,Not-in-family
8995,Other-relative
8995,Own-child
8995,Unmarried
8995,Wife
47865,Not-in-family
47865,Unmarried
10014,Husband
10014,Other-relative
10014,Own-child
10014,Wife
36473,Not-in-family
36473,Unmarried
883,Husband
883,Not-in-family
883,Other-relative
883,Own-child
883,Unmarried
883,Wife
8960,Husband
8960,Not-in-family
8960,Other-relative
8960,Own-child
8960,Unmarried
8960,Wife
39535,Not-in-family
39535,Unmarried
26226,Not-in-family
26226,Unmarried
26636,Husband
26636,Not-in-family
26636,Other-relative
26636,Own-child
26636,Unmarried
26636,Wife
17352,Husband
17352,Other-relative
17352,Own-child
17352,Wife
23163,Not-in-family
23163,Unmarried
31138,Husband
31138,Not-in-family
31138,Other-relative
31138,Own-child
31138,Unmarried
31138,Wife
27435,Husband
27435,Not-in-family
27435,Other-relative
27435,Own-child
27435,Unmarried
27435,Wife
7255,Husband
7255,Other-relative
7255,Own-child
7255,Wife
22377,Husband
22377,Not-in-family
22377,Other-relative
22377,Own-child
22377,Unmarried
22377,Wife
2393,Husband
2393,Not-in-family
2393,Other-relative
2393,Own-child
2393,Unmarried
2393,Wife
28901,Not-in-family
28901,Unmarried
26596,Husband
26596,Other-relative
26596,Own-child
26596,Wife
23823,Not-in-family
23823,Unmarried
47835,Not-in-family
47835,Unmarried
36074,Not-in-family
36074,Unmarried
33791,Not-in-family
33791,Unmarried
29507,Husband
29507,Not-in-family
29507,Other-relative
29507,Own-child
29507,Unmarried
29507,Wife
35748,Husband
35748,Not-in-family
35748,Other-relative
35748,Own-child
35748,Unmarried
35748,Wife
1477,Husband
1477,Not-in-family
1477,Other-relative
1477,Own-child
1477,Unmarried
1477,Wife
35093,Husband
35093,Not-in-family
35093,Other-relative
35093,Own-child
35093,Unmarried
35093,Wife
21227,Husband
21227,Not-in-family
21227,Other-relative
21227,Own-child
21227,Unmarried
21227,Wife
5696,Husband
5696,Other-relative
5696,Own-child
5696,Wife
24090,Husband
24090,Not-in-family
24090,Other-relative
24090,Own-child
24090,Unmarried
24090,Wife
28677,Not-in-family
28677,Unmarried
26683,Husband
26683,Not-in-family
26683,Other-relative
26683,Own-child
26683,Unmarried
26683,Wife
35086,Husband
35086,Not-in-family
35086,Other-relative
35086,Own-child
35086,Unmarried
35086,Wife
27646,Husband
27646,Not-in-family
27646,Other-relative
27646,Own-child
27646,Unmarried
27646,Wife
41247,Husband
41247,Not-in-family
41247,Other-relative
41247,Own-child
41247,Unmarried
41247,Wife
2123,Husband
2123,Other-relative
2123,Own-child
2123,Wife
32011,Husband
32011,Not-in-family
32011,Other-relative
32011,Own-child
32011,Unmarried
32011,Wife
22666,Husband
22666,Other-relative
22666,Own-child
22666,Wife
21560,Not-in-family
21560,Unmarried
34142,Husband
34142,Not-in-family
34142,Other-relative
34142,Own-child
34142,Unmarried
34142,Wife
40010,Husband
40010,Not-in-family
40010,Other-relative
40010,Own-child
40010,Unmarried
40010,Wife
10744,Husband
10744,Not-in-family
10744,Other-relative
10744,Own-child
10744,Unmarried
10744,Wife
42716,Husband
42716,Not-in-family
42716,Other-relative
42716,Own-child
42716,Unmarried
42716,Wife
37813,Husband
37813,Other-relative
37813,Own-child
37813,Wife
30461,Husband
30461,Other-relative
30461,Own-child
30461,Wife
12545,Husband
12545,Other-relative
12545,Own-child
12545,Wife
2083,Husband
2083,Not-in-family
2083,Other-relative
2083,Own-child
2083,Unmarried
2083,Wife
1355,Husband
1355,Other-relative
1355,Own-child
1355,Wife
43837,Husband
43837,Other-relative
43837,Own-child
43837,Wife
13132,Husband
13132,Other-relative
13132,Own-child
13132,Wife
33442,Husband
33442,Not-in-family
33442,Other-relative
33442,Own-child
33442,Unmarried
33442,Wife
10599,Husband
10599,Not-in-family
10599,Other-relative
10599,Own-child
10599,Unmarried
10599,Wife
47850,Husband
47850,Not-in-family
47850,Other-relative
47850,Own-child
47850,Unmarried
47850,Wife
29137,Husband
29137,Not-in-family
29137,Other-relative
29137,Own-child
29137,Unmarried
29137,Wife
34618,Husband
34618,Not-in-family
34618,Other-relative
34618,Own-child
34618,Unmarried
34618,Wife
4511,Not-in-family
4511,Unmarried
7765,Husband
7765,Not-in-family
7765,Other-relative
7765,Own-child
7765,Unmarried
7765,Wife
42497,Husband
42497,Other-relative
42497,Own-child
42497,Wife
45934,Not-in-family
45934,Unmarried
30653,Husband
30653,Not-in-family
30653,Other-relative
30653,Own-child
30653,Unmarried
30653,Wife
21117,Husband
21117,Other-relative
21117,Own-child
21117,Wife
19127,Husband
19127,Not-in-family
19127,Other-relative
19127,Own-child
19127,Unmarried
19127,Wife
24353,Not-in-family
24353,Unmarried
16848,Not-in-family
16848,Unmarried
22428,Husband
22428,Not-in-family
22428,Other-relative
22428,Own-child
22428,Unmarried
22428,Wife
34632,Husband
34632,Not-in-family
34632,Other-relative
34632,Own-child
34632,Unmarried
34632,Wife
33186,Husband
33186,Other-relative
33186,Own-child
33186,Wife
40919,Husband
40919,Not-in-family
40919,Other-relative
40919,Own-child
40919,Unmarried
40919,Wife
34044,Not-in-family
34044,Unmarried
32104,Husband
32104,Other-relative
32104,Own-child
32104,Wife
48126,Husband
48126,Other-relative
48126,Own-child
48126,Wife
32354,Not-in-family
32354,Unmarried
679,Not-in-family
679,Unmarried
10540,Husband
10540,Not-in-family
10540,Other-relative
10540,Own-child
10540,Unmarried
10540,Wife
10595,Husband
10595,Other-relative
10595,Own-child
10595,Wife
313,Not-in-family
313,Unmarried
12188,Husband
12188,Not-in-family
12188,Other-relative
12188,Own-child
12188,Unmarried
12188,Wife
15783,Husband
15783,Not-in-family
15783,Other-relative
15783,Own-child
15783,Unmarried
15783,Wife
32556,Husband
32556,Not-in-family
32556,Other-relative
32556,Own-child
32556,Unmarried
32556,Wife
14157,Husband
14157,Other-relative
14157,Own-child
14157,Wife
30065,Husband
30065,Not-in-family
30065,Other-relative
30065,Own-child
30065,Unmarried
30065,Wife
43257,Not-in-family
43257,Unmarried
3933,Husband
3933,Other-relative
3933,Own-child
3933,Wife
39093,Husband
39093,Not-in-family
39093,Other-relative
39093,Own-child
39093,Unmarried
39093,Wife
575,Husband
575,Not-in-family
575,Other-relative
575,Own-child
575,Unmarried
575,Wife
16921,Husband
16921,Other-relative
16921,Own-child
16921,Wife
13664,Husband
13664,Not-in-family
13664,Other-relative
13664,Own-child
13664,Unmarried
13664,Wife
30751,Husband
30751,Not-in-family
30751,Other-relative
30751,Own-child
30751,Unmarried
30751,Wife
27703,Husband
27703,Not-in-family
27703,Other-relative
27703,Own-child
27703,Unmarried
27703,Wife
44889,Husband
44889,Other-relative
44889,Own-child
44889,Wife
32926,Husband
32926,Other-relative
32926,Own-child
32926,Wife
33908,Husband
33908,Not-in-family
33908,Other-relative
33908,Own-child
33908,Unmarried
33908,Wife
40387,Husband
40387,Other-relative
40387,Own-child
40387,Wife
45777,Husband
45777,Other-relative
45777,Own-child
45777,Wife
43660,Husband
43660,Other-relative
43660,Own-child
43660,Wife
31771,Husband
31771,Not-in-family
31771,Other-relative
31771,Own-child
31771,Unmarried
31771,Wife
29535,Husband
29535,Not-in-family
29535,Other-relative
29535,Own-child
29535,Unmarried
29535,Wife
34293,Husband
34293,Other-relative
34293,Own-child
34293,Wife
2208,Husband
2208,Other-relative
2208,Own-child
2208,Wife
6654,Husband
6654,Not-in-family
6654,Other-relative
6654,Own-child
6654,Unmarried
6654,Wife
26499,Husband
26499,Other-relative
26499,Own-child
26499,Wife
25891,Husband
25891,Other-relative
25891,Own-child
25891,Wife
6107,Husband
6107,Other-relative
6107,Own-child
6107,Wife
43428,Husband
43428,Not-in-family
43428,Other-relative
43428,Own-child
43428,Unmarried
43428,Wife
15311,Husband
15311,Other-relative
15311,Own-child
15311,Wife
13127,Not-in-family
13127,Unmarried
9222,Not-in-family
9222,Unmarried
30579,Husband
30579,Not-in-family
30579,Other-relative
30579,Own-child
30579,Unmarried
30579,Wife
36748,Husband
36748,Not-in-family
36748,Other-relative
36748,Own-child
36748,Unmarried
36748,Wife
11976,Husband
11976,Other-relative
11976,Own-child
11976,Wife
8639,Husband
8639,Not-in-family
8639,Other-relative
8639,Own-child
8639,Unmarried
8639,Wife
12615,Husband
12615,Not-in-family
12615,Other-relative
12615,Own-child
12615,Unmarried
12615,Wife
18865,Husband
18865,Other-relative
18865,Own-child
18865,Wife
603,Husband
603,Not-in-family
603,Other-relative
603,Own-child
603,Unmarried
603,Wife
19915,Husband
19915,Other-relative
19915,Own-child
19915,Wife
47476,Husband
47476,Not-in-family
47476,Other-relative
47476,Own-child
47476,Unmarried
47476,Wife
17990,Not-in-family
17990,Unmarried
9832,Husband
9832,Other-relative
9832,Own-child
9832,Wife
40720,Husband
40720,Not-in-family
40720,Other-relative
40720,Own-child
40720,Unmarried
40720,Wife
2440,Husband
2440,Not-in-family
2440,Other-relative
2440,Own-child
2440,Unmarried
2440,Wife
48295,Not-in-family
48295,Unmarried
27152,Husband
27152,Not-in-family
27152,Other-relative
27152,Own-child
27152,Unmarried
27152,Wife
19286,Husband
19286,Not-in-family
19286,Other-relative
19286,Own-child
19286,Unmarried
19286,Wife
44422,Not-in-family
44422,Unmarried
20109,Husband
20109,Not-in-family
20109,Other-relative
20109,Own-child
20109,Unmarried
20109,Wife
4852,Husband
4852,Not-in-family
4852,Other-relative
4852,Own-child
4852,Unmarried
4852,Wife
42590,Husband
42590,Not-in-family
42590,Other-relative
42590,Own-child
42590,Unmarried
42590,Wife
34668,Husband
34668,Other-relative
34668,Own-child
34668,Wife
24188,Husband
24188,Other-relative
24188,Own-child
24188,Wife
47870,Husband
47870,Not-in-family
47870,Other-relative
47870,Own-child
47870,Unmarried
47870,Wife
19059,Husband
19059,Not-in-family
19059,Other-relative
19059,Own-child
19059,Unmarried
19059,Wife
34137,Husband
34137,Not-in-family
34137,Other-relative
34137,Own-child
34137,Unmarried
34137,Wife
40853,Husband
40853,Not-in-family
40853,Other-relative
40853,Own-child
40853,Unmarried
40853,Wife
25596,Husband
25596,Other-relative
25596,Own-child
25596,Wife
9285,Husband
9285,Other-relative
9285,Own-child
9285,Wife
16122,Husband
16122,Other-relative
16122,Own-child
16122,Wife
39499,Husband
39499,Other-relative
39499,Own-child
39499,Wife
36712,Husband
36712,Not-in-family
36712,Other-relative
36712,Own-child
36712,Unmarried
36712,Wife
18388,Not-in-family
18388,Unmarried
20217,Not-in-family
20217,Unmarried
12974,Husband
12974,Other-relative
12974,Own-child
12974,Wife
32854,Husband
32854,Not-in-family
32854,Other-relative
32854,Own-child
32854,Unmarried
32854,Wife
6093,Husband
6093,Not-in-family
6093,Other-relative
6093,Own-child
6093,Unmarried
6093,Wife
31883,Husband
31883,Not-in-family
31883,Other-relative
31883,Own-child
31883,Unmarried
31883,Wife
1236,Husband
1236,Not-in-family
1236,Other-relative
1236,Own-child
1236,Unmarried
1236,Wife
26164,Not-in-family
26164,Unmarried
42271,Not-in-family
42271,Unmarried
10566,Husband
10566,Not-in-family
10566,Other-relative
10566,Own-child
10566,Unmarried
10566,Wife
39113,Husband
39113,Other-relative
39113,Own-child
39113,Wife
20027,Husband
20027,Not-in-family
20027,Other-relative
20027,Own-child
20027,Unmarried
20027,Wife
32800,Husband
32800,Other-relative
32800,Own-child
32800,Wife
22376,Husband
22376,Not-in-family
22376,Other-relative
22376,Own-child
22376,Unmarried
22376,Wife
22092,Husband
22092,Not-in-family
22092,Other-relative
22092,Own-child
22092,Unmarried
22092,Wife
26491,Husband
26491,Not-in-family
26491,Other-relative
26491,Own-child
26491,Unmarried
26491,Wife
26695,Husband
26695,Other-relative
26695,Own-child
26695,Wife
33855,Husband
33855,Other-relative
33855,Own-child
33855,Wife
360,Husband
360,Other-relative
360,Own-child
360,Wife
11117,Husband
11117,Not-in-family
11117,Other-relative
11117,Own-child
11117,Unmarried
11117,Wife
29799,Husband
29799,Other-relative
29799,Own-child
29799,Wife
17271,Husband
17271,Other-relative
17271,Own-child
17271,Wife
7998,Husband
7998,Other-relative
7998,Own-child
7998,Wife
36085,Husband
36085,Other-relative
36085,Own-child
36085,Wife
21346,Husband
21346,Not-in-family
21346,Other-relative
21346,Own-child
21346,Unmarried
21346,Wife
8820,Not-in-family
8820,Unmarried
47935,Not-in-family
47935,Unmarried
36269,Not-in-family
36269,Unmarried
14019,Husband
14019,Other-relative
14019,Own-child
14019,Wife
14245,Husband
14245,Other-relative
14245,Own-child
14245,Wife
4170,Husband
4170,Other-relative
4170,Own-child
4170,Wife
12765,Husband
12765,Not-in-family
12765,Other-relative
12765,Own-child
12765,Unmarried
12765,Wife
19552,Not-in-family
19552,Unmarried
16227,Husband
16227,Other-relative
16227,Own-child
16227,Wife
22602,Not-in-family
22602,Unmarried
29200,Husband
29200,Other-relative
29200,Own-child
29200,Wife
40234,Husband
40234,Not-in-family
40234,Other-relative
40234,Own-child
40234,Unmarried
40234,Wife
29278,Husband
29278,Not-in-family
29278,Other-relative
29278,Own-child
29278,Unmarried
29278,Wife
19632,Husband
19632,Not-in-family
19632,Other-relative
19632,Own-child
19632,Unmarried
19632,Wife
2581,Husband
2581,Not-in-family
2581,Other-relative
2581,Own-child
2581,Unmarried
2581,Wife
39764,Not-in-family
39764,Unmarried
6550,Husband
6550,Not-in-family
6550,Other-relative
6550,Own-child
6550,Unmarried
6550,Wife
30289,Husband
30289,Other-relative
30289,Own-child
30289,Wife
22301,Husband
22301,Other-relative
22301,Own-child
22301,Wife
23129,Husband
23129,Other-relative
23129,Own-child
23129,Wife
15327,Husband
15327,Not-in-family
15327,Other-relative
15327,Own-child
15327,Unmarried
15327,Wife
38521,Husband
38521,Other-relative
38521,Own-child
38521,Wife
5992,Not-in-family
5992,Unmarried
20851,Husband
20851,Not-in-family
20851,Other-relative
20851,Own-child
20851,Unmarried
20851,Wife
48137,Husband
48137,Not-in-family
48137,Other-relative
48137,Own-child
48137,Unmarried
48137,Wife
45805,Not-in-family
45805,Unmarried
48588,Husband
48588,Other-relative
48588,Own-child
48588,Wife
6293,Husband
6293,Not-in-family
6293,Other-relative
6293,Own-child
6293,Unmarried
6293,Wife
44913,Husband
44913,Other-relative
44913,Own-child
44913,Wife
48456,Not-in-family
48456,Unmarried
41709,Husband
41709,Not-in-family
41709,Other-relative
41709,Own-child
41709,Unmarried
41709,Wife
45687,Husband
45687,Other-relative
45687,Own-child
45687,Wife
20365,Husband
20365,Not-in-family
20365,Other-relative
20365,Own-child
20365,Unmarried
20365,Wife
44609,Not-in-family
44609,Unmarried
30794,Husband
30794,Other-relative
30794,Own-child
30794,Wife
42131,Husband
42131,Other-relative
42131,Own-child
42131,Wife
28632,Husband
28632,Not-in-family
28632,Other-relative
28632,Own-child
28632,Unmarried
28632,Wife
10814,Husband
10814,Not-in-family
10814,Other-relative
10814,Own-child
10814,Unmarried
10814,Wife
22513,Husband
22513,Other-relative
22513,Own-child
22513,Wife
24507,Not-in-family
24507,Unmarried
10352,Not-in-family
10352,Unmarried
20349,Husband
20349,Not-in-family
20349,Other-relative
20349,Own-child
20349,Unmarried
20349,Wife
21417,Husband
21417,Other-relative
21417,Own-child
21417,Wife
19892,Husband
19892,Not-in-family
19892,Other-relative
19892,Own-child
19892,Unmarried
19892,Wife
8099,Not-in-family
8099,Unmarried
22461,Husband
22461,Other-relative
22461,Own-child
22461,Wife
19470,Husband
19470,Not-in-family
19470,Other-relative
19470,Own-child
19470,Unmarried
19470,Wife
44428,Husband
44428,Not-in-family
44428,Other-relative
44428,Own-child
44428,Unmarried
44428,Wife
9277,Husband
9277,Not-in-family
9277,Other-relative
9277,Own-child
9277,Unmarried
9277,Wife
11723,Husband
11723,Other-relative
11723,Own-child
11723,Wife
26953,Husband
26953,Other-relative
26953,Own-child
26953,Wife
40483,Husband
40483,Not-in-family
40483,Other-relative
40483,Own-child
40483,Unmarried
40483,Wife
4894,Husband
4894,Not-in-family
4894,Other-relative
4894,Own-child
4894,Unmarried
4894,Wife
26067,Husband
26067,Other-relative
26067,Own-child
26067,Wife
6042,Husband
6042,Other-relative
6042,Own-child
6042,Wife
31651,Not-in-family
31651,Unmarried
13310,Husband
13310,Not-in-family
13310,Other-relative
13310,Own-child
13310,Unmarried
13310,Wife
46759,Husband
46759,Other-relative
46759,Own-child
46759,Wife
24082,Husband
24082,Other-relative
24082,Own-child
24082,Wife
45470,Husband
45470,Not-in-family
45470,Other-relative
45470,Own-child
45470,Unmarried
45470,Wife
14938,Husband
14938,Other-relative
14938,Own-child
14938,Wife
40886,Husband
40886,Not-in-family
40886,Other-relative
40886,Own-child
40886,Unmarried
40886,Wife
32569,Not-in-family
32569,Unmarried
3177,Husband
3177,Other-relative
3177,Own-child
3177,Wife
31583,Husband
31583,Not-in-family
31583,Other-relative
31583,Own-child
31583,Unmarried
31583,Wife
7728,Husband
7728,Not-in-family
7728,Other-relative
7728,Own-child
7728,Unmarried
7728,Wife
36312,Husband
36312,Other-relative
36312,Own-child
36312,Wife
922,Husband
922,Not-in-family
922,Other-relative
922,Own-child
922,Unmarried
922,Wife
45787,Husband
45787,Not-in-family
45787,Other-relative
45787,Own-child
45787,Unmarried
45787,Wife
28227,Husband
28227,Not-in-family
28227,Other-relative
28227,Own-child
28227,Unmarried
28227,Wife
44536,Husband
44536,Other-relative
44536,Own-child
44536,Wife
9576,Not-in-family
9576,Unmarried
45060,Husband
45060,Other-relative
45060,Own-child
45060,Wife
14686,Husband
14686,Not-in-family
14686,Other-relative
14686,Own-child
14686,Unmarried
14686,Wife
2833,Husband
2833,Other-relative
2833,Own-child
2833,Wife
41716,Husband
41716,Other-relative
41716,Own-child
41716,Wife
25376,Husband
25376,Not-in-family
25376,Other-relative
25376,Own-child
25376,Unmarried
25376,Wife
15740,Husband
15740,Other-relative
15740,Own-child
15740,Wife
12742,Husband
12742,Not-in-family
12742,Other-relative
12742,Own-child
12742,Unmarried
12742,Wife
46926,Husband
46926,Not-in-family
46926,Other-relative
46926,Own-child
46926,Unmarried
46926,Wife
38145,Husband
38145,Other-relative
38145,Own-child
38145,Wife
7995,Not-in-family
7995,Unmarried
3181,Husband
3181,Other-relative
3181,Own-child
3181,Wife
31659,Not-in-family
31659,Unmarried
47377,Husband
47377,Not-in-family
47377,Other-relative
47377,Own-child
47377,Unmarried
47377,Wife
41726,Not-in-family
41726,Unmarried
35817,Husband
35817,Other-relative
35817,Own-child
35817,Wife
40300,Husband
40300,Not-in-family
40300,Other-relative
40300,Own-child
40300,Unmarried
40300,Wife
29766,Not-in-family
29766,Unmarried
1078,Husband
1078,Not-in-family
1078,Other-relative
1078,Own-child
1078,Unmarried
1078,Wife
30034,Husband
30034,Not-in-family
30034,Other-relative
30034,Own-child
30034,Unmarried
30034,Wife
48679,Husband
48679,Other-relative
48679,Own-child
48679,Wife
18249,Husband
18249,Not-in-family
18249,Other-relative
18249,Own-child
18249,Unmarried
18249,Wife
42353,Husband
42353,Other-relative
42353,Own-child
42353,Wife
21894,Husband
21894,Other-relative
21894,Own-child
21894,Wife
44358,Husband
44358,Other-relative
44358,Own-child
44358,Wife
38467,Husband
38467,Not-in-family
38467,Other-relative
38467,Own-child
38467,Unmarried
38467,Wife
31228,Husband
31228,Not-in-family
31228,Other-relative
31228,Own-child
31228,Unmarried
31228,Wife
37139,Husband
37139,Other-relative
37139,Own-child
37139,Wife
29726,Husband
29726,Not-in-family
29726,Other-relative
29726,Own-child
29726,Unmarried
29726,Wife
37510,Husband
37510,Not-in-family
37510,Other-relative
37510,Own-child
37510,Unmarried
37510,Wife
46750,Not-in-family
46750,Unmarried
32942,Husband
32942,Not-in-family
32942,Other-relative
32942,Own-child
32942,Unmarried
32942,Wife
44513,Husband
44513,Not-in-family
44513,Other-relative
44513,Own-child
44513,Unmarried
44513,Wife
24134,Husband
24134,Not-in-family
24134,Other-relative
24134,Own-child
24134,Unmarried
24134,Wife
40475,Husband
40475,Other-relative
40475,Own-child
40475,Wife
26436,Husband
26436,Not-in-family
26436,Other-relative
26436,Own-child
26436,Unmarried
26436,Wife
16050,Husband
16050,Other-relative
16050,Own-child
16050,Wife
1456,Not-in-family
1456,Unmarried
7651,Husband
7651,Not-in-family
7651,Other-relative
7651,Own-child
7651,Unmarried
7651,Wife
45543,Husband
45543,Not-in-family
45543,Other-relative
45543,Own-child
45543,Unmarried
45543,Wife
30052,Husband
30052,Not-in-family
30052,Other-relative
30052,Own-child
30052,Unmarried
30052,Wife
44670,Husband
44670,Other-relative
44670,Own-child
44670,Wife
37657,Not-in-family
37657,Unmarried
14431,Husband
14431,Other-relative
14431,Own-child
14431,Wife
14026,Husband
14026,Not-in-family
14026,Other-relative
14026,Own-child
14026,Unmarried
14026,Wife
11203,Husband
11203,Other-relative
11203,Own-child
11203,Wife
18352,Husband
18352,Not-in-family
18352,Other-relative
18352,Own-child
18352,Unmarried
18352,Wife
36245,Husband
36245,Not-in-family
36245,Other-relative
36245,Own-child
36245,Unmarried
36245,Wife
4873,Husband
4873,Other-relative
4873,Own-child
4873,Wife
14047,Not-in-family
14047,Unmarried
36872,Not-in-family
36872,Unmarried
44711,Not-in-family
44711,Unmarried
47739,Husband
47739,Not-in-family
47739,Other-relative
47739,Own-child
47739,Unmarried
47739,Wife
34822,Husband
34822,Other-relative
34822,Own-child
34822,Wife
39833,Not-in-family
39833,Unmarried
13350,Husband
13350,Not-in-family
13350,Other-relative
13350,Own-child
13350,Unmarried
13350,Wife
6683,Husband
6683,Other-relative
6683,Own-child
6683,Wife
23994,Husband
23994,Other-relative
23994,Own-child
23994,Wife
19451,Husband
19451,Other-relative
19451,Own-child
19451,Wife
11193,Husband
11193,Other-relative
11193,Own-child
11193,Wife
38655,Husband
38655,Other-relative
38655,Own-child
38655,Wife
5079,Husband
5079,Not-in-family
5079,Other-relative
5079,Own-child
5079,Unmarried
5079,Wife
28633,Husband
28633,Not-in-family
28633,Other-relative
28633,Own-child
28633,Unmarried
28633,Wife
711,Husband
711,Not-in-family
711,Other-relative
711,Own-child
711,Unmarried
711,Wife
24855,Husband
24855,Not-in-family
24855,Other-relative
24855,Own-child
24855,Unmarried
24855,Wife
37051,Husband
37051,Other-relative
37051,Own-child
37051,Wife
27606,Husband
27606,Not-in-family
27606,Other-relative
27606,Own-child
27606,Unmarried
27606,Wife
4875,Husband
4875,Not-in-family
4875,Other-relative
4875,Own-child
4875,Unmarried
4875,Wife
4002,Husband
4002,Not-in-family
4002,Other-relative
4002,Own-child
4002,Unmarried
4002,Wife
19715,Husband
19715,Not-in-family
19715,Other-relative
19715,Own-child
19715,Unmarried
19715,Wife
48241,Husband
48241,Not-in-family
48241,Other-relative
48241,Own-child
48241,Unmarried
48241,Wife
33756,Not-in-family
33756,Unmarried
40979,Husband
40979,Other-relative
40979,Own-child
40979,Wife
31391,Husband
31391,Not-in-family
31391,Other-relative
31391,Own-child
31391,Unmarried
31391,Wife
44405,Husband
44405,Not-in-family
44405,Other-relative
44405,Own-child
44405,Unmarried
44405,Wife
19809,Husband
19809,Other-relative
19809,Own-child
19809,Wife
6667,Husband
6667,Not-in-family
6667,Other-relative
6667,Own-child
6667,Unmarried
6667,Wife
3149,Husband
3149,Not-in-family
3149,Other-relative
3149,Own-child
3149,Unmarried
3149,Wife
3979,Husband
3979,Not-in-family
3979,Other-relative
3979,Own-child
3979,Unmarried
3979,Wife
7993,Husband
7993,Other-relative
7993,Own-child
7993,Wife
9840,Not-in-family
9840,Unmarried
17382,Not-in-family
17382,Unmarried
4877,Not-in-family
4877,Unmarried
45665,Husband
45665,Not-in-family
45665,Other-relative
45665,Own-child
45665,Unmarried
45665,Wife
22431,Not-in-family
22431,Unmarried
12097,Husband
12097,Other-relative
12097,Own-child
12097,Wife
26647,Not-in-family
26647,Unmarried
13636,Husband
13636,Not-in-family
13636,Other-relative
13636,Own-child
13636,Unmarried
13636,Wife
36673,Husband
36673,Not-in-family
36673,Other-relative
36673,Own-child
36673,Unmarried
36673,Wife
35781,Not-in-family
35781,Unmarried
1946,Not-in-family
1946,Unmarried
45842,Husband
45842,Other-relative
45842,Own-child
45842,Wife
20276,Husband
20276,Not-in-family
20276,Other-relative
20276,Own-child
20276,Unmarried
20276,Wife
13896,Husband
13896,Other-relative
13896,Own-child
13896,Wife
28047,Husband
28047,Other-relative
28047,Own-child
28047,Wife
34003,Husband
34003,Not-in-family
34003,Other-relative
34003,Own-child
34003,Unmarried
34003,Wife
30011,Husband
30011,Not-in-family
30011,Other-relative
30011,Own-child
30011,Unmarried
30011,Wife
40087,Not-in-family
40087,Unmarried
31453,Husband
31453,Other-relative
31453,Own-child
31453,Wife
12425,Husband
12425,Other-relative
12425,Own-child
12425,Wife
23014,Husband
23014,Not-in-family
23014,Other-relative
23014,Own-child
23014,Unmarried
23014,Wife
44606,Husband
44606,Other-relative
44606,Own-child
44606,Wife
22508,Husband
22508,Other-relative
22508,Own-child
22508,Wife
35471,Husband
35471,Other-relative
35471,Own-child
35471,Wife
47535,Not-in-family
47535,Unmarried
36736,Husband
36736,Not-in-family
36736,Other-relative
36736,Own-child
36736,Unmarried
36736,Wife
8616,Husband
8616,Not-in-family
8616,Other-relative
8616,Own-child
8616,Unmarried
8616,Wife
12135,Husband
12135,Other-relative
12135,Own-child
12135,Wife
4335,Husband
4335,Not-in-family
4335,Other-relative
4335,Own-child
4335,Unmarried
4335,Wife
15684,Husband
15684,Not-in-family
15684,Other-relative
15684,Own-child
15684,Unmarried
15684,Wife
35866,Husband
35866,Not-in-family
35866,Other-relative
35866,Own-child
35866,Unmarried
35866,Wife
43404,Husband
43404,Not-in-family
43404,Other-relative
43404,Own-child
43404,Unmarried
43404,Wife
37241,Husband
37241,Not-in-family
37241,Other-relative
37241,Own-child
37241,Unmarried
37241,Wife
46192,Husband
46192,Other-relative
46192,Own-child
46192,Wife
15088,Husband
15088,Not-in-family
15088,Other-relative
15088,Own-child
15088,Unmarried
15088,Wife
22558,Husband
22558,Other-relative
22558,Own-child
22558,Wife
25206,Not-in-family
25206,Unmarried
16951,Husband
16951,Not-in-family
16951,Other-relative
16951,Own-child
16951,Unmarried
16951,Wife
9686,Husband
9686,Other-relative
9686,Own-child
9686,Wife
3079,Husband
3079,Not-in-family
3079,Other-relative
3079,Own-child
3079,Unmarried
3079,Wife
10827,Husband
10827,Other-relative
10827,Own-child
10827,Wife
25766,Husband
25766,Not-in-family
25766,Other-relative
25766,Own-child
25766,Unmarried
25766,Wife
10419,Husband
10419,Not-in-family
10419,Other-relative
10419,Own-child
10419,Unmarried
10419,Wife
30327,Husband
30327,Other-relative
30327,Own-child
30327,Wife
12361,Husband
12361,Other-relative
12361,Own-child
12361,Wife
26857,Husband
26857,Not-in-family
26857,Other-relative
26857,Own-child
26857,Unmarried
26857,Wife
26466,Husband
26466,Not-in-family
26466,Other-relative
26466,Own-child
26466,Unmarried
26466,Wife
46432,Husband
46432,Other-relative
46432,Own-child
46432,Wife
15686,Husband
15686,Other-relative
15686,Own-child
15686,Wife
9876,Not-in-family
9876,Unmarried
38540,Husband
38540,Not-in-family
38540,Other-relative
38540,Own-child
38540,Unmarried
38540,Wife
5716,Husband
5716,Not-in-family
5716,Other-relative
5716,Own-child
5716,Unmarried
5716,Wife
23587,Husband
23587,Not-in-family
23587,Other-relative
23587,Own-child
23587,Unmarried
23587,Wife
22973,Husband
22973,Not-in-family
22973,Other-relative
22973,Own-child
22973,Unmarried
22973,Wife
26588,Husband
26588,Not-in-family
26588,Other-relative
26588,Own-child
26588,Unmarried
26588,Wife
29126,Husband
29126,Not-in-family
29126,Other-relative
29126,Own-child
29126,Unmarried
29126,Wife
6698,Husband
6698,Other-relative
6698,Own-child
6698,Wife
18330,Husband
18330,Other-relative
18330,Own-child
18330,Wife
43807,Husband
43807,Other-relative
43807,Own-child
43807,Wife
32685,Not-in-family
32685,Unmarried
24904,Not-in-family
24904,Unmarried
23543,Husband
23543,Not-in-family
23543,Other-relative
23543,Own-child
23543,Unmarried
23543,Wife
2978,Not-in-family
2978,Unmarried
114,Husband
114,Not-in-family
114,Other-relative
114,Own-child
114,Unmarried
114,Wife
9314,Not-in-family
9314,Unmarried
42945,Husband
42945,Not-in-family
42945,Other-relative
42945,Own-child
42945,Unmarried
42945,Wife
41861,Husband
41861,Not-in-family
41861,Other-relative
41861,Own-child
41861,Unmarried
41861,Wife
19716,Husband
19716,Other-relative
19716,Own-child
19716,Wife
41317,Husband
41317,Not-in-family
41317,Other-relative
41317,Own-child
41317,Unmarried
41317,Wife
15207,Husband
15207,Other-relative
15207,Own-child
15207,Wife
5901,Husband
5901,Not-in-family
5901,Other-relative
5901,Own-child
5901,Unmarried
5901,Wife
30681,Husband
30681,Not-in-family
30681,Other-relative
30681,Own-child
30681,Unmarried
30681,Wife
37678,Not-in-family
37678,Unmarried
41140,Not-in-family
41140,Unmarried
7756,Husband
7756,Other-relative
7756,Own-child
7756,Wife
20911,Husband
20911,Other-relative
20911,Own-child
20911,Wife
20455,Husband
20455,Other-relative
20455,Own-child
20455,Wife
12820,Husband
12820,Other-relative
12820,Own-child
12820,Wife
11212,Husband
11212,Not-in-family
11212,Other-relative
11212,Own-child
11212,Unmarried
11212,Wife
29818,Husband
29818,Not-in-family
29818,Other-relative
29818,Own-child
29818,Unmarried
29818,Wife
31650,Not-in-family
31650,Unmarried
39262,Husband
39262,Other-relative
39262,Own-child
39262,Wife
39917,Husband
39917,Not-in-family
39917,Other-relative
39917,Own-child
39917,Unmarried
39917,Wife
14117,Husband
14117,Not-in-family
14117,Other-relative
14117,Own-child
14117,Unmarried
14117,Wife
13272,Husband
13272,Not-in-family
13272,Other-relative
13272,Own-child
13272,Unmarried
13272,Wife
13439,Husband
13439,Not-in-family
13439,Other-relative
13439,Own-child
13439,Unmarried
13439,Wife
26562,Husband
26562,Other-relative
26562,Own-child
26562,Wife
28302,Not-in-family
28302,Unmarried
18684,Husband
18684,Other-relative
18684,Own-child
18684,Wife
3081,Not-in-family
3081,Unmarried
36742,Husband
36742,Not-in-family
36742,Other-relative
36742,Own-child
36742,Unmarried
36742,Wife
28599,Not-in-family
28599,Unmarried
22828,Husband
22828,Other-relative
22828,Own-child
22828,Wife
22024,Not-in-family
22024,Unmarried
25688,Husband
25688,Other-relative
25688,Own-child
25688,Wife
3110,Not-in-family
3110,Unmarried
40256,Husband
40256,Not-in-family
40256,Other-relative
40256,Own-child
40256,Unmarried
40256,Wife
41,Husband
41,Other-relative
41,Own-child
41,Wife
11136,Husband
11136,Not-in-family
11136,Other-relative
11136,Own-child
11136,Unmarried
11136,Wife
36019,Husband
36019,Not-in-family
36019,Other-relative
36019,Own-child
36019,Unmarried
36019,Wife
1419,Not-in-family
1419,Unmarried
20916,Husband
20916,Not-in-family
20916,Other-relative
20916,Own-child
20916,Unmarried
20916,Wife
8063,Husband
8063,Not-in-family
8063,Other-relative
8063,Own-child
8063,Unmarried
8063,Wife
26897,Husband
26897,Not-in-family
26897,Other-relative
26897,Own-child
26897,Unmarried
26897,Wife
19739,Husband
19739,Other-relative
19739,Own-child
19739,Wife
9345,Husband
9345,Not-in-family
9345,Other-relative
9345,Own-child
9345,Unmarried
9345,Wife
33800,Husband
33800,Not-in-family
33800,Other-relative
33800,Own-child
33800,Unmarried
33800,Wife
32788,Husband
32788,Not-in-family
32788,Other-relative
32788,Own-child
32788,Unmarried
32788,Wife
47174,Husband
47174,Other-relative
47174,Own-child
47174,Wife
36280,Husband
36280,Not-in-family
36280,Other-relative
36280,Own-child
36280,Unmarried
36280,Wife
6097,Husband
6097,Not-in-family
6097,Other-relative
6097,Own-child
6097,Unmarried
6097,Wife
22497,Husband
22497,Other-relative
22497,Own-child
22497,Wife
1798,Husband
1798,Not-in-family
1798,Other-relative
1798,Own-child
1798,Unmarried
1798,Wife
37642,Husband
37642,Not-in-family
37642,Other-relative
37642,Own-child
37642,Unmarried
37642,Wife
11920,Husband
11920,Not-in-family
11920,Other-relative
11920,Own-child
11920,Unmarried
11920,Wife
3617,Not-in-family
3617,Unmarried
95,Husband
95,Not-in-family
95,Other-relative
95,Own-child
95,Unmarried
95,Wife
30055,Husband
30055,Not-in-family
30055,Other-relative
30055,Own-child
30055,Unmarried
30055,Wife
21582,Husband
21582,Other-relative
21582,Own-child
21582,Wife
8867,Not-in-family
8867,Unmarried
16012,Husband
16012,Not-in-family
16012,Other-relative
16012,Own-child
16012,Unmarried
16012,Wife
27385,Not-in-family
27385,Unmarried
14025,Husband
14025,Not-in-family
14025,Other-relative
14025,Own-child
14025,Unmarried
14025,Wife
14985,Not-in-family
14985,Unmarried
14706,Husband
14706,Not-in-family
14706,Other-relative
14706,Own-child
14706,Unmarried
14706,Wife
16330,Husband
16330,Other-relative
16330,Own-child
16330,Wife
765,Not-in-family
765,Unmarried
29456,Husband
29456,Not-in-family
29456,Other-relative
29456,Own-child
29456,Unmarried
29456,Wife
3886,Husband
3886,Not-in-family
3886,Other-relative
3886,Own-child
3886,Unmarried
3886,Wife
31182,Husband
31182,Other-relative
31182,Own-child
31182,Wife
39119,Husband
39119,Not-in-family
39119,Other-relative
39119,Own-child
39119,Unmarried
39119,Wife
2455,Not-in-family
2455,Unmarried
31039,Husband
31039,Other-relative
31039,Own-child
31039,Wife
3728,Husband
3728,Not-in-family
3728,Other-relative
3728,Own-child
3728,Unmarried
3728,Wife
1309,Husband
1309,Not-in-family
1309,Other-relative
1309,Own-child
1309,Unmarried
1309,Wife
12340,Husband
12340,Other-relative
12340,Own-child
12340,Wife
23775,Not-in-family
23775,Unmarried
8707,Husband
8707,Not-in-family
8707,Other-relative
8707,Own-child
8707,Unmarried
8707,Wife
44498,Husband
44498,Not-in-family
44498,Other-relative
44498,Own-child
44498,Unmarried
44498,Wife
36470,Husband
36470,Not-in-family
36470,Other-relative
36470,Own-child
36470,Unmarried
36470,Wife
7234,Not-in-family
7234,Unmarried
21013,Husband
21013,Not-in-family
21013,Other-relative
21013,Own-child
21013,Unmarried
21013,Wife
40582,Husband
40582,Other-relative
40582,Own-child
40582,Wife
15566,Husband
15566,Not-in-family
15566,Other-relative
15566,Own-child
15566,Unmarried
15566,Wife
43913,Husband
43913,Not-in-family
43913,Other-relative
43913,Own-child
43913,Unmarried
43913,Wife
20405,Husband
20405,Not-in-family
20405,Other-relative
20405,Own-child
20405,Unmarried
20405,Wife
43135,Husband
43135,Other-relative
43135,Own-child
43135,Wife
1974,Husband
1974,Not-in-family
1974,Other-relative
1974,Own-child
1974,Unmarried
1974,Wife
22659,Husband
22659,Not-in-family
22659,Other-relative
22659,Own-child
22659,Unmarried
22659,Wife
22275,Husband
22275,Other-relative
22275,Own-child
22275,Wife
44343,Husband
44343,Other-relative
44343,Own-child
44343,Wife
33830,Not-in-family
33830,Unmarried
42372,Husband
42372,Other-relative
42372,Own-child
42372,Wife
44118,Husband
44118,Not-in-family
44118,Other-relative
44118,Own-child
44118,Unmarried
44118,Wife
23100,Not-in-family
23100,Unmarried
35230,Husband
35230,Other-relative
35230,Own-child
35230,Wife
17749,Not-in-family
17749,Unmarried
38550,Husband
38550,Not-in-family
38550,Other-relative
38550,Own-child
38550,Unmarried
38550,Wife
19899,Husband
19899,Not-in-family
19899,Other-relative
19899,Own-child
19899,Unmarried
19899,Wife
38444,Not-in-family
38444,Unmarried
14793,Husband
14793,Other-relative
14793,Own-child
14793,Wife
5197,Husband
5197,Not-in-family
5197,Other-relative
5197,Own-child
5197,Unmarried
5197,Wife
21024,Husband
21024,Not-in-family
21024,Other-relative
21024,Own-child
21024,Unmarried
21024,Wife
21798,Husband
21798,Other-relative
21798,Own-child
21798,Wife
14719,Husband
14719,Not-in-family
14719,Other-relative
14719,Own-child
14719,Unmarried
14719,Wife
41207,Husband
41207,Not-in-family
41207,Other-relative
41207,Own-child
41207,Unmarried
41207,Wife
19389,Husband
19389,Other-relative
19389,Own-child
19389,Wife
30618,Not-in-family
30618,Unmarried
21150,Husband
21150,Other-relative
21150,Own-child
21150,Wife
18153,Husband
18153,Not-in-family
18153,Other-relative
18153,Own-child
18153,Unmarried
18153,Wife
31063,Husband
31063,Not-in-family
31063,Other-relative
31063,Own-child
31063,Unmarried
31063,Wife
30445,Husband
30445,Other-relative
30445,Own-child
30445,Wife
48071,Husband
48071,Other-relative
48071,Own-child
48071,Wife
14223,Husband
14223,Not-in-family
14223,Other-relative
14223,Own-child
14223,Unmarried
14223,Wife
13792,Husband
13792,Other-relative
13792,Own-child
13792,Wife
30314,Husband
30314,Other-relative
30314,Own-child
30314,Wife
25087,Husband
25087,Other-relative
25087,Own-child
25087,Wife
15918,Husband
15918,Not-in-family
15918,Other-relative
15918,Own-child
15918,Unmarried
15918,Wife
24999,Husband
24999,Other-relative
24999,Own-child
24999,Wife
17430,Husband
17430,Other-relative
17430,Own-child
17430,Wife
16667,Husband
16667,Not-in-family
16667,Other-relative
16667,Own-child
16667,Unmarried
16667,Wife
48165,Husband
48165,Not-in-family
48165,Other-relative
48165,Own-child
48165,Unmarried
48165,Wife
10649,Husband
10649,Not-in-family
10649,Other-relative
10649,Own-child
10649,Unmarried
10649,Wife
28253,Husband
28253,Other-relative
28253,Own-child
28253,Wife
21064,Not-in-family
21064,Unmarried
5554,Husband
5554,Other-relative
5554,Own-child
5554,Wife
24919,Husband
24919,Other-relative
24919,Own-child
24919,Wife
3376,Husband
3376,Not-in-family
3376,Other-relative
3376,Own-child
3376,Unmarried
3376,Wife
39286,Not-in-family
39286,Unmarried
28750,Husband
28750,Not-in-family
28750,Other-relative
28750,Own-child
28750,Unmarried
28750,Wife
3907,Husband
3907,Not-in-family
3907,Other-relative
3907,Own-child
3907,Unmarried
3907,Wife
1975,Not-in-family
1975,Unmarried
38735,Husband
38735,Other-relative
38735,Own-child
38735,Wife
31850,Husband
31850,Not-in-family
31850,Other-relative
31850,Own-child
31850,Unmarried
31850,Wife
38531,Husband
38531,Not-in-family
38531,Other-relative
38531,Own-child
38531,Unmarried
38531,Wife
39550,Husband
39550,Not-in-family
39550,Other-relative
39550,Own-child
39550,Unmarried
39550,Wife
32440,Husband
32440,Other-relative
32440,Own-child
32440,Wife
47655,Not-in-family
47655,Unmarried
44742,Husband
44742,Not-in-family
44742,Other-relative
44742,Own-child
44742,Unmarried
44742,Wife
12921,Husband
12921,Not-in-family
12921,Other-relative
12921,Own-child
12921,Unmarried
12921,Wife
28309,Not-in-family
28309,Unmarried
7190,Husband
7190,Other-relative
7190,Own-child
7190,Wife
39665,Husband
39665,Not-in-family
39665,Other-relative
39665,Own-child
39665,Unmarried
39665,Wife
17058,Not-in-family
17058,Unmarried
9243,Husband
9243,Other-relative
9243,Own-child
9243,Wife
25604,Husband
25604,Other-relative
25604,Own-child
25604,Wife
33171,Husband
33171,Not-in-family
33171,Other-relative
33171,Own-child
33171,Unmarried
33171,Wife
39303,Not-in-family
39303,Unmarried
20684,Husband
20684,Not-in-family
20684,Other-relative
20684,Own-child
20684,Unmarried
20684,Wife
37518,Husband
37518,Not-in-family
37518,Other-relative
37518,Own-child
37518,Unmarried
37518,Wife
15104,Husband
15104,Other-relative
15104,Own-child
15104,Wife
39733,Husband
39733,Not-in-family
39733,Other-relative
39733,Own-child
39733,Unmarried
39733,Wife
15397,Husband
15397,Not-in-family
15397,Other-relative
15397,Own-child
15397,Unmarried
15397,Wife
2697,Husband
2697,Not-in-family
2697,Other-relative
2697,Own-child
2697,Unmarried
2697,Wife
11170,Husband
11170,Not-in-family
11170,Other-relative
11170,Own-child
11170,Unmarried
11170,Wife
13726,Husband
13726,Not-in-family
13726,Other-relative
13726,Own-child
13726,Unmarried
13726,Wife
29075,Not-in-family
29075,Unmarried
32830,Husband
32830,Not-in-family
32830,Other-relative
32830,Own-child
32830,Unmarried
32830,Wife
11179,Husband
11179,Not-in-family
11179,Other-relative
11179,Own-child
11179,Unmarried
11179,Wife
12295,Husband
12295,Not-in-family
12295,Other-relative
12295,Own-child
12295,Unmarried
12295,Wife
8541,Husband
8541,Other-relative
8541,Own-child
8541,Wife
162,Not-in-family
162,Unmarried
27508,Husband
27508,Not-in-family
27508,Other-relative
27508,Own-child
27508,Unmarried
27508,Wife
9296,Husband
9296,Other-relative
9296,Own-child
9296,Wife
18739,Husband
18739,Not-in-family
18739,Other-relative
18739,Own-child
18739,Unmarried
18739,Wife
34373,Not-in-family
34373,Unmarried
36049,Husband
36049,Not-in-family
36049,Other-relative
36049,Own-child
36049,Unmarried
36049,Wife
47300,Husband
47300,Not-in-family
47300,Other-relative
47300,Own-child
47300,Unmarried
47300,Wife
42243,Not-in-family
42243,Unmarried
41019,Husband
41019,Not-in-family
41019,Other-relative
41019,Own-child
41019,Unmarried
41019,Wife
34157,Husband
34157,Not-in-family
34157,Other-relative
34157,Own-child
34157,Unmarried
34157,Wife
41454,Not-in-family
41454,Unmarried
5265,Husband
5265,Not-in-family
5265,Other-relative
5265,Own-child
5265,Unmarried
5265,Wife
11672,Not-in-family
11672,Unmarried
41393,Husband
41393,Not-in-family
41393,Other-relative
41393,Own-child
41393,Unmarried
41393,Wife
1283,Husband
1283,Other-relative
1283,Own-child
1283,Wife
21677,Not-in-family
21677,Unmarried
8253,Husband
8253,Other-relative
8253,Own-child
8253,Wife
586,Husband
586,Not-in-family
586,Other-relative
586,Own-child
586,Unmarried
586,Wife
43144,Husband
43144,Not-in-family
43144,Other-relative
43144,Own-child
43144,Unmarried
43144,Wife
24468,Husband
24468,Not-in-family
24468,Other-relative
24468,Own-child
24468,Unmarried
24468,Wife
18933,Husband
18933,Not-in-family
18933,Other-relative
18933,Own-child
18933,Unmarried
18933,Wife
38935,Husband
38935,Not-in-family
38935,Other-relative
38935,Own-child
38935,Unmarried
38935,Wife
7114,Husband
7114,Other-relative
7114,Own-child
7114,Wife
44478,Husband
44478,Other-relative
44478,Own-child
44478,Wife
3628,Husband
3628,Other-relative
3628,Own-child
3628,Wife
5284,Husband
5284,Not-in-family
5284,Other-relative
5284,Own-child
5284,Unmarried
5284,Wife
9193,Husband
9193,Not-in-family
9193,Other-relative
9193,Own-child
9193,Unmarried
9193,Wife
7471,Husband
7471,Not-in-family
7471,Other-relative
7471,Own-child
7471,Unmarried
7471,Wife
40311,Husband
40311,Not-in-family
40311,Other-relative
40311,Own-child
40311,Unmarried
40311,Wife
44116,Husband
44116,Not-in-family
44116,Other-relative
44116,Own-child
44116,Unmarried
44116,Wife
3556,Husband
3556,Not-in-family
3556,Other-relative
3556,Own-child
3556,Unmarried
3556,Wife
8310,Husband
8310,Not-in-family
8310,Other-relative
8310,Own-child
8310,Unmarried
8310,Wife
47555,Husband
47555,Not-in-family
47555,Other-relative
47555,Own-child
47555,Unmarried
47555,Wife
33159,Husband
33159,Other-relative
33159,Own-child
33159,Wife
24549,Husband
24549,Not-in-family
24549,Other-relative
24549,Own-child
24549,Unmarried
24549,Wife
43515,Husband
43515,Not-in-family
43515,Other-relative
43515,Own-child
43515,Unmarried
43515,Wife
34928,Not-in-family
34928,Unmarried
27964,Not-in-family
27964,Unmarried
30420,Husband
30420,Other-relative
30420,Own-child
30420,Wife
37859,Husband
37859,Other-relative
37859,Own-child
37859,Wife
10603,Not-in-family
10603,Unmarried
8981,Husband
8981,Other-relative
8981,Own-child
8981,Wife
36793,Husband
36793,Not-in-family
36793,Other-relative
36793,Own-child
36793,Unmarried
36793,Wife
4433,Husband
4433,Not-in-family
4433,Other-relative
4433,Own-child
4433,Unmarried
4433,Wife
38558,Husband
38558,Not-in-family
38558,Other-relative
38558,Own-child
38558,Unmarried
38558,Wife
41159,Husband
41159,Not-in-family
41159,Other-relative
41159,Own-child
41159,Unmarried
41159,Wife
21886,Not-in-family
21886,Unmarried
43783,Husband
43783,Not-in-family
43783,Other-relative
43783,Own-child
43783,Unmarried
43783,Wife
42778,Not-in-family
42778,Unmarried
29594,Husband
29594,Not-in-family
29594,Other-relative
29594,Own-child
29594,Unmarried
29594,Wife
32284,Husband
32284,Not-in-family
32284,Other-relative
32284,Own-child
32284,Unmarried
32284,Wife
26613,Not-in-family
26613,Unmarried
6075,Husband
6075,Other-relative
6075,Own-child
6075,Wife
7832,Husband
7832,Not-in-family
7832,Other-relative
7832,Own-child
7832,Unmarried
7832,Wife
16242,Husband
16242,Other-relative
16242,Own-child
16242,Wife
44346,Husband
44346,Other-relative
44346,Own-child
44346,Wife
40675,Husband
40675,Not-in-family
40675,Other-relative
40675,Own-child
40675,Unmarried
40675,Wife
43715,Husband
43715,Not-in-family
43715,Other-relative
43715,Own-child
43715,Unmarried
43715,Wife
36242,Not-in-family
36242,Unmarried
35766,Husband
35766,Other-relative
35766,Own-child
35766,Wife
33504,Husband
33504,Not-in-family
33504,Other-relative
33504,Own-child
33504,Unmarried
33504,Wife
3764,Husband
3764,Not-in-family
3764,Other-relative
3764,Own-child
3764,Unmarried
3764,Wife
8229,Husband
8229,Not-in-family
8229,Other-relative
8229,Own-child
8229,Unmarried
8229,Wife
20340,Husband
20340,Not-in-family
20340,Other-relative
20340,Own-child
20340,Unmarried
20340,Wife
2295,Husband
2295,Other-relative
2295,Own-child
2295,Wife
28925,Husband
28925,Not-in-family
28925,Other-relative
28925,Own-child
28925,Unmarried
28925,Wife
16267,Husband
16267,Other-relative
16267,Own-child
16267,Wife
30299,Not-in-family
30299,Unmarried
6188,Husband
6188,Not-in-family
6188,Other-relative
6188,Own-child
6188,Unmarried
6188,Wife
8798,Husband
8798,Not-in-family
8798,Other-relative
8798,Own-child
8798,Unmarried
8798,Wife
23903,Husband
23903,Not-in-family
23903,Other-relative
23903,Own-child
23903,Unmarried
23903,Wife
28077,Husband
28077,Other-relative
28077,Own-child
28077,Wife
31708,Husband
31708,Other-relative
31708,Own-child
31708,Wife
4032,Husband
4032,Other-relative
4032,Own-child
4032,Wife
5596,Husband
5596,Other-relative
5596,Own-child
5596,Wife
40195,Husband
40195,Other-relative
40195,Own-child
40195,Wife
32767,Husband
32767,Other-relative
32767,Own-child
32767,Wife
37430,Husband
37430,Other-relative
37430,Own-child
37430,Wife
35248,Not-in-family
35248,Unmarried
38281,Not-in-family
38281,Unmarried
29860,Husband
29860,Not-in-family
29860,Other-relative
29860,Own-child
29860,Unmarried
29860,Wife
47277,Husband
47277,Other-relative
47277,Own-child
47277,Wife
1944,Husband
1944,Other-relative
1944,Own-child
1944,Wife
24916,Husband
24916,Other-relative
24916,Own-child
24916,Wife
27414,Husband
27414,Not-in-family
27414,Other-relative
27414,Own-child
27414,Unmarried
27414,Wife
14638,Husband
14638,Other-relative
14638,Own-child
14638,Wife
10202,Husband
10202,Not-in-family
10202,Other-relative
10202,Own-child
10202,Unmarried
10202,Wife
772,Not-in-family
772,Unmarried
45044,Not-in-family
45044,Unmarried
38073,Not-in-family
38073,Unmarried
2796,Husband
2796,Not-in-family
2796,Other-relative
2796,Own-child
2796,Unmarried
2796,Wife
30258,Husband
30258,Not-in-family
30258,Other-relative
30258,Own-child
30258,Unmarried
30258,Wife
25297,Not-in-family
25297,Unmarried
7943,Husband
7943,Not-in-family
7943,Other-relative
7943,Own-child
7943,Unmarried
7943,Wife
10862,Husband
10862,Not-in-family
10862,Other-relative
10862,Own-child
10862,Unmarried
10862,Wife
28205,Husband
28205,Not-in-family
28205,Other-relative
28205,Own-child
28205,Unmarried
28205,Wife
37793,Not-in-family
37793,Unmarried
4151,Not-in-family
4151,Unmarried
16158,Husband
16158,Other-relative
16158,Own-child
16158,Wife
19128,Husband
19128,Not-in-family
19128,Other-relative
19128,Own-child
19128,Unmarried
19128,Wife
10594,Husband
10594,Not-in-family
10594,Other-relative
10594,Own-child
10594,Unmarried
10594,Wife
37282,Husband
37282,Not-in-family
37282,Other-relative
37282,Own-child
37282,Unmarried
37282,Wife
13539,Husband
13539,Other-relative
13539,Own-child
13539,Wife
45718,Husband
45718,Not-in-family
45718,Other-relative
45718,Own-child
45718,Unmarried
45718,Wife
41574,Husband
41574,Other-relative
41574,Own-child
41574,Wife
25614,Husband
25614,Other-relative
25614,Own-child
25614,Wife
44972,Husband
44972,Not-in-family
44972,Other-relative
44972,Own-child
44972,Unmarried
44972,Wife
11981,Husband
11981,Not-in-family
11981,Other-relative
11981,Own-child
11981,Unmarried
11981,Wife
17252,Husband
17252,Not-in-family
17252,Other-relative
17252,Own-child
17252,Unmarried
17252,Wife
3962,Husband
3962,Not-in-family
3962,Other-relative
3962,Own-child
3962,Unmarried
3962,Wife
18610,Not-in-family
18610,Unmarried
28068,Husband
28068,Not-in-family
28068,Other-relative
28068,Own-child
28068,Unmarried
28068,Wife
20357,Husband
20357,Other-relative
20357,Own-child
20357,Wife
6572,Husband
6572,Not-in-family
6572,Other-relative
6572,Own-child
6572,Unmarried
6572,Wife
31050,Husband
31050,Not-in-family
31050,Other-relative
31050,Own-child
31050,Unmarried
31050,Wife
21361,Not-in-family
21361,Unmarried
30946,Husband
30946,Not-in-family
30946,Other-relative
30946,Own-child
30946,Unmarried
30946,Wife
26978,Not-in-family
26978,Unmarried
20762,Husband
20762,Not-in-family
20762,Other-relative
20762,Own-child
20762,Unmarried
20762,Wife
25257,Husband
25257,Other-relative
25257,Own-child
25257,Wife
44176,Husband
44176,Not-in-family
44176,Other-relative
44176,Own-child
44176,Unmarried
44176,Wife
46066,Not-in-family
46066,Unmarried
22851,Husband
22851,Not-in-family
22851,Other-relative
22851,Own-child
22851,Unmarried
22851,Wife
33827,Husband
33827,Other-relative
33827,Own-child
33827,Wife
32946,Husband
32946,Other-relative
32946,Own-child
32946,Wife
24900,Husband
24900,Not-in-family
24900,Other-relative
24900,Own-child
24900,Unmarried
24900,Wife
26544,Husband
26544,Not-in-family
26544,Other-relative
26544,Own-child
26544,Unmarried
26544,Wife
35426,Not-in-family
35426,Unmarried
42933,Husband
42933,Other-relative
42933,Own-child
42933,Wife
32553,Not-in-family
32553,Unmarried
26281,Husband
26281,Not-in-family
26281,Other-relative
26281,Own-child
26281,Unmarried
26281,Wife
13247,Husband
13247,Other-relative
13247,Own-child
13247,Wife
48142,Husband
48142,Other-relative
48142,Own-child
48142,Wife
35702,Husband
35702,Other-relative
35702,Own-child
35702,Wife
6933,Husband
6933,Other-relative
6933,Own-child
6933,Wife
29356,Husband
29356,Other-relative
29356,Own-child
29356,Wife
15535,Husband
15535,Not-in-family
15535,Other-relative
15535,Own-child
15535,Unmarried
15535,Wife
6016,Husband
6016,Other-relative
6016,Own-child
6016,Wife
42854,Husband
42854,Other-relative
42854,Own-child
42854,Wife
13986,Not-in-family
13986,Unmarried
34556,Husband
34556,Other-relative
34556,Own-child
34556,Wife
10246,Not-in-family
10246,Unmarried
34805,Husband
34805,Not-in-family
34805,Other-relative
34805,Own-child
34805,Unmarried
34805,Wife
8546,Husband
8546,Not-in-family
8546,Other-relative
8546,Own-child
8546,Unmarried
8546,Wife
3836,Husband
3836,Other-relative
3836,Own-child
3836,Wife
5620,Husband
5620,Other-relative
5620,Own-child
5620,Wife
22083,Husband
22083,Not-in-family
22083,Other-relative
22083,Own-child
22083,Unmarried
22083,Wife
25736,Husband
25736,Not-in-family
25736,Other-relative
25736,Own-child
25736,Unmarried
25736,Wife
899,Husband
899,Not-in-family
899,Other-relative
899,Own-child
899,Unmarried
899,Wife
28244,Husband
28244,Not-in-family
28244,Other-relative
28244,Own-child
28244,Unmarried
28244,Wife
16197,Not-in-family
16197,Unmarried
39704,Husband
39704,Not-in-family
39704,Other-relative
39704,Own-child
39704,Unmarried
39704,Wife
14289,Husband
14289,Not-in-family
14289,Other-relative
14289,Own-child
14289,Unmarried
14289,Wife
27411,Husband
27411,Other-relative
27411,Own-child
27411,Wife
42432,Husband
42432,Other-relative
42432,Own-child
42432,Wife
31858,Husband
31858,Not-in-family
31858,Other-relative
31858,Own-child
31858,Unmarried
31858,Wife
5759,Husband
5759,Not-in-family
5759,Other-relative
5759,Own-child
5759,Unmarried
5759,Wife
47417,Husband
47417,Not-in-family
47417,Other-relative
47417,Own-child
47417,Unmarried
47417,Wife
2460,Husband
2460,Other-relative
2460,Own-child
2460,Wife
14327,Husband
14327,Not-in-family
14327,Other-relative
14327,Own-child
14327,Unmarried
14327,Wife
17961,Husband
17961,Not-in-family
17961,Other-relative
17961,Own-child
17961,Unmarried
17961,Wife
39071,Not-in-family
39071,Unmarried
30645,Husband
30645,Not-in-family
30645,Other-relative
30645,Own-child
30645,Unmarried
30645,Wife
35490,Husband
35490,Other-relative
35490,Own-child
35490,Wife
31567,Husband
31567,Not-in-family
31567,Other-relative
31567,Own-child
31567,Unmarried
31567,Wife
33263,Husband
33263,Other-relative
33263,Own-child
33263,Wife
19792,Not-in-family
19792,Unmarried
34060,Husband
34060,Other-relative
34060,Own-child
34060,Wife
21641,Husband
21641,Not-in-family
21641,Other-relative
21641,Own-child
21641,Unmarried
21641,Wife
35652,Not-in-family
35652,Unmarried
24360,Husband
24360,Not-in-family
24360,Other-relative
24360,Own-child
24360,Unmarried
24360,Wife
45360,Not-in-family
45360,Unmarried
23790,Husband
23790,Other-relative
23790,Own-child
23790,Wife
4249,Husband
4249,Not-in-family
4249,Other-relative
4249,Own-child
4249,Unmarried
4249,Wife
37509,Husband
37509,Not-in-family
37509,Other-relative
37509,Own-child
37509,Unmarried
37509,Wife
28469,Husband
28469,Not-in-family
28469,Other-relative
28469,Own-child
28469,Unmarried
28469,Wife
9821,Husband
9821,Other-relative
9821,Own-child
9821,Wife
31267,Not-in-family
31267,Unmarried
40747,Husband
40747,Other-relative
40747,Own-child
40747,Wife
31475,Husband
31475,Other-relative
31475,Own-child
31475,Wife
31854,Not-in-family
31854,Unmarried
47472,Husband
47472,Other-relative
47472,Own-child
47472,Wife
25694,Husband
25694,Not-in-family
25694,Other-relative
25694,Own-child
25694,Unmarried
25694,Wife
40340,Husband
40340,Other-relative
40340,Own-child
40340,Wife
40637,Not-in-family
40637,Unmarried
40169,Not-in-family
40169,Unmarried
11787,Husband
11787,Other-relative
11787,Own-child
11787,Wife
30740,Husband
30740,Not-in-family
30740,Other-relative
30740,Own-child
30740,Unmarried
30740,Wife
45841,Husband
45841,Other-relative
45841,Own-child
45841,Wife
7808,Husband
7808,Not-in-family
7808,Other-relative
7808,Own-child
7808,Unmarried
7808,Wife
21354,Husband
21354,Other-relative
21354,Own-child
21354,Wife
12603,Not-in-family
12603,Unmarried
85,Husband
85,Not-in-family
85,Other-relative
85,Own-child
85,Unmarried
85,Wife
12660,Husband
12660,Not-in-family
12660,Other-relative
12660,Own-child
12660,Unmarried
12660,Wife
20982,Husband
20982,Not-in-family
20982,Other-relative
20982,Own-child
20982,Unmarried
20982,Wife
36537,Not-in-family
36537,Unmarried
3789,Husband
3789,Not-in-family
3789,Other-relative
3789,Own-child
3789,Unmarried
3789,Wife
15349,Husband
15349,Not-in-family
15349,Other-relative
15349,Own-child
15349,Unmarried
15349,Wife
16853,Not-in-family
16853,Unmarried
6358,Husband
6358,Not-in-family
6358,Other-relative
6358,Own-child
6358,Unmarried
6358,Wife
19883,Husband
19883,Not-in-family
19883,Other-relative
19883,Own-child
19883,Unmarried
19883,Wife
48814,Husband
48814,Not-in-family
48814,Other-relative
48814,Own-child
48814,Unmarried
48814,Wife
24689,Husband
24689,Not-in-family
24689,Other-relative
24689,Own-child
24689,Unmarried
24689,Wife
14153,Husband
14153,Not-in-family
14153,Other-relative
14153,Own-child
14153,Unmarried
14153,Wife
23240,Not-in-family
23240,Unmarried
5101,Husband
5101,Not-in-family
5101,Other-relative
5101,Own-child
5101,Unmarried
5101,Wife
39271,Husband
39271,Not-in-family
39271,Other-relative
39271,Own-child
39271,Unmarried
39271,Wife
4603,Husband
4603,Other-relative
4603,Own-child
4603,Wife
4579,Husband
4579,Not-in-family
4579,Other-relative
4579,Own-child
4579,Unmarried
4579,Wife
13656,Not-in-family
13656,Unmarried
38383,Not-in-family
38383,Unmarried
25488,Husband
25488,Not-in-family
25488,Other-relative
25488,Own-child
25488,Unmarried
25488,Wife
6340,Husband
6340,Other-relative
6340,Own-child
6340,Wife
12367,Not-in-family
12367,Unmarried
6961,Husband
6961,Not-in-family
6961,Other-relative
6961,Own-child
6961,Unmarried
6961,Wife
47774,Husband
47774,Other-relative
47774,Own-child
47774,Wife
4441,Husband
4441,Not-in-family
4441,Other-relative
4441,Own-child
4441,Unmarried
4441,Wife
8977,Husband
8977,Not-in-family
8977,Other-relative
8977,Own-child
8977,Unmarried
8977,Wife
31303,Husband
31303,Not-in-family
31303,Other-relative
31303,Own-child
31303,Unmarried
31303,Wife
25562,Husband
25562,Not-in-family
25562,Other-relative
25562,Own-child
25562,Unmarried
25562,Wife
33174,Husband
33174,Not-in-family
33174,Other-relative
33174,Own-child
33174,Unmarried
33174,Wife
18376,Husband
18376,Not-in-family
18376,Other-relative
18376,Own-child
18376,Unmarried
18376,Wife
3536,Husband
3536,Not-in-family
3536,Other-relative
3536,Own-child
3536,Unmarried
3536,Wife
17721,Husband
17721,Other-relative
17721,Own-child
17721,Wife
6346,Husband
6346,Other-relative
6346,Own-child
6346,Wife
26619,Husband
26619,Other-relative
26619,Own-child
26619,Wife
15859,Husband
15859,Not-in-family
15859,Other-relative
15859,Own-child
15859,Unmarried
15859,Wife
27040,Husband
27040,Not-in-family
27040,Other-relative
27040,Own-child
27040,Unmarried
27040,Wife
46600,Husband
46600,Not-in-family
46600,Other-relative
46600,Own-child
46600,Unmarried
46600,Wife
23747,Not-in-family
23747,Unmarried
25784,Husband
25784,Not-in-family
25784,Other-relative
25784,Own-child
25784,Unmarried
25784,Wife
26608,Husband
26608,Not-in-family
26608,Other-relative
26608,Own-child
26608,Unmarried
26608,Wife
44426,Husband
44426,Other-relative
44426,Own-child
44426,Wife
34729,Husband
34729,Other-relative
34729,Own-child
34729,Wife
1933,Husband
1933,Not-in-family
1933,Other-relative
1933,Own-child
1933,Unmarried
1933,Wife
8953,Husband
8953,Not-in-family
8953,Other-relative
8953,Own-child
8953,Unmarried
8953,Wife
27634,Husband
27634,Not-in-family
27634,Other-relative
27634,Own-child
27634,Unmarried
27634,Wife
33655,Husband
33655,Not-in-family
33655,Other-relative
33655,Own-child
33655,Unmarried
33655,Wife
35917,Husband
35917,Not-in-family
35917,Other-relative
35917,Own-child
35917,Unmarried
35917,Wife
9063,Husband
9063,Not-in-family
9063,Other-relative
9063,Own-child
9063,Unmarried
9063,Wife
12327,Husband
12327,Other-relative
12327,Own-child
12327,Wife
25512,Husband
25512,Not-in-family
25512,Other-relative
25512,Own-child
25512,Unmarried
25512,Wife
26772,Husband
26772,Other-relative
26772,Own-child
26772,Wife
30604,Not-in-family
30604,Unmarried
38375,Husband
38375,Other-relative
38375,Own-child
38375,Wife
31423,Not-in-family
31423,Unmarried
30863,Husband
30863,Not-in-family
30863,Other-relative
30863,Own-child
30863,Unmarried
30863,Wife
45510,Husband
45510,Other-relative
45510,Own-child
45510,Wife
41704,Not-in-family
41704,Unmarried
733,Husband
733,Not-in-family
733,Other-relative
733,Own-child
733,Unmarried
733,Wife
5748,Husband
5748,Not-in-family
5748,Other-relative
5748,Own-child
5748,Unmarried
5748,Wife
31219,Husband
31219,Other-relative
31219,Own-child
31219,Wife
45995,Husband
45995,Not-in-family
45995,Other-relative
45995,Own-child
45995,Unmarried
45995,Wife
14595,Husband
14595,Other-relative
14595,Own-child
14595,Wife
35922,Husband
35922,Not-in-family
35922,Other-relative
35922,Own-child
35922,Unmarried
35922,Wife
20443,Husband
20443,Other-relative
20443,Own-child
20443,Wife
12710,Husband
12710,Not-in-family
12710,Other-relative
12710,Own-child
12710,Unmarried
12710,Wife
27304,Husband
27304,Not-in-family
27304,Other-relative
27304,Own-child
27304,Unmarried
27304,Wife
13421,Husband
13421,Not-in-family
13421,Other-relative
13421,Own-child
13421,Unmarried
13421,Wife
2461,Husband
2461,Not-in-family
2461,Other-relative
2461,Own-child
2461,Unmarried
2461,Wife
16403,Husband
16403,Not-in-family
16403,Other-relative
16403,Own-child
16403,Unmarried
16403,Wife
10740,Husband
10740,Other-relative
10740,Own-child
10740,Wife
42697,Husband
42697,Not-in-family
42697,Other-relative
42697,Own-child
42697,Unmarried
42697,Wife
188,Husband
188,Not-in-family
188,Other-relative
188,Own-child
188,Unmarried
188,Wife
38870,Husband
38870,Not-in-family
38870,Other-relative
38870,Own-child
38870,Unmarried
38870,Wife
22719,Not-in-family
22719,Unmarried
597,Husband
597,Other-relative
597,Own-child
597,Wife
15380,Husband
15380,Other-relative
15380,Own-child
15380,Wife
2643,Husband
2643,Not-in-family
2643,Other-relative
2643,Own-child
2643,Unmarried
2643,Wife
1999,Husband
1999,Not-in-family
1999,Other-relative
1999,Own-child
1999,Unmarried
1999,Wife
11184,Husband
11184,Other-relative
11184,Own-child
11184,Wife
41744,Not-in-family
41744,Unmarried
6694,Husband
6694,Not-in-family
6694,Other-relative
6694,Own-child
6694,Unmarried
6694,Wife
20528,Husband
20528,Not-in-family
20528,Other-relative
20528,Own-child
20528,Unmarried
20528,Wife
9368,Husband
9368,Not-in-family
9368,Other-relative
9368,Own-child
9368,Unmarried
9368,Wife
20648,Husband
20648,Not-in-family
20648,Other-relative
20648,Own-child
20648,Unmarried
20648,Wife
15225,Husband
15225,Other-relative
15225,Own-child
15225,Wife
255,Husband
255,Other-relative
255,Own-child
255,Wife
2904,Husband
2904,Other-relative
2904,Own-child
2904,Wife
20663,Husband
20663,Not-in-family
20663,Other-relative
20663,Own-child
20663,Unmarried
20663,Wife
35283,Husband
35283,Not-in-family
35283,Other-relative
35283,Own-child
35283,Unmarried
35283,Wife
41695,Husband
41695,Other-relative
41695,Own-child
41695,Wife
6854,Not-in-family
6854,Unmarried
6735,Husband
6735,Other-relative
6735,Own-child
6735,Wife
7148,Not-in-family
7148,Unmarried
33917,Husband
33917,Other-relative
33917,Own-child
33917,Wife
43906,Not-in-family
43906,Unmarried
39890,Not-in-family
39890,Unmarried
24734,Husband
24734,Other-relative
24734,Own-child
24734,Wife
46713,Husband
46713,Not-in-family
46713,Other-relative
46713,Own-child
46713,Unmarried
46713,Wife
16555,Husband
16555,Not-in-family
16555,Other-relative
16555,Own-child
16555,Unmarried
16555,Wife
23170,Husband
23170,Other-relative
23170,Own-child
23170,Wife
22588,Husband
22588,Not-in-family
22588,Other-relative
22588,Own-child
22588,Unmarried
22588,Wife
12818,Husband
12818,Not-in-family
12818,Other-relative
12818,Own-child
12818,Unmarried
12818,Wife
5976,Husband
5976,Other-relative
5976,Own-child
5976,Wife
3674,Husband
3674,Other-relative
3674,Own-child
3674,Wife
36355,Husband
36355,Not-in-family
36355,Other-relative
36355,Own-child
36355,Unmarried
36355,Wife
5341,Husband
5341,Other-relative
5341,Own-child
5341,Wife
10086,Husband
10086,Not-in-family
10086,Other-relative
10086,Own-child
10086,Unmarried
10086,Wife
34490,Husband
34490,Not-in-family
34490,Other-relative
34490,Own-child
34490,Unmarried
34490,Wife
48631,Not-in-family
48631,Unmarried
39466,Husband
39466,Not-in-family
39466,Other-relative
39466,Own-child
39466,Unmarried
39466,Wife
12512,Husband
12512,Not-in-family
12512,Other-relative
12512,Own-child
12512,Unmarried
12512,Wife
31941,Husband
31941,Other-relative
31941,Own-child
31941,Wife
21994,Husband
21994,Not-in-family
21994,Other-relative
21994,Own-child
21994,Unmarried
21994,Wife
45026,Husband
45026,Other-relative
45026,Own-child
45026,Wife
22557,Husband
22557,Other-relative
22557,Own-child
22557,Wife
15729,Husband
15729,Other-relative
15729,Own-child
15729,Wife
30279,Husband
30279,Not-in-family
30279,Other-relative
30279,Own-child
30279,Unmarried
30279,Wife
46464,Husband
46464,Not-in-family
46464,Other-relative
46464,Own-child
46464,Unmarried
46464,Wife
8492,Husband
8492,Not-in-family
8492,Other-relative
8492,Own-child
8492,Unmarried
8492,Wife
43405,Not-in-family
43405,Unmarried
4136,Husband
4136,Other-relative
4136,Own-child
4136,Wife
38777,Husband
38777,Other-relative
38777,Own-child
38777,Wife
37294,Husband
37294,Not-in-family
37294,Other-relative
37294,Own-child
37294,Unmarried
37294,Wife
32040,Husband
32040,Other-relative
32040,Own-child
32040,Wife
45653,Husband
45653,Other-relative
45653,Own-child
45653,Wife
18991,Husband
18991,Not-in-family
18991,Other-relative
18991,Own-child
18991,Unmarried
18991,Wife
9404,Husband
9404,Not-in-family
9404,Other-relative
9404,Own-child
9404,Unmarried
9404,Wife
23260,Husband
23260,Other-relative
23260,Own-child
23260,Wife
3760,Husband
3760,Other-relative
3760,Own-child
3760,Wife
35926,Husband
35926,Not-in-family
35926,Other-relative
35926,Own-child
35926,Unmarried
35926,Wife
1655,Husband
1655,Other-relative
1655,Own-child
1655,Wife
39408,Husband
39408,Not-in-family
39408,Other-relative
39408,Own-child
39408,Unmarried
39408,Wife
10946,Husband
10946,Other-relative
10946,Own-child
10946,Wife
10273,Husband
10273,Other-relative
10273,Own-child
10273,Wife
30013,Husband
30013,Not-in-family
30013,Other-relative
30013,Own-child
30013,Unmarried
30013,Wife
30439,Husband
30439,Not-in-family
30439,Other-relative
30439,Own-child
30439,Unmarried
30439,Wife
35204,Husband
35204,Other-relative
35204,Own-child
35204,Wife
12968,Husband
12968,Other-relative
12968,Own-child
12968,Wife
12949,Husband
12949,Not-in-family
12949,Other-relative
12949,Own-child
12949,Unmarried
12949,Wife
26972,Husband
26972,Not-in-family
26972,Other-relative
26972,Own-child
26972,Unmarried
26972,Wife
33693,Husband
33693,Other-relative
33693,Own-child
33693,Wife
43199,Husband
43199,Other-relative
43199,Own-child
43199,Wife
11918,Husband
11918,Other-relative
11918,Own-child
11918,Wife
1406,Husband
1406,Not-in-family
1406,Other-relative
1406,Own-child
1406,Unmarried
1406,Wife
17467,Husband
17467,Not-in-family
17467,Other-relative
17467,Own-child
17467,Unmarried
17467,Wife
42845,Husband
42845,Not-in-family
42845,Other-relative
42845,Own-child
42845,Unmarried
42845,Wife
28084,Husband
28084,Not-in-family
28084,Other-relative
28084,Own-child
28084,Unmarried
28084,Wife
42389,Husband
42389,Other-relative
42389,Own-child
42389,Wife
24822,Not-in-family
24822,Unmarried
25903,Husband
25903,Not-in-family
25903,Other-relative
25903,Own-child
25903,Unmarried
25903,Wife
646,Husband
646,Not-in-family
646,Other-relative
646,Own-child
646,Unmarried
646,Wife
4392,Husband
4392,Other-relative
4392,Own-child
4392,Wife
22136,Husband
22136,Not-in-family
22136,Other-relative
22136,Own-child
22136,Unmarried
22136,Wife
33973,Husband
33973,Other-relative
33973,Own-child
33973,Wife
6490,Husband
6490,Not-in-family
6490,Other-relative
6490,Own-child
6490,Unmarried
6490,Wife
7550,Husband
7550,Other-relative
7550,Own-child
7550,Wife
34340,Husband
34340,Not-in-family
34340,Other-relative
34340,Own-child
34340,Unmarried
34340,Wife
18792,Husband
18792,Other-relative
18792,Own-child
18792,Wife
32795,Husband
32795,Not-in-family
32795,Other-relative
32795,Own-child
32795,Unmarried
32795,Wife
11111,Husband
11111,Other-relative
11111,Own-child
11111,Wife
8874,Not-in-family
8874,Unmarried
45504,Not-in-family
45504,Unmarried
43218,Not-in-family
43218,Unmarried
24577,Husband
24577,Not-in-family
24577,Other-relative
24577,Own-child
24577,Unmarried
24577,Wife
10275,Husband
10275,Not-in-family
10275,Other-relative
10275,Own-child
10275,Unmarried
10275,Wife
31499,Husband
31499,Not-in-family
31499,Other-relative
31499,Own-child
31499,Unmarried
31499,Wife
43851,Husband
43851,Not-in-family
43851,Other-relative
43851,Own-child
43851,Unmarried
43851,Wife
1104,Husband
1104,Not-in-family
1104,Other-relative
1104,Own-child
1104,Unmarried
1104,Wife
27748,Husband
27748,Other-relative
27748,Own-child
27748,Wife
22537,Husband
22537,Not-in-family
22537,Other-relative
22537,Own-child
22537,Unmarried
22537,Wife
25635,Not-in-family
25635,Unmarried
30249,Husband
30249,Other-relative
30249,Own-child
30249,Wife
8235,Not-in-family
8235,Unmarried
9436,Husband
9436,Not-in-family
9436,Other-relative
9436,Own-child
9436,Unmarried
9436,Wife
2457,Husband
2457,Not-in-family
2457,Other-relative
2457,Own-child
2457,Unmarried
2457,Wife
47806,Husband
47806,Other-relative
47806,Own-child
47806,Wife
42859,Husband
42859,Other-relative
42859,Own-child
42859,Wife
48641,Husband
48641,Not-in-family
48641,Other-relative
48641,Own-child
48641,Unmarried
48641,Wife
48688,Husband
48688,Other-relative
48688,Own-child
48688,Wife
13442,Husband
13442,Not-in-family
13442,Other-relative
13442,Own-child
13442,Unmarried
13442,Wife
40608,Husband
40608,Other-relative
40608,Own-child
40608,Wife
19902,Husband
19902,Not-in-family
19902,Other-relative
19902,Own-child
19902,Unmarried
19902,Wife
44554,Husband
44554,Other-relative
44554,Own-child
44554,Wife
27220,Husband
27220,Other-relative
27220,Own-child
27220,Wife
43644,Husband
43644,Not-in-family
43644,Other-relative
43644,Own-child
43644,Unmarried
43644,Wife
14489,Not-in-family
14489,Unmarried
29139,Husband
29139,Other-relative
29139,Own-child
29139,Wife
6301,Husband
6301,Other-relative
6301,Own-child
6301,Wife
31471,Husband
31471,Other-relative
31471,Own-child
31471,Wife
9541,Husband
9541,Other-relative
9541,Own-child
9541,Wife
9578,Husband
9578,Not-in-family
9578,Other-relative
9578,Own-child
9578,Unmarried
9578,Wife
2615,Husband
2615,Not-in-family
2615,Other-relative
2615,Own-child
2615,Unmarried
2615,Wife
9955,Not-in-family
9955,Unmarried
21815,Husband
21815,Not-in-family
21815,Other-relative
21815,Own-child
21815,Unmarried
21815,Wife
25083,Husband
25083,Not-in-family
25083,Other-relative
25083,Own-child
25083,Unmarried
25083,Wife
6702,Husband
6702,Other-relative
6702,Own-child
6702,Wife
8771,Husband
8771,Not-in-family
8771,Other-relative
8771,Own-child
8771,Unmarried
8771,Wife
42628,Husband
42628,Not-in-family
42628,Other-relative
42628,Own-child
42628,Unmarried
42628,Wife
23721,Husband
23721,Not-in-family
23721,Other-relative
23721,Own-child
23721,Unmarried
23721,Wife
41313,Not-in-family
41313,Unmarried
16596,Husband
16596,Not-in-family
16596,Other-relative
16596,Own-child
16596,Unmarried
16596,Wife
12701,Not-in-family
12701,Unmarried
31619,Husband
31619,Other-relative
31619,Own-child
31619,Wife
23859,Not-in-family
23859,Unmarried
6883,Husband
6883,Not-in-family
6883,Other-relative
6883,Own-child
6883,Unmarried
6883,Wife
19906,Husband
19906,Not-in-family
19906,Other-relative
19906,Own-child
19906,Unmarried
19906,Wife
7171,Not-in-family
7171,Unmarried
20507,Husband
20507,Other-relative
20507,Own-child
20507,Wife
35854,Husband
35854,Not-in-family
35854,Other-relative
35854,Own-child
35854,Unmarried
35854,Wife
47494,Husband
47494,Other-relative
47494,Own-child
47494,Wife
43074,Not-in-family
43074,Unmarried
15769,Not-in-family
15769,Unmarried
35489,Not-in-family
35489,Unmarried
37630,Husband
37630,Other-relative
37630,Own-child
37630,Wife
45707,Not-in-family
45707,Unmarried
44835,Husband
44835,Other-relative
44835,Own-child
44835,Wife
10842,Husband
10842,Other-relative
10842,Own-child
10842,Wife
22511,Not-in-family
22511,Unmarried
36917,Husband
36917,Not-in-family
36917,Other-relative
36917,Own-child
36917,Unmarried
36917,Wife
7598,Husband
7598,Not-in-family
7598,Other-relative
7598,Own-child
7598,Unmarried
7598,Wife
13546,Husband
13546,Other-relative
13546,Own-child
13546,Wife
21496,Not-in-family
21496,Unmarried
1,Husband
1,Other-relative
1,Own-child
1,Wife
34766,Husband
34766,Not-in-family
34766,Other-relative
34766,Own-child
34766,Unmarried
34766,Wife
23986,Husband
23986,Not-in-family
23986,Other-relative
23986,Own-child
23986,Unmarried
23986,Wife
14976,Husband
14976,Other-relative
14976,Own-child
14976,Wife
47985,Husband
47985,Not-in-family
47985,Other-relative
47985,Own-child
47985,Unmarried
47985,Wife
4876,Husband
4876,Not-in-family
4876,Other-relative
4876,Own-child
4876,Unmarried
4876,Wife
18355,Not-in-family
18355,Unmarried
43747,Husband
43747,Not-in-family
43747,Other-relative
43747,Own-child
43747,Unmarried
43747,Wife
47937,Not-in-family
47937,Unmarried
36057,Not-in-family
36057,Unmarried
9235,Husband
9235,Not-in-family
9235,Other-relative
9235,Own-child
9235,Unmarried
9235,Wife
6957,Husband
6957,Not-in-family
6957,Other-relative
6957,Own-child
6957,Unmarried
6957,Wife
39067,Husband
39067,Not-in-family
39067,Other-relative
39067,Own-child
39067,Unmarried
39067,Wife
43255,Husband
43255,Other-relative
43255,Own-child
43255,Wife
39090,Husband
39090,Not-in-family
39090,Other-relative
39090,Own-child
39090,Unmarried
39090,Wife
25948,Husband
25948,Other-relative
25948,Own-child
25948,Wife
39465,Husband
39465,Other-relative
39465,Own-child
39465,Wife
7654,Husband
7654,Other-relative
7654,Own-child
7654,Wife
27551,Husband
27551,Not-in-family
27551,Other-relative
27551,Own-child
27551,Unmarried
27551,Wife
13008,Not-in-family
13008,Unmarried
2705,Husband
2705,Not-in-family
2705,Other-relative
2705,Own-child
2705,Unmarried
2705,Wife
34701,Husband
34701,Not-in-family
34701,Other-relative
34701,Own-child
34701,Unmarried
34701,Wife
3808,Husband
3808,Other-relative
3808,Own-child
3808,Wife
3318,Husband
3318,Other-relative
3318,Own-child
3318,Wife
13413,Husband
13413,Not-in-family
13413,Other-relative
13413,Own-child
13413,Unmarried
13413,Wife
17817,Not-in-family
17817,Unmarried
9249,Husband
9249,Other-relative
9249,Own-child
9249,Wife
17223,Husband
17223,Other-relative
17223,Own-child
17223,Wife
36758,Not-in-family
36758,Unmarried
14156,Husband
14156,Not-in-family
14156,Other-relative
14156,Own-child
14156,Unmarried
14156,Wife
36488,Husband
36488,Other-relative
36488,Own-child
36488,Wife
39881,Husband
39881,Not-in-family
39881,Other-relative
39881,Own-child
39881,Unmarried
39881,Wife
5891,Not-in-family
5891,Unmarried
30091,Husband
30091,Other-relative
30091,Own-child
30091,Wife
29246,Husband
29246,Not-in-family
29246,Other-relative
29246,Own-child
29246,Unmarried
29246,Wife
31816,Husband
31816,Not-in-family
31816,Other-relative
31816,Own-child
31816,Unmarried
31816,Wife
35289,Not-in-family
35289,Unmarried
13837,Not-in-family
13837,Unmarried
26096,Husband
26096,Not-in-family
26096,Other-relative
26096,Own-child
26096,Unmarried
26096,Wife
21610,Husband
21610,Other-relative
21610,Own-child
21610,Wife
4776,Husband
4776,Other-relative
4776,Own-child
4776,Wife
872,Husband
872,Not-in-family
872,Other-relative
872,Own-child
872,Unmarried
872,Wife
11749,Not-in-family
11749,Unmarried
9153,Husband
9153,Not-in-family
9153,Other-relative
9153,Own-child
9153,Unmarried
9153,Wife
10187,Husband
10187,Not-in-family
10187,Other-relative
10187,Own-child
10187,Unmarried
10187,Wife
1459,Husband
1459,Not-in-family
1459,Other-relative
1459,Own-child
1459,Unmarried
1459,Wife
29849,Husband
29849,Not-in-family
29849,Other-relative
29849,Own-child
29849,Unmarried
29849,Wife
45682,Not-in-family
45682,Unmarried
30988,Not-in-family
30988,Unmarried
20373,Husband
20373,Not-in-family
20373,Other-relative
20373,Own-child
20373,Unmarried
20373,Wife
9830,Husband
9830,Not-in-family
9830,Other-relative
9830,Own-child
9830,Unmarried
9830,Wife
23830,Husband
23830,Not-in-family
23830,Other-relative
23830,Own-child
23830,Unmarried
23830,Wife
22492,Husband
22492,Other-relative
22492,Own-child
22492,Wife
15578,Husband
15578,Not-in-family
15578,Other-relative
15578,Own-child
15578,Unmarried
15578,Wife
27800,Husband
27800,Other-relative
27800,Own-child
27800,Wife
43377,Not-in-family
43377,Unmarried
35948,Not-in-family
35948,Unmarried
25136,Not-in-family
25136,Unmarried
12247,Husband
12247,Not-in-family
12247,Other-relative
12247,Own-child
12247,Unmarried
12247,Wife
39195,Not-in-family
39195,Unmarried
43470,Husband
43470,Not-in-family
43470,Other-relative
43470,Own-child
43470,Unmarried
43470,Wife
34409,Husband
34409,Not-in-family
34409,Other-relative
34409,Own-child
34409,Unmarried
34409,Wife
35380,Husband
35380,Not-in-family
35380,Other-relative
35380,Own-child
35380,Unmarried
35380,Wife
19277,Husband
19277,Not-in-family
19277,Other-relative
19277,Own-child
19277,Unmarried
19277,Wife
36731,Husband
36731,Not-in-family
36731,Other-relative
36731,Own-child
36731,Unmarried
36731,Wife
46789,Not-in-family
46789,Unmarried
28266,Husband
28266,Not-in-family
28266,Other-relative
28266,Own-child
28266,Unmarried
28266,Wife
45784,Husband
45784,Other-relative
45784,Own-child
45784,Wife
33070,Husband
33070,Not-in-family
33070,Other-relative
33070,Own-child
33070,Unmarried
33070,Wife
27289,Husband
27289,Other-relative
27289,Own-child
27289,Wife
17611,Husband
17611,Not-in-family
17611,Other-relative
17611,Own-child
17611,Unmarried
17611,Wife
38587,Not-in-family
38587,Unmarried
6612,Not-in-family
6612,Unmarried
8512,Husband
8512,Not-in-family
8512,Other-relative
8512,Own-child
8512,Unmarried
8512,Wife
7549,Husband
7549,Not-in-family
7549,Other-relative
7549,Own-child
7549,Unmarried
7549,Wife
15954,Husband
15954,Not-in-family
15954,Other-relative
15954,Own-child
15954,Unmarried
15954,Wife
13911,Husband
13911,Not-in-family
13911,Other-relative
13911,Own-child
13911,Unmarried
13911,Wife
7022,Husband
7022,Not-in-family
7022,Other-relative
7022,Own-child
7022,Unmarried
7022,Wife
37019,Husband
37019,Other-relative
37019,Own-child
37019,Wife
38536,Husband
38536,Not-in-family
38536,Other-relative
38536,Own-child
38536,Unmarried
38536,Wife
24426,Husband
24426,Not-in-family
24426,Other-relative
24426,Own-child
24426,Unmarried
24426,Wife
39540,Husband
39540,Not-in-family
39540,Other-relative
39540,Own-child
39540,Unmarried
39540,Wife
8567,Husband
8567,Other-relative
8567,Own-child
8567,Wife
41866,Husband
41866,Not-in-family
41866,Other-relative
41866,Own-child
41866,Unmarried
41866,Wife
7158,Husband
7158,Other-relative
7158,Own-child
7158,Wife
37574,Husband
37574,Not-in-family
37574,Other-relative
37574,Own-child
37574,Unmarried
37574,Wife
9114,Husband
9114,Other-relative
9114,Own-child
9114,Wife
2128,Husband
2128,Other-relative
2128,Own-child
2128,Wife
24788,Husband
24788,Not-in-family
24788,Other-relative
24788,Own-child
24788,Unmarried
24788,Wife
21763,Husband
21763,Other-relative
21763,Own-child
21763,Wife
32820,Not-in-family
32820,Unmarried
26089,Husband
26089,Not-in-family
26089,Other-relative
26089,Own-child
26089,Unmarried
26089,Wife
25894,Husband
25894,Not-in-family
25894,Other-relative
25894,Own-child
25894,Unmarried
25894,Wife
38495,Husband
38495,Not-in-family
38495,Other-relative
38495,Own-child
38495,Unmarried
38495,Wife
38380,Husband
38380,Not-in-family
38380,Other-relative
38380,Own-child
38380,Unmarried
38380,Wife
36056,Husband
36056,Other-relative
36056,Own-child
36056,Wife
38052,Not-in-family
38052,Unmarried
1227,Husband
1227,Other-relative
1227,Own-child
1227,Wife
6484,Husband
6484,Other-relative
6484,Own-child
6484,Wife
11510,Husband
11510,Not-in-family
11510,Other-relative
11510,Own-child
11510,Unmarried
11510,Wife
42409,Not-in-family
42409,Unmarried
11206,Not-in-family
11206,Unmarried
23344,Husband
23344,Other-relative
23344,Own-child
23344,Wife
24415,Husband
24415,Not-in-family
24415,Other-relative
24415,Own-child
24415,Unmarried
24415,Wife
31845,Husband
31845,Not-in-family
31845,Other-relative
31845,Own-child
31845,Unmarried
31845,Wife
28033,Husband
28033,Not-in-family
28033,Other-relative
28033,Own-child
28033,Unmarried
28033,Wife
6716,Husband
6716,Other-relative
6716,Own-child
6716,Wife
41965,Husband
41965,Not-in-family
41965,Other-relative
41965,Own-child
41965,Unmarried
41965,Wife
4293,Husband
4293,Not-in-family
4293,Other-relative
4293,Own-child
4293,Unmarried
4293,Wife
31570,Husband
31570,Not-in-family
31570,Other-relative
31570,Own-child
31570,Unmarried
31570,Wife
4290,Husband
4290,Not-in-family
4290,Other-relative
4290,Own-child
4290,Unmarried
4290,Wife
36039,Husband
36039,Not-in-family
36039,Other-relative
36039,Own-child
36039,Unmarried
36039,Wife
19860,Husband
19860,Not-in-family
19860,Other-relative
19860,Own-child
19860,Unmarried
19860,Wife
22571,Husband
22571,Other-relative
22571,Own-child
22571,Wife
28496,Husband
28496,Not-in-family
28496,Other-relative
28496,Own-child
28496,Unmarried
28496,Wife
36254,Husband
36254,Other-relative
36254,Own-child
36254,Wife
17161,Husband
17161,Not-in-family
17161,Other-relative
17161,Own-child
17161,Unmarried
17161,Wife
4965,Husband
4965,Not-in-family
4965,Other-relative
4965,Own-child
4965,Unmarried
4965,Wife
26669,Not-in-family
26669,Unmarried
33669,Husband
33669,Not-in-family
33669,Other-relative
33669,Own-child
33669,Unmarried
33669,Wife
31091,Husband
31091,Other-relative
31091,Own-child
31091,Wife
44890,Husband
44890,Not-in-family
44890,Other-relative
44890,Own-child
44890,Unmarried
44890,Wife
32061,Husband
32061,Not-in-family
32061,Other-relative
32061,Own-child
32061,Unmarried
32061,Wife
33907,Husband
33907,Not-in-family
33907,Other-relative
33907,Own-child
33907,Unmarried
33907,Wife
295,Husband
295,Not-in-family
295,Other-relative
295,Own-child
295,Unmarried
295,Wife
24344,Not-in-family
24344,Unmarried
38866,Husband
38866,Other-relative
38866,Own-child
38866,Wife
45957,Husband
45957,Not-in-family
45957,Other-relative
45957,Own-child
45957,Unmarried
45957,Wife
44522,Not-in-family
44522,Unmarried
9176,Husband
9176,Other-relative
9176,Own-child
9176,Wife
37576,Husband
37576,Other-relative
37576,Own-child
37576,Wife
14702,Husband
14702,Not-in-family
14702,Other-relative
14702,Own-child
14702,Unmarried
14702,Wife
22625,Husband
22625,Not-in-family
22625,Other-relative
22625,Own-child
22625,Unmarried
22625,Wife
29745,Husband
29745,Not-in-family
29745,Other-relative
29745,Own-child
29745,Unmarried
29745,Wife
28931,Husband
28931,Not-in-family
28931,Other-relative
28931,Own-child
28931,Unmarried
28931,Wife
43960,Husband
43960,Not-in-family
43960,Other-relative
43960,Own-child
43960,Unmarried
43960,Wife
36396,Husband
36396,Not-in-family
36396,Other-relative
36396,Own-child
36396,Unmarried
36396,Wife
20296,Husband
20296,Not-in-family
20296,Other-relative
20296,Own-child
20296,Unmarried
20296,Wife
29758,Husband
29758,Not-in-family
29758,Other-relative
29758,Own-child
29758,Unmarried
29758,Wife
25049,Husband
25049,Other-relative
25049,Own-child
25049,Wife
32928,Husband
32928,Not-in-family
32928,Other-relative
32928,Own-child
32928,Unmarried
32928,Wife
20028,Husband
20028,Not-in-family
20028,Other-relative
20028,Own-child
20028,Unmarried
20028,Wife
25453,Husband
25453,Not-in-family
25453,Other-relative
25453,Own-child
25453,Unmarried
25453,Wife
45743,Husband
45743,Not-in-family
45743,Other-relative
45743,Own-child
45743,Unmarried
45743,Wife
15771,Husband
15771,Not-in-family
15771,Other-relative
15771,Own-child
15771,Unmarried
15771,Wife
9782,Husband
9782,Not-in-family
9782,Other-relative
9782,Own-child
9782,Unmarried
9782,Wife
17139,Not-in-family
17139,Unmarried
78,Husband
78,Other-relative
78,Own-child
78,Wife
7034,Husband
7034,Not-in-family
7034,Other-relative
7034,Own-child
7034,Unmarried
7034,Wife
47227,Husband
47227,Other-relative
47227,Own-child
47227,Wife
4507,Husband
4507,Other-relative
4507,Own-child
4507,Wife
2324,Husband
2324,Other-relative
2324,Own-child
2324,Wife
25904,Husband
25904,Other-relative
25904,Own-child
25904,Wife
38319,Not-in-family
38319,Unmarried
37415,Husband
37415,Other-relative
37415,Own-child
37415,Wife
32493,Husband
32493,Not-in-family
32493,Other-relative
32493,Own-child
32493,Unmarried
32493,Wife
38181,Husband
38181,Other-relative
38181,Own-child
38181,Wife
40953,Husband
40953,Not-in-family
40953,Other-relative
40953,Own-child
40953,Unmarried
40953,Wife
33529,Husband
33529,Not-in-family
33529,Other-relative
33529,Own-child
33529,Unmarried
33529,Wife
15057,Not-in-family
15057,Unmarried
1453,Husband
1453,Other-relative
1453,Own-child
1453,Wife
33160,Husband
33160,Other-relative
33160,Own-child
33160,Wife
31787,Not-in-family
31787,Unmarried
31455,Husband
31455,Other-relative
31455,Own-child
31455,Wife
1516,Husband
1516,Not-in-family
1516,Other-relative
1516,Own-child
1516,Unmarried
1516,Wife
36195,Husband
36195,Other-relative
36195,Own-child
36195,Wife
26236,Husband
26236,Not-in-family
26236,Other-relative
26236,Own-child
26236,Unmarried
26236,Wife
34282,Husband
34282,Other-relative
34282,Own-child
34282,Wife
23718,Not-in-family
23718,Unmarried
37690,Husband
37690,Not-in-family
37690,Other-relative
37690,Own-child
37690,Unmarried
37690,Wife
19761,Husband
19761,Other-relative
19761,Own-child
19761,Wife
7267,Husband
7267,Not-in-family
7267,Other-relative
7267,Own-child
7267,Unmarried
7267,Wife
10721,Husband
10721,Not-in-family
10721,Other-relative
10721,Own-child
10721,Unmarried
10721,Wife
20843,Not-in-family
20843,Unmarried
10355,Husband
10355,Not-in-family
10355,Other-relative
10355,Own-child
10355,Unmarried
10355,Wife
47224,Husband
47224,Not-in-family
47224,Other-relative
47224,Own-child
47224,Unmarried
47224,Wife
836,Not-in-family
836,Unmarried
37436,Husband
37436,Not-in-family
37436,Other-relative
37436,Own-child
37436,Unmarried
37436,Wife
6069,Not-in-family
6069,Unmarried
44690,Husband
44690,Not-in-family
44690,Other-relative
44690,Own-child
44690,Unmarried
44690,Wife
36315,Husband
36315,Other-relative
36315,Own-child
36315,Wife
44804,Not-in-family
44804,Unmarried
48335,Husband
48335,Not-in-family
48335,Other-relative
48335,Own-child
48335,Unmarried
48335,Wife
40684,Not-in-family
40684,Unmarried
22896,Husband
22896,Other-relative
22896,Own-child
22896,Wife
19637,Not-in-family
19637,Unmarried
29804,Husband
29804,Not-in-family
29804,Other-relative
29804,Own-child
29804,Unmarried
29804,Wife
6940,Not-in-family
6940,Unmarried
4644,Husband
4644,Not-in-family
4644,Other-relative
4644,Own-child
4644,Unmarried
4644,Wife
42927,Husband
42927,Other-relative
42927,Own-child
42927,Wife
38606,Husband
38606,Other-relative
38606,Own-child
38606,Wife
1555,Husband
1555,Not-in-family
1555,Other-relative
1555,Own-child
1555,Unmarried
1555,Wife
34394,Not-in-family
34394,Unmarried
25253,Husband
25253,Not-in-family
25253,Other-relative
25253,Own-child
25253,Unmarried
25253,Wife
35346,Husband
35346,Other-relative
35346,Own-child
35346,Wife
27654,Husband
27654,Not-in-family
27654,Other-relative
27654,Own-child
27654,Unmarried
27654,Wife
7135,Husband
7135,Not-in-family
7135,Other-relative
7135,Own-child
7135,Unmarried
7135,Wife
24304,Husband
24304,Not-in-family
24304,Other-relative
24304,Own-child
24304,Unmarried
24304,Wife
10756,Husband
10756,Not-in-family
10756,Other-relative
10756,Own-child
10756,Unmarried
10756,Wife
10921,Husband
10921,Other-relative
10921,Own-child
10921,Wife
39427,Husband
39427,Other-relative
39427,Own-child
39427,Wife
28707,Husband
28707,Not-in-family
28707,Other-relative
28707,Own-child
28707,Unmarried
28707,Wife
3641,Husband
3641,Not-in-family
3641,Other-relative
3641,Own-child
3641,Unmarried
3641,Wife
12015,Husband
12015,Other-relative
12015,Own-child
12015,Wife
45446,Not-in-family
45446,Unmarried
1301,Husband
1301,Not-in-family
1301,Other-relative
1301,Own-child
1301,Unmarried
1301,Wife
1225,Husband
1225,Not-in-family
1225,Other-relative
1225,Own-child
1225,Unmarried
1225,Wife
39306,Husband
39306,Not-in-family
39306,Other-relative
39306,Own-child
39306,Unmarried
39306,Wife
3879,Husband
3879,Not-in-family
3879,Other-relative
3879,Own-child
3879,Unmarried
3879,Wife
19170,Not-in-family
19170,Unmarried
30106,Husband
30106,Not-in-family
30106,Other-relative
30106,Own-child
30106,Unmarried
30106,Wife
11401,Husband
11401,Not-in-family
11401,Other-relative
11401,Own-child
11401,Unmarried
11401,Wife
45667,Husband
45667,Other-relative
45667,Own-child
45667,Wife
30101,Husband
30101,Not-in-family
30101,Other-relative
30101,Own-child
30101,Unmarried
30101,Wife
43695,Not-in-family
43695,Unmarried
32930,Husband
32930,Not-in-family
32930,Other-relative
32930,Own-child
32930,Unmarried
32930,Wife
48110,Not-in-family
48110,Unmarried
9669,Husband
9669,Other-relative
9669,Own-child
9669,Wife
14239,Husband
14239,Other-relative
14239,Own-child
14239,Wife
38823,Husband
38823,Not-in-family
38823,Other-relative
38823,Own-child
38823,Unmarried
38823,Wife
44547,Husband
44547,Not-in-family
44547,Other-relative
44547,Own-child
44547,Unmarried
44547,Wife
14425,Husband
14425,Not-in-family
14425,Other-relative
14425,Own-child
14425,Unmarried
14425,Wife
4586,Not-in-family
4586,Unmarried
25582,Husband
25582,Not-in-family
25582,Other-relative
25582,Own-child
25582,Unmarried
25582,Wife
48299,Husband
48299,Not-in-family
48299,Other-relative
48299,Own-child
48299,Unmarried
48299,Wife
38509,Not-in-family
38509,Unmarried
45762,Husband
45762,Not-in-family
45762,Other-relative
45762,Own-child
45762,Unmarried
45762,Wife
8549,Not-in-family
8549,Unmarried
22681,Husband
22681,Not-in-family
22681,Other-relative
22681,Own-child
22681,Unmarried
22681,Wife
12933,Husband
12933,Not-in-family
12933,Other-relative
12933,Own-child
12933,Unmarried
12933,Wife
27856,Husband
27856,Not-in-family
27856,Other-relative
27856,Own-child
27856,Unmarried
27856,Wife
30467,Husband
30467,Not-in-family
30467,Other-relative
30467,Own-child
30467,Unmarried
30467,Wife
314,Husband
314,Not-in-family
314,Other-relative
314,Own-child
314,Unmarried
314,Wife
8127,Husband
8127,Not-in-family
8127,Other-relative
8127,Own-child
8127,Unmarried
8127,Wife
42570,Husband
42570,Other-relative
42570,Own-child
42570,Wife
30807,Husband
30807,Other-relative
30807,Own-child
30807,Wife
44040,Husband
44040,Other-relative
44040,Own-child
44040,Wife
41747,Husband
41747,Other-relative
41747,Own-child
41747,Wife
17601,Husband
17601,Other-relative
17601,Own-child
17601,Wife
41156,Husband
41156,Not-in-family
41156,Other-relative
41156,Own-child
41156,Unmarried
41156,Wife
42267,Husband
42267,Other-relative
42267,Own-child
42267,Wife
8519,Husband
8519,Other-relative
8519,Own-child
8519,Wife
8839,Not-in-family
8839,Unmarried
47518,Husband
47518,Other-relative
47518,Own-child
47518,Wife
2162,Husband
2162,Not-in-family
2162,Other-relative
2162,Own-child
2162,Unmarried
2162,Wife
43948,Husband
43948,Other-relative
43948,Own-child
43948,Wife
15765,Husband
15765,Other-relative
15765,Own-child
15765,Wife
889,Not-in-family
889,Unmarried
10891,Husband
10891,Other-relative
10891,Own-child
10891,Wife
6416,Husband
6416,Not-in-family
6416,Other-relative
6416,Own-child
6416,Unmarried
6416,Wife
13094,Not-in-family
13094,Unmarried
7831,Husband
7831,Not-in-family
7831,Other-relative
7831,Own-child
7831,Unmarried
7831,Wife
47584,Husband
47584,Not-in-family
47584,Other-relative
47584,Own-child
47584,Unmarried
47584,Wife
3366,Husband
3366,Other-relative
3366,Own-child
3366,Wife
463,Husband
463,Not-in-family
463,Other-relative
463,Own-child
463,Unmarried
463,Wife
35568,Husband
35568,Not-in-family
35568,Other-relative
35568,Own-child
35568,Unmarried
35568,Wife
42268,Husband
42268,Other-relative
42268,Own-child
42268,Wife
12868,Not-in-family
12868,Unmarried
29238,Not-in-family
29238,Unmarried
29994,Husband
29994,Not-in-family
29994,Other-relative
29994,Own-child
29994,Unmarried
29994,Wife
3064,Husband
3064,Not-in-family
3064,Other-relative
3064,Own-child
3064,Unmarried
3064,Wife
36410,Husband
36410,Other-relative
36410,Own-child
36410,Wife
24136,Husband
24136,Other-relative
24136,Own-child
24136,Wife
43738,Husband
43738,Other-relative
43738,Own-child
43738,Wife
27683,Husband
27683,Not-in-family
27683,Other-relative
27683,Own-child
27683,Unmarried
27683,Wife
31665,Husband
31665,Not-in-family
31665,Other-relative
31665,Own-child
31665,Unmarried
31665,Wife
3139,Husband
3139,Other-relative
3139,Own-child
3139,Wife
28878,Husband
28878,Not-in-family
28878,Other-relative
28878,Own-child
28878,Unmarried
28878,Wife
47390,Husband
47390,Not-in-family
47390,Other-relative
47390,Own-child
47390,Unmarried
47390,Wife
38405,Husband
38405,Not-in-family
38405,Other-relative
38405,Own-child
38405,Unmarried
38405,Wife
8489,Husband
8489,Not-in-family
8489,Other-relative
8489,Own-child
8489,Unmarried
8489,Wife
21283,Husband
21283,Other-relative
21283,Own-child
21283,Wife
19083,Husband
19083,Not-in-family
19083,Other-relative
19083,Own-child
19083,Unmarried
19083,Wife
37839,Husband
37839,Not-in-family
37839,Other-relative
37839,Own-child
37839,Unmarried
37839,Wife
44200,Husband
44200,Not-in-family
44200,Other-relative
44200,Own-child
44200,Unmarried
44200,Wife
5165,Husband
5165,Not-in-family
5165,Other-relative
5165,Own-child
5165,Unmarried
5165,Wife
42581,Husband
42581,Other-relative
42581,Own-child
42581,Wife
42498,Husband
42498,Other-relative
42498,Own-child
42498,Wife
47827,Not-in-family
47827,Unmarried
23200,Husband
23200,Other-relative
23200,Own-child
23200,Wife
7574,Husband
7574,Not-in-family
7574,Other-relative
7574,Own-child
7574,Unmarried
7574,Wife
46663,Husband
46663,Other-relative
46663,Own-child
46663,Wife
33321,Not-in-family
33321,Unmarried
17019,Husband
17019,Other-relative
17019,Own-child
17019,Wife
16084,Husband
16084,Other-relative
16084,Own-child
16084,Wife
9053,Husband
9053,Not-in-family
9053,Other-relative
9053,Own-child
9053,Unmarried
9053,Wife
36562,Husband
36562,Not-in-family
36562,Other-relative
36562,Own-child
36562,Unmarried
36562,Wife
33437,Not-in-family
33437,Unmarried
19574,Husband
19574,Other-relative
19574,Own-child
19574,Wife
1342,Not-in-family
1342,Unmarried
38525,Husband
38525,Not-in-family
38525,Other-relative
38525,Own-child
38525,Unmarried
38525,Wife
31085,Husband
31085,Not-in-family
31085,Other-relative
31085,Own-child
31085,Unmarried
31085,Wife
14057,Husband
14057,Not-in-family
14057,Other-relative
14057,Own-child
14057,Unmarried
14057,Wife
11156,Not-in-family
11156,Unmarried
12034,Husband
12034,Not-in-family
12034,Other-relative
12034,Own-child
12034,Unmarried
12034,Wife
24437,Husband
24437,Not-in-family
24437,Other-relative
24437,Own-child
24437,Unmarried
24437,Wife
34834,Husband
34834,Not-in-family
34834,Other-relative
34834,Own-child
34834,Unmarried
34834,Wife
33674,Husband
33674,Other-relative
33674,Own-child
33674,Wife
9046,Husband
9046,Not-in-family
9046,Other-relative
9046,Own-child
9046,Unmarried
9046,Wife
18812,Husband
18812,Not-in-family
18812,Other-relative
18812,Own-child
18812,Unmarried
18812,Wife
10002,Husband
10002,Other-relative
10002,Own-child
10002,Wife
8120,Husband
8120,Not-in-family
8120,Other-relative
8120,Own-child
8120,Unmarried
8120,Wife
47044,Husband
47044,Not-in-family
47044,Other-relative
47044,Own-child
47044,Unmarried
47044,Wife
45457,Husband
45457,Other-relative
45457,Own-child
45457,Wife
23580,Husband
23580,Not-in-family
23580,Other-relative
23580,Own-child
23580,Unmarried
23580,Wife
9671,Husband
9671,Other-relative
9671,Own-child
9671,Wife
18262,Husband
18262,Not-in-family
18262,Other-relative
18262,Own-child
18262,Unmarried
18262,Wife
43065,Husband
43065,Other-relative
43065,Own-child
43065,Wife
284,Husband
284,Not-in-family
284,Other-relative
284,Own-child
284,Unmarried
284,Wife
34930,Husband
34930,Other-relative
34930,Own-child
34930,Wife
28565,Not-in-family
28565,Unmarried
27969,Husband
27969,Not-in-family
27969,Other-relative
27969,Own-child
27969,Unmarried
27969,Wife
18083,Not-in-family
18083,Unmarried
19590,Husband
19590,Not-in-family
19590,Other-relative
19590,Own-child
19590,Unmarried
19590,Wife
47338,Husband
47338,Other-relative
47338,Own-child
47338,Wife
47961,Husband
47961,Other-relative
47961,Own-child
47961,Wife
8179,Husband
8179,Not-in-family
8179,Other-relative
8179,Own-child
8179,Unmarried
8179,Wife
11125,Husband
11125,Not-in-family
11125,Other-relative
11125,Own-child
11125,Unmarried
11125,Wife
26355,Husband
26355,Not-in-family
26355,Other-relative
26355,Own-child
26355,Unmarried
26355,Wife
33222,Husband
33222,Not-in-family
33222,Other-relative
33222,Own-child
33222,Unmarried
33222,Wife
8256,Husband
8256,Other-relative
8256,Own-child
8256,Wife
9438,Not-in-family
9438,Unmarried
44576,Husband
44576,Not-in-family
44576,Other-relative
44576,Own-child
44576,Unmarried
44576,Wife
22769,Husband
22769,Other-relative
22769,Own-child
22769,Wife
44031,Husband
44031,Other-relative
44031,Own-child
44031,Wife
29011,Husband
29011,Not-in-family
29011,Other-relative
29011,Own-child
29011,Unmarried
29011,Wife
13138,Husband
13138,Not-in-family
13138,Other-relative
13138,Own-child
13138,Unmarried
13138,Wife
2931,Not-in-family
2931,Unmarried
39098,Not-in-family
39098,Unmarried
20792,Husband
20792,Not-in-family
20792,Other-relative
20792,Own-child
20792,Unmarried
20792,Wife
47720,Husband
47720,Not-in-family
47720,Other-relative
47720,Own-child
47720,Unmarried
47720,Wife
47261,Husband
47261,Other-relative
47261,Own-child
47261,Wife
28217,Not-in-family
28217,Unmarried
12265,Husband
12265,Not-in-family
12265,Other-relative
12265,Own-child
12265,Unmarried
12265,Wife
20575,Husband
20575,Other-relative
20575,Own-child
20575,Wife
17111,Not-in-family
17111,Unmarried
29831,Husband
29831,Other-relative
29831,Own-child
29831,Wife
42367,Not-in-family
42367,Unmarried
1654,Husband
1654,Not-in-family
1654,Other-relative
1654,Own-child
1654,Unmarried
1654,Wife
3208,Husband
3208,Not-in-family
3208,Other-relative
3208,Own-child
3208,Unmarried
3208,Wife
11388,Husband
11388,Other-relative
11388,Own-child
11388,Wife
37071,Not-in-family
37071,Unmarried
5140,Husband
5140,Other-relative
5140,Own-child
5140,Wife
290,Husband
290,Other-relative
290,Own-child
290,Wife
7863,Not-in-family
7863,Unmarried
26019,Husband
26019,Not-in-family
26019,Other-relative
26019,Own-child
26019,Unmarried
26019,Wife
20518,Husband
20518,Other-relative
20518,Own-child
20518,Wife
47509,Husband
47509,Not-in-family
47509,Other-relative
47509,Own-child
47509,Unmarried
47509,Wife
22213,Not-in-family
22213,Unmarried
20259,Husband
20259,Not-in-family
20259,Other-relative
20259,Own-child
20259,Unmarried
20259,Wife
13372,Husband
13372,Other-relative
13372,Own-child
13372,Wife
10677,Husband
10677,Other-relative
10677,Own-child
10677,Wife
17401,Husband
17401,Other-relative
17401,Own-child
17401,Wife
3094,Husband
3094,Not-in-family
3094,Other-relative
3094,Own-child
3094,Unmarried
3094,Wife
14634,Husband
14634,Not-in-family
14634,Other-relative
14634,Own-child
14634,Unmarried
14634,Wife
1243,Husband
1243,Not-in-family
1243,Other-relative
1243,Own-child
1243,Unmarried
1243,Wife
43406,Husband
43406,Not-in-family
43406,Other-relative
43406,Own-child
43406,Unmarried
43406,Wife
43207,Husband
43207,Not-in-family
43207,Other-relative
43207,Own-child
43207,Unmarried
43207,Wife
11497,Husband
11497,Not-in-family
11497,Other-relative
11497,Own-child
11497,Unmarried
11497,Wife
46092,Husband
46092,Not-in-family
46092,Other-relative
46092,Own-child
46092,Unmarried
46092,Wife
10438,Husband
10438,Not-in-family
10438,Other-relative
10438,Own-child
10438,Unmarried
10438,Wife
47193,Husband
47193,Not-in-family
47193,Other-relative
47193,Own-child
47193,Unmarried
47193,Wife
29181,Husband
29181,Other-relative
29181,Own-child
29181,Wife
38050,Husband
38050,Not-in-family
38050,Other-relative
38050,Own-child
38050,Unmarried
38050,Wife
17840,Husband
17840,Other-relative
17840,Own-child
17840,Wife
38537,Husband
38537,Not-in-family
38537,Other-relative
38537,Own-child
38537,Unmarried
38537,Wife
2680,Husband
2680,Other-relative
2680,Own-child
2680,Wife
43582,Husband
43582,Not-in-family
43582,Other-relative
43582,Own-child
43582,Unmarried
43582,Wife
45262,Not-in-family
45262,Unmarried
10598,Not-in-family
10598,Unmarried
18981,Husband
18981,Other-relative
18981,Own-child
18981,Wife
5913,Husband
5913,Not-in-family
5913,Other-relative
5913,Own-child
5913,Unmarried
5913,Wife
26934,Not-in-family
26934,Unmarried
24104,Husband
24104,Other-relative
24104,Own-child
24104,Wife
17335,Husband
17335,Other-relative
17335,Own-child
17335,Wife
46365,Husband
46365,Not-in-family
46365,Other-relative
46365,Own-child
46365,Unmarried
46365,Wife
29442,Husband
29442,Not-in-family
29442,Other-relative
29442,Own-child
29442,Unmarried
29442,Wife
23798,Husband
23798,Other-relative
23798,Own-child
23798,Wife
29907,Husband
29907,Not-in-family
29907,Other-relative
29907,Own-child
29907,Unmarried
29907,Wife
47926,Not-in-family
47926,Unmarried
16726,Husband
16726,Not-in-family
16726,Other-relative
16726,Own-child
16726,Unmarried
16726,Wife
7203,Husband
7203,Other-relative
7203,Own-child
7203,Wife
16550,Husband
16550,Not-in-family
16550,Other-relative
16550,Own-child
16550,Unmarried
16550,Wife
20865,Husband
20865,Other-relative
20865,Own-child
20865,Wife
32139,Husband
32139,Not-in-family
32139,Other-relative
32139,Own-child
32139,Unmarried
32139,Wife
5195,Husband
5195,Not-in-family
5195,Other-relative
5195,Own-child
5195,Unmarried
5195,Wife
19112,Husband
19112,Not-in-family
19112,Other-relative
19112,Own-child
19112,Unmarried
19112,Wife
23528,Husband
23528,Not-in-family
23528,Other-relative
23528,Own-child
23528,Unmarried
23528,Wife
8399,Husband
8399,Not-in-family
8399,Other-relative
8399,Own-child
8399,Unmarried
8399,Wife
40698,Husband
40698,Not-in-family
40698,Other-relative
40698,Own-child
40698,Unmarried
40698,Wife
15961,Husband
15961,Other-relative
15961,Own-child
15961,Wife
11980,Husband
11980,Not-in-family
11980,Other-relative
11980,Own-child
11980,Unmarried
11980,Wife
3213,Husband
3213,Not-in-family
3213,Other-relative
3213,Own-child
3213,Unmarried
3213,Wife
4275,Husband
4275,Not-in-family
4275,Other-relative
4275,Own-child
4275,Unmarried
4275,Wife
24534,Husband
24534,Not-in-family
24534,Other-relative
24534,Own-child
24534,Unmarried
24534,Wife
8994,Husband
8994,Not-in-family
8994,Other-relative
8994,Own-child
8994,Unmarried
8994,Wife
44995,Husband
44995,Not-in-family
44995,Other-relative
44995,Own-child
44995,Unmarried
44995,Wife
19648,Husband
19648,Not-in-family
19648,Other-relative
19648,Own-child
19648,Unmarried
19648,Wife
18325,Husband
18325,Not-in-family
18325,Other-relative
18325,Own-child
18325,Unmarried
18325,Wife
21162,Not-in-family
21162,Unmarried
24069,Husband
24069,Other-relative
24069,Own-child
24069,Wife
44567,Not-in-family
44567,Unmarried
22787,Husband
22787,Other-relative
22787,Own-child
22787,Wife
36342,Husband
36342,Not-in-family
36342,Other-relative
36342,Own-child
36342,Unmarried
36342,Wife
40669,Not-in-family
40669,Unmarried
5604,Husband
5604,Other-relative
5604,Own-child
5604,Wife
39591,Husband
39591,Not-in-family
39591,Other-relative
39591,Own-child
39591,Unmarried
39591,Wife
43850,Husband
43850,Not-in-family
43850,Other-relative
43850,Own-child
43850,Unmarried
43850,Wife
41285,Not-in-family
41285,Unmarried
38337,Not-in-family
38337,Unmarried
7093,Husband
7093,Other-relative
7093,Own-child
7093,Wife
14358,Husband
14358,Not-in-family
14358,Other-relative
14358,Own-child
14358,Unmarried
14358,Wife
26615,Husband
26615,Other-relative
26615,Own-child
26615,Wife
36787,Husband
36787,Not-in-family
36787,Other-relative
36787,Own-child
36787,Unmarried
36787,Wife
10323,Husband
10323,Not-in-family
10323,Other-relative
10323,Own-child
10323,Unmarried
10323,Wife
10059,Husband
10059,Other-relative
10059,Own-child
10059,Wife
23556,Husband
23556,Not-in-family
23556,Other-relative
23556,Own-child
23556,Unmarried
23556,Wife
8859,Husband
8859,Not-in-family
8859,Other-relative
8859,Own-child
8859,Unmarried
8859,Wife
44490,Husband
44490,Other-relative
44490,Own-child
44490,Wife
37102,Husband
37102,Other-relative
37102,Own-child
37102,Wife
39789,Husband
39789,Not-in-family
39789,Other-relative
39789,Own-child
39789,Unmarried
39789,Wife
15690,Husband
15690,Not-in-family
15690,Other-relative
15690,Own-child
15690,Unmarried
15690,Wife
42949,Husband
42949,Other-relative
42949,Own-child
42949,Wife
28146,Husband
28146,Not-in-family
28146,Other-relative
28146,Own-child
28146,Unmarried
28146,Wife
19518,Husband
19518,Not-in-family
19518,Other-relative
19518,Own-child
19518,Unmarried
19518,Wife
16080,Husband
16080,Not-in-family
16080,Other-relative
16080,Own-child
16080,Unmarried
16080,Wife
18818,Husband
18818,Not-in-family
18818,Other-relative
18818,Own-child
18818,Unmarried
18818,Wife
21449,Husband
21449,Not-in-family
21449,Other-relative
21449,Own-child
21449,Unmarried
21449,Wife
28498,Husband
28498,Other-relative
28498,Own-child
28498,Wife
6240,Husband
6240,Other-relative
6240,Own-child
6240,Wife
14580,Husband
14580,Not-in-family
14580,Other-relative
14580,Own-child
14580,Unmarried
14580,Wife
14494,Husband
14494,Not-in-family
14494,Other-relative
14494,Own-child
14494,Unmarried
14494,Wife
14446,Husband
14446,Not-in-family
14446,Other-relative
14446,Own-child
14446,Unmarried
14446,Wife
21893,Not-in-family
21893,Unmarried
5695,Husband
5695,Not-in-family
5695,Other-relative
5695,Own-child
5695,Unmarried
5695,Wife
32688,Husband
32688,Not-in-family
32688,Other-relative
32688,Own-child
32688,Unmarried
32688,Wife
29568,Not-in-family
29568,Unmarried
11863,Husband
11863,Other-relative
11863,Own-child
11863,Wife
15545,Not-in-family
15545,Unmarried
38025,Husband
38025,Not-in-family
38025,Other-relative
38025,Own-child
38025,Unmarried
38025,Wife
29933,Husband
29933,Not-in-family
29933,Other-relative
29933,Own-child
29933,Unmarried
29933,Wife
143,Husband
143,Not-in-family
143,Other-relative
143,Own-child
143,Unmarried
143,Wife
29878,Husband
29878,Other-relative
29878,Own-child
29878,Wife
22395,Husband
22395,Other-relative
22395,Own-child
22395,Wife
7273,Husband
7273,Not-in-family
7273,Other-relative
7273,Own-child
7273,Unmarried
7273,Wife
14693,Husband
14693,Not-in-family
14693,Other-relative
14693,Own-child
14693,Unmarried
14693,Wife
33271,Husband
33271,Other-relative
33271,Own-child
33271,Wife
41681,Husband
41681,Not-in-family
41681,Other-relative
41681,Own-child
41681,Unmarried
41681,Wife
677,Husband
677,Other-relative
677,Own-child
677,Wife
41894,Husband
41894,Not-in-family
41894,Other-relative
41894,Own-child
41894,Unmarried
41894,Wife
44357,Husband
44357,Other-relative
44357,Own-child
44357,Wife
30572,Husband
30572,Not-in-family
30572,Other-relative
30572,Own-child
30572,Unmarried
30572,Wife
9417,Husband
9417,Other-relative
9417,Own-child
9417,Wife
4796,Husband
4796,Other-relative
4796,Own-child
4796,Wife
11630,Husband
11630,Not-in-family
11630,Other-relative
11630,Own-child
11630,Unmarried
11630,Wife
44088,Husband
44088,Not-in-family
44088,Other-relative
44088,Own-child
44088,Unmarried
44088,Wife
46126,Not-in-family
46126,Unmarried
31530,Husband
31530,Other-relative
31530,Own-child
31530,Wife
19673,Husband
19673,Not-in-family
19673,Other-relative
19673,Own-child
19673,Unmarried
19673,Wife
39847,Husband
39847,Other-relative
39847,Own-child
39847,Wife
27756,Not-in-family
27756,Unmarried
12268,Husband
12268,Not-in-family
12268,Other-relative
12268,Own-child
12268,Unmarried
12268,Wife
43949,Husband
43949,Not-in-family
43949,Other-relative
43949,Own-child
43949,Unmarried
43949,Wife
8423,Husband
8423,Other-relative
8423,Own-child
8423,Wife
28454,Husband
28454,Other-relative
28454,Own-child
28454,Wife
48601,Husband
48601,Other-relative
48601,Own-child
48601,Wife
8167,Not-in-family
8167,Unmarried
35089,Not-in-family
35089,Unmarried
4130,Not-in-family
4130,Unmarried
10542,Husband
10542,Not-in-family
10542,Other-relative
10542,Own-child
10542,Unmarried
10542,Wife
31489,Husband
31489,Not-in-family
31489,Other-relative
31489,Own-child
31489,Unmarried
31489,Wife
47258,Not-in-family
47258,Unmarried
11533,Husband
11533,Other-relative
11533,Own-child
11533,Wife
43716,Husband
43716,Other-relative
43716,Own-child
43716,Wife
7356,Not-in-family
7356,Unmarried
22979,Husband
22979,Not-in-family
22979,Other-relative
22979,Own-child
22979,Unmarried
22979,Wife
10317,Not-in-family
10317,Unmarried
10354,Husband
10354,Not-in-family
10354,Other-relative
10354,Own-child
10354,Unmarried
10354,Wife
32826,Husband
32826,Not-in-family
32826,Other-relative
32826,Own-child
32826,Unmarried
32826,Wife
16295,Husband
16295,Not-in-family
16295,Other-relative
16295,Own-child
16295,Unmarried
16295,Wife
1718,Husband
1718,Other-relative
1718,Own-child
1718,Wife
27020,Husband
27020,Not-in-family
27020,Other-relative
27020,Own-child
27020,Unmarried
27020,Wife
26180,Husband
26180,Other-relative
26180,Own-child
26180,Wife
2067,Husband
2067,Not-in-family
2067,Other-relative
2067,Own-child
2067,Unmarried
2067,Wife
20214,Husband
20214,Not-in-family
20214,Other-relative
20214,Own-child
20214,Unmarried
20214,Wife
3985,Husband
3985,Not-in-family
3985,Other-relative
3985,Own-child
3985,Unmarried
3985,Wife
26933,Husband
26933,Other-relative
26933,Own-child
26933,Wife
48756,Husband
48756,Other-relative
48756,Own-child
48756,Wife
9236,Not-in-family
9236,Unmarried
39016,Husband
39016,Not-in-family
39016,Other-relative
39016,Own-child
39016,Unmarried
39016,Wife
10470,Husband
10470,Not-in-family
10470,Other-relative
10470,Own-child
10470,Unmarried
10470,Wife
30515,Husband
30515,Other-relative
30515,Own-child
30515,Wife
26861,Husband
26861,Not-in-family
26861,Other-relative
26861,Own-child
26861,Unmarried
26861,Wife
29232,Husband
29232,Not-in-family
29232,Other-relative
29232,Own-child
29232,Unmarried
29232,Wife
33283,Husband
33283,Not-in-family
33283,Other-relative
33283,Own-child
33283,Unmarried
33283,Wife
19343,Husband
19343,Other-relative
19343,Own-child
19343,Wife
6387,Husband
6387,Not-in-family
6387,Other-relative
6387,Own-child
6387,Unmarried
6387,Wife
19252,Husband
19252,Other-relative
19252,Own-child
19252,Wife
37582,Husband
37582,Other-relative
37582,Own-child
37582,Wife
27344,Husband
27344,Not-in-family
27344,Other-relative
27344,Own-child
27344,Unmarried
27344,Wife
3184,Not-in-family
3184,Unmarried
40934,Husband
40934,Other-relative
40934,Own-child
40934,Wife
12563,Husband
12563,Not-in-family
12563,Other-relative
12563,Own-child
12563,Unmarried
12563,Wife
8628,Husband
8628,Not-in-family
8628,Other-relative
8628,Own-child
8628,Unmarried
8628,Wife
11293,Husband
11293,Not-in-family
11293,Other-relative
11293,Own-child
11293,Unmarried
11293,Wife
16344,Husband
16344,Not-in-family
16344,Other-relative
16344,Own-child
16344,Unmarried
16344,Wife
29276,Not-in-family
29276,Unmarried
18766,Husband
18766,Other-relative
18766,Own-child
18766,Wife
27363,Not-in-family
27363,Unmarried
37128,Husband
37128,Not-in-family
37128,Other-relative
37128,Own-child
37128,Unmarried
37128,Wife
24209,Husband
24209,Not-in-family
24209,Other-relative
24209,Own-child
24209,Unmarried
24209,Wife
4178,Husband
4178,Other-relative
4178,Own-child
4178,Wife
1537,Husband
1537,Not-in-family
1537,Other-relative
1537,Own-child
1537,Unmarried
1537,Wife
23679,Husband
23679,Other-relative
23679,Own-child
23679,Wife
6589,Husband
6589,Other-relative
6589,Own-child
6589,Wife
18011,Not-in-family
18011,Unmarried
22340,Husband
22340,Other-relative
22340,Own-child
22340,Wife
15278,Husband
15278,Other-relative
15278,Own-child
15278,Wife
89,Husband
89,Not-in-family
89,Other-relative
89,Own-child
89,Unmarried
89,Wife
17890,Husband
17890,Other-relative
17890,Own-child
17890,Wife
41606,Husband
41606,Not-in-family
41606,Other-relative
41606,Own-child
41606,Unmarried
41606,Wife
27436,Not-in-family
27436,Unmarried
38490,Not-in-family
38490,Unmarried
17904,Husband
17904,Other-relative
17904,Own-child
17904,Wife
11464,Husband
11464,Not-in-family
11464,Other-relative
11464,Own-child
11464,Unmarried
11464,Wife
34511,Husband
34511,Other-relative
34511,Own-child
34511,Wife
39187,Husband
39187,Other-relative
39187,Own-child
39187,Wife
16632,Not-in-family
16632,Unmarried
47365,Husband
47365,Not-in-family
47365,Other-relative
47365,Own-child
47365,Unmarried
47365,Wife
2006,Husband
2006,Not-in-family
2006,Other-relative
2006,Own-child
2006,Unmarried
2006,Wife
48586,Not-in-family
48586,Unmarried
5577,Husband
5577,Other-relative
5577,Own-child
5577,Wife
42080,Husband
42080,Not-in-family
42080,Other-relative
42080,Own-child
42080,Unmarried
42080,Wife
3832,Husband
3832,Other-relative
3832,Own-child
3832,Wife
18126,Not-in-family
18126,Unmarried
33369,Husband
33369,Not-in-family
33369,Other-relative
33369,Own-child
33369,Unmarried
33369,Wife
40399,Husband
40399,Not-in-family
40399,Other-relative
40399,Own-child
40399,Unmarried
40399,Wife
48747,Husband
48747,Not-in-family
48747,Other-relative
48747,Own-child
48747,Unmarried
48747,Wife
23450,Husband
23450,Not-in-family
23450,Other-relative
23450,Own-child
23450,Unmarried
23450,Wife
35261,Husband
35261,Not-in-family
35261,Other-relative
35261,Own-child
35261,Unmarried
35261,Wife
11790,Husband
11790,Other-relative
11790,Own-child
11790,Wife
27583,Husband
27583,Not-in-family
27583,Other-relative
27583,Own-child
27583,Unmarried
27583,Wife
16033,Husband
16033,Not-in-family
16033,Other-relative
16033,Own-child
16033,Unmarried
16033,Wife
40327,Husband
40327,Other-relative
40327,Own-child
40327,Wife
32684,Husband
32684,Not-in-family
32684,Other-relative
32684,Own-child
32684,Unmarried
32684,Wife
480,Husband
480,Not-in-family
480,Other-relative
480,Own-child
480,Unmarried
480,Wife
37527,Not-in-family
37527,Unmarried
34229,Husband
34229,Not-in-family
34229,Other-relative
34229,Own-child
34229,Unmarried
34229,Wife
3476,Husband
3476,Other-relative
3476,Own-child
3476,Wife
26215,Husband
26215,Other-relative
26215,Own-child
26215,Wife
43934,Husband
43934,Not-in-family
43934,Other-relative
43934,Own-child
43934,Unmarried
43934,Wife
12182,Husband
12182,Other-relative
12182,Own-child
12182,Wife
35685,Husband
35685,Other-relative
35685,Own-child
35685,Wife
47923,Husband
47923,Other-relative
47923,Own-child
47923,Wife
32152,Husband
32152,Not-in-family
32152,Other-relative
32152,Own-child
32152,Unmarried
32152,Wife
48249,Husband
48249,Other-relative
48249,Own-child
48249,Wife
21754,Husband
21754,Not-in-family
21754,Other-relative
21754,Own-child
21754,Unmarried
21754,Wife
22809,Not-in-family
22809,Unmarried
9066,Husband
9066,Not-in-family
9066,Other-relative
9066,Own-child
9066,Unmarried
9066,Wife
36147,Husband
36147,Other-relative
36147,Own-child
36147,Wife
46318,Husband
46318,Not-in-family
46318,Other-relative
46318,Own-child
46318,Unmarried
46318,Wife
22560,Husband
22560,Other-relative
22560,Own-child
22560,Wife
42521,Husband
42521,Not-in-family
42521,Other-relative
42521,Own-child
42521,Unmarried
42521,Wife
33935,Husband
33935,Not-in-family
33935,Other-relative
33935,Own-child
33935,Unmarried
33935,Wife
44144,Husband
44144,Other-relative
44144,Own-child
44144,Wife
18087,Husband
18087,Other-relative
18087,Own-child
18087,Wife
45520,Husband
45520,Other-relative
45520,Own-child
45520,Wife
14313,Not-in-family
14313,Unmarried
31417,Husband
31417,Not-in-family
31417,Other-relative
31417,Own-child
31417,Unmarried
31417,Wife
11878,Husband
11878,Other-relative
11878,Own-child
11878,Wife
28038,Husband
28038,Not-in-family
28038,Other-relative
28038,Own-child
28038,Unmarried
28038,Wife
6433,Husband
6433,Not-in-family
6433,Other-relative
6433,Own-child
6433,Unmarried
6433,Wife
47506,Husband
47506,Not-in-family
47506,Other-relative
47506,Own-child
47506,Unmarried
47506,Wife
40116,Not-in-family
40116,Unmarried
32818,Husband
32818,Not-in-family
32818,Other-relative
32818,Own-child
32818,Unmarried
32818,Wife
22697,Husband
22697,Other-relative
22697,Own-child
22697,Wife
15226,Not-in-family
15226,Unmarried
3659,Husband
3659,Not-in-family
3659,Other-relative
3659,Own-child
3659,Unmarried
3659,Wife
48389,Husband
48389,Other-relative
48389,Own-child
48389,Wife
1484,Husband
1484,Other-relative
1484,Own-child
1484,Wife
14569,Husband
14569,Not-in-family
14569,Other-relative
14569,Own-child
14569,Unmarried
14569,Wife
22717,Husband
22717,Other-relative
22717,Own-child
22717,Wife
3542,Not-in-family
3542,Unmarried
27645,Husband
27645,Other-relative
27645,Own-child
27645,Wife
6710,Husband
6710,Not-in-family
6710,Other-relative
6710,Own-child
6710,Unmarried
6710,Wife
5339,Not-in-family
5339,Unmarried
29449,Husband
29449,Other-relative
29449,Own-child
29449,Wife
26911,Husband
26911,Not-in-family
26911,Other-relative
26911,Own-child
26911,Unmarried
26911,Wife
42374,Husband
42374,Other-relative
42374,Own-child
42374,Wife
37391,Husband
37391,Not-in-family
37391,Other-relative
37391,Own-child
37391,Unmarried
37391,Wife
18307,Not-in-family
18307,Unmarried
33838,Husband
33838,Other-relative
33838,Own-child
33838,Wife
10724,Not-in-family
10724,Unmarried
25333,Husband
25333,Not-in-family
25333,Other-relative
25333,Own-child
25333,Unmarried
25333,Wife
44300,Husband
44300,Not-in-family
44300,Other-relative
44300,Own-child
44300,Unmarried
44300,Wife
5439,Husband
5439,Other-relative
5439,Own-child
5439,Wife
15354,Husband
15354,Other-relative
15354,Own-child
15354,Wife
13160,Not-in-family
13160,Unmarried
23249,Husband
23249,Other-relative
23249,Own-child
23249,Wife
1834,Husband
1834,Not-in-family
1834,Other-relative
1834,Own-child
1834,Unmarried
1834,Wife
21841,Not-in-family
21841,Unmarried
47136,Husband
47136,Not-in-family
47136,Other-relative
47136,Own-child
47136,Unmarried
47136,Wife
48668,Husband
48668,Not-in-family
48668,Other-relative
48668,Own-child
48668,Unmarried
48668,Wife
19077,Not-in-family
19077,Unmarried
27979,Husband
27979,Other-relative
27979,Own-child
27979,Wife
5653,Husband
5653,Not-in-family
5653,Other-relative
5653,Own-child
5653,Unmarried
5653,Wife
34172,Husband
34172,Not-in-family
34172,Other-relative
34172,Own-child
34172,Unmarried
34172,Wife
16360,Husband
16360,Other-relative
16360,Own-child
16360,Wife
34089,Husband
34089,Not-in-family
34089,Other-relative
34089,Own-child
34089,Unmarried
34089,Wife
3625,Husband
3625,Not-in-family
3625,Other-relative
3625,Own-child
3625,Unmarried
3625,Wife
14644,Husband
14644,Other-relative
14644,Own-child
14644,Wife
36071,Husband
36071,Other-relative
36071,Own-child
36071,Wife
10726,Husband
10726,Other-relative
10726,Own-child
10726,Wife
42097,Not-in-family
42097,Unmarried
1766,Husband
1766,Not-in-family
1766,Other-relative
1766,Own-child
1766,Unmarried
1766,Wife
21357,Husband
21357,Not-in-family
21357,Other-relative
21357,Own-child
21357,Unmarried
21357,Wife
32136,Not-in-family
32136,Unmarried
16068,Not-in-family
16068,Unmarried
29141,Husband
29141,Other-relative
29141,Own-child
29141,Wife
39826,Husband
39826,Not-in-family
39826,Other-relative
39826,Own-child
39826,Unmarried
39826,Wife
5773,Husband
5773,Not-in-family
5773,Other-relative
5773,Own-child
5773,Unmarried
5773,Wife
12530,Husband
12530,Other-relative
12530,Own-child
12530,Wife
19726,Husband
19726,Not-in-family
19726,Other-relative
19726,Own-child
19726,Unmarried
19726,Wife
12963,Husband
12963,Not-in-family
12963,Other-relative
12963,Own-child
12963,Unmarried
12963,Wife
41431,Husband
41431,Not-in-family
41431,Other-relative
41431,Own-child
41431,Unmarried
41431,Wife
11751,Not-in-family
11751,Unmarried
13287,Husband
13287,Other-relative
13287,Own-child
13287,Wife
32694,Husband
32694,Other-relative
32694,Own-child
32694,Wife
46738,Husband
46738,Other-relative
46738,Own-child
46738,Wife
47574,Husband
47574,Other-relative
47574,Own-child
47574,Wife
4572,Not-in-family
4572,Unmarried
35235,Husband
35235,Not-in-family
35235,Other-relative
35235,Own-child
35235,Unmarried
35235,Wife
16111,Husband
16111,Not-in-family
16111,Other-relative
16111,Own-child
16111,Unmarried
16111,Wife
22490,Husband
22490,Other-relative
22490,Own-child
22490,Wife
11971,Husband
11971,Not-in-family
11971,Other-relative
11971,Own-child
11971,Unmarried
11971,Wife
46917,Husband
46917,Not-in-family
46917,Other-relative
46917,Own-child
46917,Unmarried
46917,Wife
22550,Husband
22550,Not-in-family
22550,Other-relative
22550,Own-child
22550,Unmarried
22550,Wife
41002,Husband
41002,Other-relative
41002,Own-child
41002,Wife
10736,Husband
10736,Not-in-family
10736,Other-relative
10736,Own-child
10736,Unmarried
10736,Wife
11285,Husband
11285,Not-in-family
11285,Other-relative
11285,Own-child
11285,Unmarried
11285,Wife
5396,Husband
5396,Not-in-family
5396,Other-relative
5396,Own-child
5396,Unmarried
5396,Wife
32390,Husband
32390,Not-in-family
32390,Other-relative
32390,Own-child
32390,Unmarried
32390,Wife
34045,Husband
34045,Other-relative
34045,Own-child
34045,Wife
12999,Husband
12999,Other-relative
12999,Own-child
12999,Wife
40160,Husband
40160,Not-in-family
40160,Other-relative
40160,Own-child
40160,Unmarried
40160,Wife
2076,Not-in-family
2076,Unmarried
29545,Husband
29545,Other-relative
29545,Own-child
29545,Wife
11365,Husband
11365,Not-in-family
11365,Other-relative
11365,Own-child
11365,Unmarried
11365,Wife
1261,Husband
1261,Other-relative
1261,Own-child
1261,Wife
4896,Not-in-family
4896,Unmarried
46646,Husband
46646,Not-in-family
46646,Other-relative
46646,Own-child
46646,Unmarried
46646,Wife
17704,Not-in-family
17704,Unmarried
2375,Not-in-family
2375,Unmarried
15239,Husband
15239,Other-relative
15239,Own-child
15239,Wife
2,Husband
2,Not-in-family
2,Other-relative
2,Own-child
2,Unmarried
2,Wife
39333,Not-in-family
39333,Unmarried
8983,Husband
8983,Not-in-family
8983,Other-relative
8983,Own-child
8983,Unmarried
8983,Wife
29898,Husband
29898,Not-in-family
29898,Other-relative
29898,Own-child
29898,Unmarried
29898,Wife
34886,Husband
34886,Not-in-family
34886,Other-relative
34886,Own-child
34886,Unmarried
34886,Wife
30126,Husband
30126,Not-in-family
30126,Other-relative
30126,Own-child
30126,Unmarried
30126,Wife
35363,Husband
35363,Not-in-family
35363,Other-relative
35363,Own-child
35363,Unmarried
35363,Wife
8747,Husband
8747,Other-relative
8747,Own-child
8747,Wife
20742,Husband
20742,Other-relative
20742,Own-child
20742,Wife
27343,Husband
27343,Not-in-family
27343,Other-relative
27343,Own-child
27343,Unmarried
27343,Wife
45395,Not-in-family
45395,Unmarried
24550,Not-in-family
24550,Unmarried
39043,Husband
39043,Other-relative
39043,Own-child
39043,Wife
14497,Husband
14497,Not-in-family
14497,Other-relative
14497,Own-child
14497,Unmarried
14497,Wife
6391,Husband
6391,Other-relative
6391,Own-child
6391,Wife
19367,Husband
19367,Not-in-family
19367,Other-relative
19367,Own-child
19367,Unmarried
19367,Wife
38476,Husband
38476,Not-in-family
38476,Other-relative
38476,Own-child
38476,Unmarried
38476,Wife
46571,Husband
46571,Other-relative
46571,Own-child
46571,Wife
8112,Husband
8112,Not-in-family
8112,Other-relative
8112,Own-child
8112,Unmarried
8112,Wife
611,Not-in-family
611,Unmarried
37245,Husband
37245,Not-in-family
37245,Other-relative
37245,Own-child
37245,Unmarried
37245,Wife
5395,Not-in-family
5395,Unmarried
23418,Husband
23418,Not-in-family
23418,Other-relative
23418,Own-child
23418,Unmarried
23418,Wife
12570,Husband
12570,Not-in-family
12570,Other-relative
12570,Own-child
12570,Unmarried
12570,Wife
3472,Husband
3472,Other-relative
3472,Own-child
3472,Wife
27105,Husband
27105,Not-in-family
27105,Other-relative
27105,Own-child
27105,Unmarried
27105,Wife
10256,Husband
10256,Not-in-family
10256,Other-relative
10256,Own-child
10256,Unmarried
10256,Wife
39956,Husband
39956,Other-relative
39956,Own-child
39956,Wife
4085,Husband
4085,Not-in-family
4085,Other-relative
4085,Own-child
4085,Unmarried
4085,Wife
32962,Husband
32962,Other-relative
32962,Own-child
32962,Wife
16867,Husband
16867,Other-relative
16867,Own-child
16867,Wife
14391,Husband
14391,Not-in-family
14391,Other-relative
14391,Own-child
14391,Unmarried
14391,Wife
22302,Husband
22302,Other-relative
22302,Own-child
22302,Wife
7197,Not-in-family
7197,Unmarried
43348,Husband
43348,Not-in-family
43348,Other-relative
43348,Own-child
43348,Unmarried
43348,Wife
10448,Husband
10448,Not-in-family
10448,Other-relative
10448,Own-child
10448,Unmarried
10448,Wife
22249,Husband
22249,Other-relative
22249,Own-child
22249,Wife
11989,Husband
11989,Not-in-family
11989,Other-relative
11989,Own-child
11989,Unmarried
11989,Wife
44543,Husband
44543,Not-in-family
44543,Other-relative
44543,Own-child
44543,Unmarried
44543,Wife
44407,Husband
44407,Other-relative
44407,Own-child
44407,Wife
41649,Husband
41649,Other-relative
41649,Own-child
41649,Wife
30506,Husband
30506,Not-in-family
30506,Other-relative
30506,Own-child
30506,Unmarried
30506,Wife
24315,Husband
24315,Not-in-family
24315,Other-relative
24315,Own-child
24315,Unmarried
24315,Wife
36399,Husband
36399,Other-relative
36399,Own-child
36399,Wife
20955,Not-in-family
20955,Unmarried
21881,Husband
21881,Not-in-family
21881,Other-relative
21881,Own-child
21881,Unmarried
21881,Wife
20283,Husband
20283,Other-relative
20283,Own-child
20283,Wife
7783,Husband
7783,Other-relative
7783,Own-child
7783,Wife
6233,Husband
6233,Not-in-family
6233,Other-relative
6233,Own-child
6233,Unmarried
6233,Wife
48569,Husband
48569,Other-relative
48569,Own-child
48569,Wife
24329,Husband
24329,Not-in-family
24329,Other-relative
24329,Own-child
24329,Unmarried
24329,Wife
3205,Not-in-family
3205,Unmarried
33629,Husband
33629,Other-relative
33629,Own-child
33629,Wife
41687,Not-in-family
41687,Unmarried
9499,Husband
9499,Other-relative
9499,Own-child
9499,Wife
12799,Not-in-family
12799,Unmarried
27487,Husband
27487,Other-relative
27487,Own-child
27487,Wife
2373,Husband
2373,Other-relative
2373,Own-child
2373,Wife
11999,Husband
11999,Other-relative
11999,Own-child
11999,Wife
26277,Husband
26277,Other-relative
26277,Own-child
26277,Wife
36685,Husband
36685,Other-relative
36685,Own-child
36685,Wife
24105,Husband
24105,Not-in-family
24105,Other-relative
24105,Own-child
24105,Unmarried
24105,Wife
16955,Not-in-family
16955,Unmarried
16683,Husband
16683,Not-in-family
16683,Other-relative
16683,Own-child
16683,Unmarried
16683,Wife
47381,Husband
47381,Other-relative
47381,Own-child
47381,Wife
17886,Husband
17886,Other-relative
17886,Own-child
17886,Wife
45870,Husband
45870,Not-in-family
45870,Other-relative
45870,Own-child
45870,Unmarried
45870,Wife
27079,Husband
27079,Other-relative
27079,Own-child
27079,Wife
36971,Husband
36971,Other-relative
36971,Own-child
36971,Wife
44029,Husband
44029,Other-relative
44029,Own-child
44029,Wife
12879,Not-in-family
12879,Unmarried
40969,Husband
40969,Other-relative
40969,Own-child
40969,Wife
18833,Husband
18833,Not-in-family
18833,Other-relative
18833,Own-child
18833,Unmarried
18833,Wife
32931,Husband
32931,Not-in-family
32931,Other-relative
32931,Own-child
32931,Unmarried
32931,Wife
15334,Husband
15334,Not-in-family
15334,Other-relative
15334,Own-child
15334,Unmarried
15334,Wife
18814,Husband
18814,Other-relative
18814,Own-child
18814,Wife
46184,Not-in-family
46184,Unmarried
10324,Not-in-family
10324,Unmarried
19315,Not-in-family
19315,Unmarried
24713,Husband
24713,Other-relative
24713,Own-child
24713,Wife
1029,Not-in-family
1029,Unmarried
24302,Husband
24302,Not-in-family
24302,Other-relative
24302,Own-child
24302,Unmarried
24302,Wife
13361,Husband
13361,Not-in-family
13361,Other-relative
13361,Own-child
13361,Unmarried
13361,Wife
36836,Husband
36836,Other-relative
36836,Own-child
36836,Wife
37039,Husband
37039,Not-in-family
37039,Other-relative
37039,Own-child
37039,Unmarried
37039,Wife
30326,Husband
30326,Other-relative
30326,Own-child
30326,Wife
40989,Husband
40989,Not-in-family
40989,Other-relative
40989,Own-child
40989,Unmarried
40989,Wife
24966,Husband
24966,Not-in-family
24966,Other-relative
24966,Own-child
24966,Unmarried
24966,Wife
27160,Husband
27160,Other-relative
27160,Own-child
27160,Wife
27170,Not-in-family
27170,Unmarried
40984,Husband
40984,Other-relative
40984,Own-child
40984,Wife
11094,Not-in-family
11094,Unmarried
15563,Husband
15563,Not-in-family
15563,Other-relative
15563,Own-child
15563,Unmarried
15563,Wife
9124,Husband
9124,Not-in-family
9124,Other-relative
9124,Own-child
9124,Unmarried
9124,Wife
37249,Husband
37249,Not-in-family
37249,Other-relative
37249,Own-child
37249,Unmarried
37249,Wife
19219,Husband
19219,Other-relative
19219,Own-child
19219,Wife
2779,Not-in-family
2779,Unmarried
39575,Husband
39575,Not-in-family
39575,Other-relative
39575,Own-child
39575,Unmarried
39575,Wife
40414,Not-in-family
40414,Unmarried
23699,Husband
23699,Not-in-family
23699,Other-relative
23699,Own-child
23699,Unmarried
23699,Wife
38303,Husband
38303,Not-in-family
38303,Other-relative
38303,Own-child
38303,Unmarried
38303,Wife
19013,Husband
19013,Other-relative
19013,Own-child
19013,Wife
34091,Not-in-family
34091,Unmarried
34181,Husband
34181,Not-in-family
34181,Other-relative
34181,Own-child
34181,Unmarried
34181,Wife
22723,Husband
22723,Not-in-family
22723,Other-relative
22723,Own-child
22723,Unmarried
22723,Wife
48211,Husband
48211,Not-in-family
48211,Other-relative
48211,Own-child
48211,Unmarried
48211,Wife
7668,Not-in-family
7668,Unmarried
11051,Husband
11051,Not-in-family
11051,Other-relative
11051,Own-child
11051,Unmarried
11051,Wife
32548,Not-in-family
32548,Unmarried
24683,Husband
24683,Other-relative
24683,Own-child
24683,Wife
10201,Husband
10201,Other-relative
10201,Own-child
10201,Wife
5001,Husband
5001,Other-relative
5001,Own-child
5001,Wife
26261,Husband
26261,Other-relative
26261,Own-child
26261,Wife
4588,Husband
4588,Other-relative
4588,Own-child
4588,Wife
40799,Husband
40799,Not-in-family
40799,Other-relative
40799,Own-child
40799,Unmarried
40799,Wife
30635,Husband
30635,Not-in-family
30635,Other-relative
30635,Own-child
30635,Unmarried
30635,Wife
9042,Husband
9042,Not-in-family
9042,Other-relative
9042,Own-child
9042,Unmarried
9042,Wife
34356,Husband
34356,Other-relative
34356,Own-child
34356,Wife
25941,Not-in-family
25941,Unmarried
17933,Husband
17933,Not-in-family
17933,Other-relative
17933,Own-child
17933,Unmarried
17933,Wife
7543,Not-in-family
7543,Unmarried
12566,Husband
12566,Other-relative
12566,Own-child
12566,Wife
39780,Not-in-family
39780,Unmarried
12855,Husband
12855,Other-relative
12855,Own-child
12855,Wife
27757,Husband
27757,Not-in-family
27757,Other-relative
27757,Own-child
27757,Unmarried
27757,Wife
35046,Husband
35046,Other-relative
35046,Own-child
35046,Wife
10379,Husband
10379,Not-in-family
10379,Other-relative
10379,Own-child
10379,Unmarried
10379,Wife
19449,Not-in-family
19449,Unmarried
45115,Not-in-family
45115,Unmarried
7814,Husband
7814,Not-in-family
7814,Other-relative
7814,Own-child
7814,Unmarried
7814,Wife
41777,Husband
41777,Other-relative
41777,Own-child
41777,Wife
27496,Husband
27496,Other-relative
27496,Own-child
27496,Wife
35886,Husband
35886,Other-relative
35886,Own-child
35886,Wife
41193,Husband
41193,Not-in-family
41193,Other-relative
41193,Own-child
41193,Unmarried
41193,Wife
11118,Not-in-family
11118,Unmarried
44701,Husband
44701,Not-in-family
44701,Other-relative
44701,Own-child
44701,Unmarried
44701,Wife
39231,Husband
39231,Other-relative
39231,Own-child
39231,Wife
40754,Husband
40754,Not-in-family
40754,Other-relative
40754,Own-child
40754,Unmarried
40754,Wife
45572,Husband
45572,Not-in-family
45572,Other-relative
45572,Own-child
45572,Unmarried
45572,Wife
21667,Husband
21667,Other-relative
21667,Own-child
21667,Wife
16831,Husband
16831,Other-relative
16831,Own-child
16831,Wife
13151,Husband
13151,Not-in-family
13151,Other-relative
13151,Own-child
13151,Unmarried
13151,Wife
37049,Husband
37049,Not-in-family
37049,Other-relative
37049,Own-child
37049,Unmarried
37049,Wife
46101,Husband
46101,Not-in-family
46101,Other-relative
46101,Own-child
46101,Unmarried
46101,Wife
13003,Husband
13003,Not-in-family
13003,Other-relative
13003,Own-child
13003,Unmarried
13003,Wife
16073,Husband
16073,Not-in-family
16073,Other-relative
16073,Own-child
16073,Unmarried
16073,Wife
39307,Husband
39307,Not-in-family
39307,Other-relative
39307,Own-child
39307,Unmarried
39307,Wife
11467,Husband
11467,Not-in-family
11467,Other-relative
11467,Own-child
11467,Unmarried
11467,Wife
3001,Husband
3001,Not-in-family
3001,Other-relative
3001,Own-child
3001,Unmarried
3001,Wife
19582,Husband
19582,Other-relative
19582,Own-child
19582,Wife
9772,Husband
9772,Not-in-family
9772,Other-relative
9772,Own-child
9772,Unmarried
9772,Wife
38869,Husband
38869,Not-in-family
38869,Other-relative
38869,Own-child
38869,Unmarried
38869,Wife
29109,Husband
29109,Not-in-family
29109,Other-relative
29109,Own-child
29109,Unmarried
29109,Wife
6677,Husband
6677,Other-relative
6677,Own-child
6677,Wife
11763,Husband
11763,Not-in-family
11763,Other-relative
11763,Own-child
11763,Unmarried
11763,Wife
43168,Not-in-family
43168,Unmarried
21611,Husband
21611,Not-in-family
21611,Other-relative
21611,Own-child
21611,Unmarried
21611,Wife
20221,Not-in-family
20221,Unmarried
47666,Husband
47666,Not-in-family
47666,Other-relative
47666,Own-child
47666,Unmarried
47666,Wife
39624,Husband
39624,Not-in-family
39624,Other-relative
39624,Own-child
39624,Unmarried
39624,Wife
31717,Not-in-family
31717,Unmarried
46559,Husband
46559,Not-in-family
46559,Other-relative
46559,Own-child
46559,Unmarried
46559,Wife
22754,Husband
22754,Not-in-family
22754,Other-relative
22754,Own-child
22754,Unmarried
22754,Wife
19696,Not-in-family
19696,Unmarried
10875,Husband
10875,Not-in-family
10875,Other-relative
10875,Own-child
10875,Unmarried
10875,Wife
34062,Husband
34062,Not-in-family
34062,Other-relative
34062,Own-child
34062,Unmarried
34062,Wife
43942,Husband
43942,Not-in-family
43942,Other-relative
43942,Own-child
43942,Unmarried
43942,Wife
7462,Husband
7462,Other-relative
7462,Own-child
7462,Wife
12395,Husband
12395,Not-in-family
12395,Other-relative
12395,Own-child
12395,Unmarried
12395,Wife
44973,Husband
44973,Not-in-family
44973,Other-relative
44973,Own-child
44973,Unmarried
44973,Wife
38484,Husband
38484,Not-in-family
38484,Other-relative
38484,Own-child
38484,Unmarried
38484,Wife
27816,Husband
27816,Other-relative
27816,Own-child
27816,Wife
8411,Husband
8411,Not-in-family
8411,Other-relative
8411,Own-child
8411,Unmarried
8411,Wife
35996,Husband
35996,Not-in-family
35996,Other-relative
35996,Own-child
35996,Unmarried
35996,Wife
12645,Husband
12645,Not-in-family
12645,Other-relative
12645,Own-child
12645,Unmarried
12645,Wife
45529,Husband
45529,Other-relative
45529,Own-child
45529,Wife
19679,Husband
19679,Other-relative
19679,Own-child
19679,Wife
34552,Husband
34552,Not-in-family
34552,Other-relative
34552,Own-child
34552,Unmarried
34552,Wife
48833,Husband
48833,Other-relative
48833,Own-child
48833,Wife
28976,Husband
28976,Not-in-family
28976,Other-relative
28976,Own-child
28976,Unmarried
28976,Wife
33533,Husband
33533,Other-relative
33533,Own-child
33533,Wife
41688,Husband
41688,Other-relative
41688,Own-child
41688,Wife
7283,Husband
7283,Not-in-family
7283,Other-relative
7283,Own-child
7283,Unmarried
7283,Wife
10822,Not-in-family
10822,Unmarried
5196,Husband
5196,Not-in-family
5196,Other-relative
5196,Own-child
5196,Unmarried
5196,Wife
24368,Not-in-family
24368,Unmarried
48322,Husband
48322,Not-in-family
48322,Other-relative
48322,Own-child
48322,Unmarried
48322,Wife
16842,Husband
16842,Other-relative
16842,Own-child
16842,Wife
46259,Husband
46259,Other-relative
46259,Own-child
46259,Wife
6246,Husband
6246,Not-in-family
6246,Other-relative
6246,Own-child
6246,Unmarried
6246,Wife
20774,Not-in-family
20774,Unmarried
10245,Husband
10245,Not-in-family
10245,Other-relative
10245,Own-child
10245,Unmarried
10245,Wife
47482,Husband
47482,Other-relative
47482,Own-child
47482,Wife
23243,Husband
23243,Not-in-family
23243,Other-relative
23243,Own-child
23243,Unmarried
23243,Wife
45154,Husband
45154,Not-in-family
45154,Other-relative
45154,Own-child
45154,Unmarried
45154,Wife
7218,Husband
7218,Not-in-family
7218,Other-relative
7218,Own-child
7218,Unmarried
7218,Wife
41548,Husband
41548,Other-relative
41548,Own-child
41548,Wife
9972,Husband
9972,Not-in-family
9972,Other-relative
9972,Own-child
9972,Unmarried
9972,Wife
47542,Not-in-family
47542,Unmarried
26242,Husband
26242,Not-in-family
26242,Other-relative
26242,Own-child
26242,Unmarried
26242,Wife
46844,Husband
46844,Other-relative
46844,Own-child
46844,Wife
46831,Not-in-family
46831,Unmarried
43923,Husband
43923,Not-in-family
43923,Other-relative
43923,Own-child
43923,Unmarried
43923,Wife
35353,Husband
35353,Not-in-family
35353,Other-relative
35353,Own-child
35353,Unmarried
35353,Wife
38254,Not-in-family
38254,Unmarried
28848,Not-in-family
28848,Unmarried
8382,Husband
8382,Not-in-family
8382,Other-relative
8382,Own-child
8382,Unmarried
8382,Wife
14803,Not-in-family
14803,Unmarried
12011,Husband
12011,Not-in-family
12011,Other-relative
12011,Own-child
12011,Unmarried
12011,Wife
40081,Husband
40081,Not-in-family
40081,Other-relative
40081,Own-child
40081,Unmarried
40081,Wife
42416,Husband
42416,Not-in-family
42416,Other-relative
42416,Own-child
42416,Unmarried
42416,Wife
1673,Husband
1673,Not-in-family
1673,Other-relative
1673,Own-child
1673,Unmarried
1673,Wife
37789,Husband
37789,Not-in-family
37789,Other-relative
37789,Own-child
37789,Unmarried
37789,Wife
383,Not-in-family
383,Unmarried
3807,Husband
3807,Not-in-family
3807,Other-relative
3807,Own-child
3807,Unmarried
3807,Wife
28186,Husband
28186,Other-relative
28186,Own-child
28186,Wife
40894,Husband
40894,Not-in-family
40894,Other-relative
40894,Own-child
40894,Unmarried
40894,Wife
23634,Husband
23634,Other-relative
23634,Own-child
23634,Wife
34674,Husband
34674,Other-relative
34674,Own-child
34674,Wife
20272,Husband
20272,Not-in-family
20272,Other-relative
20272,Own-child
20272,Unmarried
20272,Wife
16665,Husband
16665,Not-in-family
16665,Other-relative
16665,Own-child
16665,Unmarried
16665,Wife
39794,Husband
39794,Other-relative
39794,Own-child
39794,Wife
10587,Husband
10587,Not-in-family
10587,Other-relative
10587,Own-child
10587,Unmarried
10587,Wife
1241,Not-in-family
1241,Unmarried
40493,Husband
40493,Other-relative
40493,Own-child
40493,Wife
29936,Husband
29936,Not-in-family
29936,Other-relative
29936,Own-child
29936,Unmarried
29936,Wife
18990,Husband
18990,Other-relative
18990,Own-child
18990,Wife
5213,Husband
5213,Other-relative
5213,Own-child
5213,Wife
12964,Husband
12964,Not-in-family
12964,Other-relative
12964,Own-child
12964,Unmarried
12964,Wife
14319,Not-in-family
14319,Unmarried
36337,Husband
36337,Not-in-family
36337,Other-relative
36337,Own-child
36337,Unmarried
36337,Wife
33701,Husband
33701,Other-relative
33701,Own-child
33701,Wife
25587,Husband
25587,Other-relative
25587,Own-child
25587,Wife
3704,Husband
3704,Not-in-family
3704,Other-relative
3704,Own-child
3704,Unmarried
3704,Wife
21988,Husband
21988,Not-in-family
21988,Other-relative
21988,Own-child
21988,Unmarried
21988,Wife
44120,Not-in-family
44120,Unmarried
118,Husband
118,Other-relative
118,Own-child
118,Wife
4269,Husband
4269,Other-relative
4269,Own-child
4269,Wife
41403,Husband
41403,Not-in-family
41403,Other-relative
41403,Own-child
41403,Unmarried
41403,Wife
3870,Husband
3870,Other-relative
3870,Own-child
3870,Wife
3078,Husband
3078,Not-in-family
3078,Other-relative
3078,Own-child
3078,Unmarried
3078,Wife
3884,Husband
3884,Not-in-family
3884,Other-relative
3884,Own-child
3884,Unmarried
3884,Wife
4012,Husband
4012,Not-in-family
4012,Other-relative
4012,Own-child
4012,Unmarried
4012,Wife
4653,Husband
4653,Not-in-family
4653,Other-relative
4653,Own-child
4653,Unmarried
4653,Wife
19844,Husband
19844,Other-relative
19844,Own-child
19844,Wife
34768,Husband
34768,Other-relative
34768,Own-child
34768,Wife
25000,Not-in-family
25000,Unmarried
14099,Husband
14099,Not-in-family
14099,Other-relative
14099,Own-child
14099,Unmarried
14099,Wife
5002,Husband
5002,Other-relative
5002,Own-child
5002,Wife
33355,Husband
33355,Not-in-family
33355,Other-relative
33355,Own-child
33355,Unmarried
33355,Wife
34073,Husband
34073,Not-in-family
34073,Other-relative
34073,Own-child
34073,Unmarried
34073,Wife
33150,Husband
33150,Not-in-family
33150,Other-relative
33150,Own-child
33150,Unmarried
33150,Wife
38098,Husband
38098,Not-in-family
38098,Other-relative
38098,Own-child
38098,Unmarried
38098,Wife
19556,Husband
19556,Not-in-family
19556,Other-relative
19556,Own-child
19556,Unmarried
19556,Wife
25656,Not-in-family
25656,Unmarried
16631,Husband
16631,Other-relative
16631,Own-child
16631,Wife
21684,Husband
21684,Not-in-family
21684,Other-relative
21684,Own-child
21684,Unmarried
21684,Wife
35779,Husband
35779,Other-relative
35779,Own-child
35779,Wife
21486,Not-in-family
21486,Unmarried
9661,Husband
9661,Other-relative
9661,Own-child
9661,Wife
2345,Husband
2345,Not-in-family
2345,Other-relative
2345,Own-child
2345,Unmarried
2345,Wife
9268,Husband
9268,Not-in-family
9268,Other-relative
9268,Own-child
9268,Unmarried
9268,Wife
22941,Husband
22941,Other-relative
22941,Own-child
22941,Wife
11832,Not-in-family
11832,Unmarried
3313,Husband
3313,Not-in-family
3313,Other-relative
3313,Own-child
3313,Unmarried
3313,Wife
35184,Not-in-family
35184,Unmarried
1203,Not-in-family
1203,Unmarried
20668,Husband
20668,Not-in-family
20668,Other-relative
20668,Own-child
20668,Unmarried
20668,Wife
11703,Husband
11703,Not-in-family
11703,Other-relative
11703,Own-child
11703,Unmarried
11703,Wife
25097,Not-in-family
25097,Unmarried
9596,Not-in-family
9596,Unmarried
4974,Husband
4974,Other-relative
4974,Own-child
4974,Wife
16556,Husband
16556,Not-in-family
16556,Other-relative
16556,Own-child
16556,Unmarried
16556,Wife
25489,Not-in-family
25489,Unmarried
43600,Not-in-family
43600,Unmarried
21329,Husband
21329,Other-relative
21329,Own-child
21329,Wife
15890,Husband
15890,Other-relative
15890,Own-child
15890,Wife
28316,Not-in-family
28316,Unmarried
6659,Husband
6659,Other-relative
6659,Own-child
6659,Wife
7704,Husband
7704,Not-in-family
7704,Other-relative
7704,Own-child
7704,Unmarried
7704,Wife
25116,Not-in-family
25116,Unmarried
1182,Husband
1182,Not-in-family
1182,Other-relative
1182,Own-child
1182,Unmarried
1182,Wife
20805,Husband
20805,Not-in-family
20805,Other-relative
20805,Own-child
20805,Unmarried
20805,Wife
11975,Husband
11975,Other-relative
11975,Own-child
11975,Wife
15167,Husband
15167,Other-relative
15167,Own-child
15167,Wife
1383,Husband
1383,Other-relative
1383,Own-child
1383,Wife
29899,Husband
29899,Not-in-family
29899,Other-relative
29899,Own-child
29899,Unmarried
29899,Wife
29074,Not-in-family
29074,Unmarried
21877,Not-in-family
21877,Unmarried
37497,Not-in-family
37497,Unmarried
30819,Husband
30819,Not-in-family
30819,Other-relative
30819,Own-child
30819,Unmarried
30819,Wife
2681,Husband
2681,Not-in-family
2681,Other-relative
2681,Own-child
2681,Unmarried
2681,Wife
20793,Husband
20793,Other-relative
20793,Own-child
20793,Wife
3493,Husband
3493,Other-relative
3493,Own-child
3493,Wife
18855,Husband
18855,Not-in-family
18855,Other-relative
18855,Own-child
18855,Unmarried
18855,Wife
34525,Husband
34525,Not-in-family
34525,Other-relative
34525,Own-child
34525,Unmarried
34525,Wife
47246,Husband
47246,Other-relative
47246,Own-child
47246,Wife
25310,Husband
25310,Not-in-family
25310,Other-relative
25310,Own-child
25310,Unmarried
25310,Wife
37812,Husband
37812,Not-in-family
37812,Other-relative
37812,Own-child
37812,Unmarried
37812,Wife
29065,Husband
29065,Other-relative
29065,Own-child
29065,Wife
6502,Husband
6502,Not-in-family
6502,Other-relative
6502,Own-child
6502,Unmarried
6502,Wife
26414,Husband
26414,Not-in-family
26414,Other-relative
26414,Own-child
26414,Unmarried
26414,Wife
20421,Husband
20421,Not-in-family
20421,Other-relative
20421,Own-child
20421,Unmarried
20421,Wife
42070,Husband
42070,Not-in-family
42070,Other-relative
42070,Own-child
42070,Unmarried
42070,Wife
13822,Not-in-family
13822,Unmarried
7108,Husband
7108,Not-in-family
7108,Other-relative
7108,Own-child
7108,Unmarried
7108,Wife
21996,Husband
21996,Not-in-family
21996,Other-relative
21996,Own-child
21996,Unmarried
21996,Wife
48484,Husband
48484,Other-relative
48484,Own-child
48484,Wife
25820,Husband
25820,Not-in-family
25820,Other-relative
25820,Own-child
25820,Unmarried
25820,Wife
12745,Husband
12745,Other-relative
12745,Own-child
12745,Wife
35260,Husband
35260,Not-in-family
35260,Other-relative
35260,Own-child
35260,Unmarried
35260,Wife
37785,Husband
37785,Not-in-family
37785,Other-relative
37785,Own-child
37785,Unmarried
37785,Wife
45311,Husband
45311,Not-in-family
45311,Other-relative
45311,Own-child
45311,Unmarried
45311,Wife
5104,Not-in-family
5104,Unmarried
37317,Husband
37317,Not-in-family
37317,Other-relative
37317,Own-child
37317,Unmarried
37317,Wife
25315,Husband
25315,Other-relative
25315,Own-child
25315,Wife
37295,Not-in-family
37295,Unmarried
32349,Husband
32349,Not-in-family
32349,Other-relative
32349,Own-child
32349,Unmarried
32349,Wife
7376,Husband
7376,Other-relative
7376,Own-child
7376,Wife
31069,Husband
31069,Not-in-family
31069,Other-relative
31069,Own-child
31069,Unmarried
31069,Wife
30738,Husband
30738,Not-in-family
30738,Other-relative
30738,Own-child
30738,Unmarried
30738,Wife
22328,Husband
22328,Not-in-family
22328,Other-relative
22328,Own-child
22328,Unmarried
22328,Wife
2732,Not-in-family
2732,Unmarried
26461,Husband
26461,Other-relative
26461,Own-child
26461,Wife
20627,Husband
20627,Other-relative
20627,Own-child
20627,Wife
20177,Not-in-family
20177,Unmarried
46218,Husband
46218,Not-in-family
46218,Other-relative
46218,Own-child
46218,Unmarried
46218,Wife
14961,Husband
14961,Other-relative
14961,Own-child
14961,Wife
40368,Not-in-family
40368,Unmarried
7307,Husband
7307,Not-in-family
7307,Other-relative
7307,Own-child
7307,Unmarried
7307,Wife
18561,Husband
18561,Other-relative
18561,Own-child
18561,Wife
46052,Husband
46052,Other-relative
46052,Own-child
46052,Wife
24982,Husband
24982,Not-in-family
24982,Other-relative
24982,Own-child
24982,Unmarried
24982,Wife
35464,Husband
35464,Not-in-family
35464,Other-relative
35464,Own-child
35464,Unmarried
35464,Wife
12103,Not-in-family
12103,Unmarried
17880,Husband
17880,Not-in-family
17880,Other-relative
17880,Own-child
17880,Unmarried
17880,Wife
42850,Husband
42850,Not-in-family
42850,Other-relative
42850,Own-child
42850,Unmarried
42850,Wife
31100,Husband
31100,Other-relative
31100,Own-child
31100,Wife
32409,Husband
32409,Not-in-family
32409,Other-relative
32409,Own-child
32409,Unmarried
32409,Wife
8151,Husband
8151,Other-relative
8151,Own-child
8151,Wife
35486,Husband
35486,Not-in-family
35486,Other-relative
35486,Own-child
35486,Unmarried
35486,Wife
773,Husband
773,Other-relative
773,Own-child
773,Wife
46401,Husband
46401,Not-in-family
46401,Other-relative
46401,Own-child
46401,Unmarried
46401,Wife
24785,Husband
24785,Not-in-family
24785,Other-relative
24785,Own-child
24785,Unmarried
24785,Wife
46062,Husband
46062,Other-relative
46062,Own-child
46062,Wife
30832,Not-in-family
30832,Unmarried
19644,Husband
19644,Not-in-family
19644,Other-relative
19644,Own-child
19644,Unmarried
19644,Wife
47005,Husband
47005,Other-relative
47005,Own-child
47005,Wife
46477,Not-in-family
46477,Unmarried
23270,Husband
23270,Not-in-family
23270,Other-relative
23270,Own-child
23270,Unmarried
23270,Wife
43114,Husband
43114,Other-relative
43114,Own-child
43114,Wife
24492,Not-in-family
24492,Unmarried
4744,Husband
4744,Not-in-family
4744,Other-relative
4744,Own-child
4744,Unmarried
4744,Wife
16499,Husband
16499,Other-relative
16499,Own-child
16499,Wife
5008,Husband
5008,Not-in-family
5008,Other-relative
5008,Own-child
5008,Unmarried
5008,Wife
44415,Husband
44415,Not-in-family
44415,Other-relative
44415,Own-child
44415,Unmarried
44415,Wife
41284,Husband
41284,Not-in-family
41284,Other-relative
41284,Own-child
41284,Unmarried
41284,Wife
14872,Husband
14872,Not-in-family
14872,Other-relative
14872,Own-child
14872,Unmarried
14872,Wife
21502,Not-in-family
21502,Unmarried
9930,Not-in-family
9930,Unmarried
19197,Not-in-family
19197,Unmarried
35764,Not-in-family
35764,Unmarried
39359,Husband
39359,Not-in-family
39359,Other-relative
39359,Own-child
39359,Unmarried
39359,Wife
16847,Not-in-family
16847,Unmarried
43197,Not-in-family
43197,Unmarried
19534,Husband
19534,Other-relative
19534,Own-child
19534,Wife
17158,Husband
17158,Not-in-family
17158,Other-relative
17158,Own-child
17158,Unmarried
17158,Wife
14367,Husband
14367,Other-relative
14367,Own-child
14367,Wife
27092,Husband
27092,Not-in-family
27092,Other-relative
27092,Own-child
27092,Unmarried
27092,Wife
43171,Husband
43171,Not-in-family
43171,Other-relative
43171,Own-child
43171,Unmarried
43171,Wife
47948,Husband
47948,Other-relative
47948,Own-child
47948,Wife
32432,Not-in-family
32432,Unmarried
9753,Not-in-family
9753,Unmarried
23037,Husband
23037,Not-in-family
23037,Other-relative
23037,Own-child
23037,Unmarried
23037,Wife
16251,Husband
16251,Other-relative
16251,Own-child
16251,Wife
17073,Husband
17073,Not-in-family
17073,Other-relative
17073,Own-child
17073,Unmarried
17073,Wife
28582,Husband
28582,Not-in-family
28582,Other-relative
28582,Own-child
28582,Unmarried
28582,Wife
33495,Husband
33495,Other-relative
33495,Own-child
33495,Wife
18006,Husband
18006,Not-in-family
18006,Other-relative
18006,Own-child
18006,Unmarried
18006,Wife
22721,Husband
22721,Not-in-family
22721,Other-relative
22721,Own-child
22721,Unmarried
22721,Wife
41192,Husband
41192,Other-relative
41192,Own-child
41192,Wife
14110,Husband
14110,Not-in-family
14110,Other-relative
14110,Own-child
14110,Unmarried
14110,Wife
19261,Husband
19261,Other-relative
19261,Own-child
19261,Wife
4780,Husband
4780,Not-in-family
4780,Other-relative
4780,Own-child
4780,Unmarried
4780,Wife
20626,Husband
20626,Not-in-family
20626,Other-relative
20626,Own-child
20626,Unmarried
20626,Wife
38046,Husband
38046,Other-relative
38046,Own-child
38046,Wife
16427,Husband
16427,Not-in-family
16427,Other-relative
16427,Own-child
16427,Unmarried
16427,Wife
35673,Husband
35673,Other-relative
35673,Own-child
35673,Wife
40740,Not-in-family
40740,Unmarried
28415,Husband
28415,Not-in-family
28415,Other-relative
28415,Own-child
28415,Unmarried
28415,Wife
47684,Husband
47684,Other-relative
47684,Own-child
47684,Wife
11812,Not-in-family
11812,Unmarried
40050,Husband
40050,Not-in-family
40050,Other-relative
40050,Own-child
40050,Unmarried
40050,Wife
25455,Husband
25455,Other-relative
25455,Own-child
25455,Wife
35277,Husband
35277,Other-relative
35277,Own-child
35277,Wife
25024,Husband
25024,Not-in-family
25024,Other-relative
25024,Own-child
25024,Unmarried
25024,Wife
27025,Husband
27025,Not-in-family
27025,Other-relative
27025,Own-child
27025,Unmarried
27025,Wife
33383,Husband
33383,Not-in-family
33383,Other-relative
33383,Own-child
33383,Unmarried
33383,Wife
1072,Husband
1072,Not-in-family
1072,Other-relative
1072,Own-child
1072,Unmarried
1072,Wife
33686,Husband
33686,Not-in-family
33686,Other-relative
33686,Own-child
33686,Unmarried
33686,Wife
31163,Husband
31163,Not-in-family
31163,Other-relative
31163,Own-child
31163,Unmarried
31163,Wife
21461,Not-in-family
21461,Unmarried
8561,Not-in-family
8561,Unmarried
3331,Husband
3331,Other-relative
3331,Own-child
3331,Wife
33875,Not-in-family
33875,Unmarried
1392,Not-in-family
1392,Unmarried
42091,Not-in-family
42091,Unmarried
23275,Husband
23275,Not-in-family
23275,Other-relative
23275,Own-child
23275,Unmarried
23275,Wife
43298,Husband
43298,Other-relative
43298,Own-child
43298,Wife
12931,Husband
12931,Other-relative
12931,Own-child
12931,Wife
47552,Husband
47552,Other-relative
47552,Own-child
47552,Wife
34436,Husband
34436,Not-in-family
34436,Other-relative
34436,Own-child
34436,Unmarried
34436,Wife
39222,Husband
39222,Not-in-family
39222,Other-relative
39222,Own-child
39222,Unmarried
39222,Wife
40272,Husband
40272,Other-relative
40272,Own-child
40272,Wife
2674,Not-in-family
2674,Unmarried
14882,Husband
14882,Other-relative
14882,Own-child
14882,Wife
16307,Husband
16307,Other-relative
16307,Own-child
16307,Wife
42650,Not-in-family
42650,Unmarried
593,Husband
593,Other-relative
593,Own-child
593,Wife
43185,Husband
43185,Not-in-family
43185,Other-relative
43185,Own-child
43185,Unmarried
43185,Wife
27083,Husband
27083,Not-in-family
27083,Other-relative
27083,Own-child
27083,Unmarried
27083,Wife
12112,Husband
12112,Not-in-family
12112,Other-relative
12112,Own-child
12112,Unmarried
12112,Wife
35478,Husband
35478,Other-relative
35478,Own-child
35478,Wife
34050,Husband
34050,Not-in-family
34050,Other-relative
34050,Own-child
34050,Unmarried
34050,Wife
42841,Husband
42841,Not-in-family
42841,Other-relative
42841,Own-child
42841,Unmarried
42841,Wife
42537,Not-in-family
42537,Unmarried
26266,Husband
26266,Not-in-family
26266,Other-relative
26266,Own-child
26266,Unmarried
26266,Wife
22239,Not-in-family
22239,Unmarried
40671,Husband
40671,Other-relative
40671,Own-child
40671,Wife
18825,Husband
18825,Not-in-family
18825,Other-relative
18825,Own-child
18825,Unmarried
18825,Wife
48381,Husband
48381,Other-relative
48381,Own-child
48381,Wife
47279,Husband
47279,Not-in-family
47279,Other-relative
47279,Own-child
47279,Unmarried
47279,Wife
4900,Husband
4900,Not-in-family
4900,Other-relative
4900,Own-child
4900,Unmarried
4900,Wife
13418,Husband
13418,Not-in-family
13418,Other-relative
13418,Own-child
13418,Unmarried
13418,Wife
45603,Husband
45603,Not-in-family
45603,Other-relative
45603,Own-child
45603,Unmarried
45603,Wife
26091,Husband
26091,Not-in-family
26091,Other-relative
26091,Own-child
26091,Unmarried
26091,Wife
585,Husband
585,Not-in-family
585,Other-relative
585,Own-child
585,Unmarried
585,Wife
39566,Husband
39566,Not-in-family
39566,Other-relative
39566,Own-child
39566,Unmarried
39566,Wife
38438,Husband
38438,Not-in-family
38438,Other-relative
38438,Own-child
38438,Unmarried
38438,Wife
4041,Husband
4041,Not-in-family
4041,Other-relative
4041,Own-child
4041,Unmarried
4041,Wife
17692,Husband
17692,Not-in-family
17692,Other-relative
17692,Own-child
17692,Unmarried
17692,Wife
40832,Husband
40832,Not-in-family
40832,Other-relative
40832,Own-child
40832,Unmarried
40832,Wife
44269,Husband
44269,Not-in-family
44269,Other-relative
44269,Own-child
44269,Unmarried
44269,Wife
2489,Not-in-family
2489,Unmarried
20936,Not-in-family
20936,Unmarried
3254,Husband
3254,Not-in-family
3254,Other-relative
3254,Own-child
3254,Unmarried
3254,Wife
38493,Husband
38493,Other-relative
38493,Own-child
38493,Wife
27310,Not-in-family
27310,Unmarried
33606,Husband
33606,Not-in-family
33606,Other-relative
33606,Own-child
33606,Unmarried
33606,Wife
10676,Husband
10676,Other-relative
10676,Own-child
10676,Wife
23120,Husband
23120,Not-in-family
23120,Other-relative
23120,Own-child
23120,Unmarried
23120,Wife
7975,Husband
7975,Other-relative
7975,Own-child
7975,Wife
7969,Husband
7969,Not-in-family
7969,Other-relative
7969,Own-child
7969,Unmarried
7969,Wife
41378,Husband
41378,Other-relative
41378,Own-child
41378,Wife
41200,Husband
41200,Not-in-family
41200,Other-relative
41200,Own-child
41200,Unmarried
41200,Wife
40207,Husband
40207,Other-relative
40207,Own-child
40207,Wife
5624,Husband
5624,Other-relative
5624,Own-child
5624,Wife
3242,Not-in-family
3242,Unmarried
34166,Not-in-family
34166,Unmarried
48666,Husband
48666,Other-relative
48666,Own-child
48666,Wife
14913,Husband
14913,Not-in-family
14913,Other-relative
14913,Own-child
14913,Unmarried
14913,Wife
40924,Husband
40924,Other-relative
40924,Own-child
40924,Wife
41506,Husband
41506,Other-relative
41506,Own-child
41506,Wife
10277,Husband
10277,Other-relative
10277,Own-child
10277,Wife
11177,Husband
11177,Not-in-family
11177,Other-relative
11177,Own-child
11177,Unmarried
11177,Wife
10230,Husband
10230,Not-in-family
10230,Other-relative
10230,Own-child
10230,Unmarried
10230,Wife
23916,Husband
23916,Other-relative
23916,Own-child
23916,Wife
12900,Husband
12900,Other-relative
12900,Own-child
12900,Wife
42223,Husband
42223,Not-in-family
42223,Other-relative
42223,Own-child
42223,Unmarried
42223,Wife
18621,Not-in-family
18621,Unmarried
4979,Husband
4979,Not-in-family
4979,Other-relative
4979,Own-child
4979,Unmarried
4979,Wife
425,Husband
425,Not-in-family
425,Other-relative
425,Own-child
425,Unmarried
425,Wife
40075,Husband
40075,Not-in-family
40075,Other-relative
40075,Own-child
40075,Unmarried
40075,Wife
25145,Husband
25145,Not-in-family
25145,Other-relative
25145,Own-child
25145,Unmarried
25145,Wife
43873,Husband
43873,Not-in-family
43873,Other-relative
43873,Own-child
43873,Unmarried
43873,Wife
5639,Husband
5639,Other-relative
5639,Own-child
5639,Wife
6292,Husband
6292,Other-relative
6292,Own-child
6292,Wife
39588,Not-in-family
39588,Unmarried
41115,Husband
41115,Not-in-family
41115,Other-relative
41115,Own-child
41115,Unmarried
41115,Wife
16920,Husband
16920,Other-relative
16920,Own-child
16920,Wife
14726,Husband
14726,Not-in-family
14726,Other-relative
14726,Own-child
14726,Unmarried
14726,Wife
33252,Not-in-family
33252,Unmarried
29715,Husband
29715,Not-in-family
29715,Other-relative
29715,Own-child
29715,Unmarried
29715,Wife
4380,Husband
4380,Other-relative
4380,Own-child
4380,Wife
44450,Husband
44450,Other-relative
44450,Own-child
44450,Wife
27401,Not-in-family
27401,Unmarried
20788,Not-in-family
20788,Unmarried
2558,Husband
2558,Other-relative
2558,Own-child
2558,Wife
1650,Husband
1650,Not-in-family
1650,Other-relative
1650,Own-child
1650,Unmarried
1650,Wife
12592,Husband
12592,Not-in-family
12592,Other-relative
12592,Own-child
12592,Unmarried
12592,Wife
38750,Husband
38750,Not-in-family
38750,Other-relative
38750,Own-child
38750,Unmarried
38750,Wife
4282,Husband
4282,Not-in-family
4282,Other-relative
4282,Own-child
4282,Unmarried
4282,Wife
25367,Not-in-family
25367,Unmarried
19291,Husband
19291,Not-in-family
19291,Other-relative
19291,Own-child
19291,Unmarried
19291,Wife
23320,Husband
23320,Not-in-family
23320,Other-relative
23320,Own-child
23320,Unmarried
23320,Wife
42942,Not-in-family
42942,Unmarried
6787,Husband
6787,Other-relative
6787,Own-child
6787,Wife
25135,Husband
25135,Other-relative
25135,Own-child
25135,Wife
3952,Husband
3952,Not-in-family
3952,Other-relative
3952,Own-child
3952,Unmarried
3952,Wife
19841,Not-in-family
19841,Unmarried
43330,Husband
43330,Other-relative
43330,Own-child
43330,Wife
20942,Not-in-family
20942,Unmarried
14216,Husband
14216,Not-in-family
14216,Other-relative
14216,Own-child
14216,Unmarried
14216,Wife
4740,Husband
4740,Not-in-family
4740,Other-relative
4740,Own-child
4740,Unmarried
4740,Wife
33345,Husband
33345,Other-relative
33345,Own-child
33345,Wife
43088,Husband
43088,Other-relative
43088,Own-child
43088,Wife
40642,Husband
40642,Not-in-family
40642,Other-relative
40642,Own-child
40642,Unmarried
40642,Wife
37133,Husband
37133,Not-in-family
37133,Other-relative
37133,Own-child
37133,Unmarried
37133,Wife
35787,Husband
35787,Not-in-family
35787,Other-relative
35787,Own-child
35787,Unmarried
35787,Wife
40351,Husband
40351,Not-in-family
40351,Other-relative
40351,Own-child
40351,Unmarried
40351,Wife
19611,Husband
19611,Not-in-family
19611,Other-relative
19611,Own-child
19611,Unmarried
19611,Wife
12733,Not-in-family
12733,Unmarried
12631,Husband
12631,Not-in-family
12631,Other-relative
12631,Own-child
12631,Unmarried
12631,Wife
9108,Husband
9108,Not-in-family
9108,Other-relative
9108,Own-child
9108,Unmarried
9108,Wife
5938,Husband
5938,Other-relative
5938,Own-child
5938,Wife
18714,Not-in-family
18714,Unmarried
45105,Husband
45105,Other-relative
45105,Own-child
45105,Wife
617,Husband
617,Other-relative
617,Own-child
617,Wife
16097,Not-in-family
16097,Unmarried
29073,Husband
29073,Other-relative
29073,Own-child
29073,Wife
37938,Husband
37938,Other-relative
37938,Own-child
37938,Wife
29669,Husband
29669,Not-in-family
29669,Other-relative
29669,Own-child
29669,Unmarried
29669,Wife
2312,Husband
2312,Other-relative
2312,Own-child
2312,Wife
32044,Husband
32044,Other-relative
32044,Own-child
32044,Wife
13776,Husband
13776,Not-in-family
13776,Other-relative
13776,Own-child
13776,Unmarried
13776,Wife
5425,Husband
5425,Not-in-family
5425,Other-relative
5425,Own-child
5425,Unmarried
5425,Wife
19163,Husband
19163,Not-in-family
19163,Other-relative
19163,Own-child
19163,Unmarried
19163,Wife
31226,Husband
31226,Other-relative
31226,Own-child
31226,Wife
29172,Husband
29172,Not-in-family
29172,Other-relative
29172,Own-child
29172,Unmarried
29172,Wife
32211,Husband
32211,Other-relative
32211,Own-child
32211,Wife
36522,Husband
36522,Other-relative
36522,Own-child
36522,Wife
37374,Husband
37374,Other-relative
37374,Own-child
37374,Wife
44867,Husband
44867,Other-relative
44867,Own-child
44867,Wife
7483,Husband
7483,Other-relative
7483,Own-child
7483,Wife
25790,Husband
25790,Not-in-family
25790,Other-relative
25790,Own-child
25790,Unmarried
25790,Wife
20071,Husband
20071,Not-in-family
20071,Other-relative
20071,Own-child
20071,Unmarried
20071,Wife
46495,Not-in-family
46495,Unmarried
30478,Husband
30478,Not-in-family
30478,Other-relative
30478,Own-child
30478,Unmarried
30478,Wife
29235,Husband
29235,Not-in-family
29235,Other-relative
29235,Own-child
29235,Unmarried
29235,Wife
8520,Husband
8520,Not-in-family
8520,Other-relative
8520,Own-child
8520,Unmarried
8520,Wife
13547,Husband
13547,Not-in-family
13547,Other-relative
13547,Own-child
13547,Unmarried
13547,Wife
45055,Husband
45055,Not-in-family
45055,Other-relative
45055,Own-child
45055,Unmarried
45055,Wife
24281,Husband
24281,Not-in-family
24281,Other-relative
24281,Own-child
24281,Unmarried
24281,Wife
45192,Husband
45192,Other-relative
45192,Own-child
45192,Wife
45110,Husband
45110,Not-in-family
45110,Other-relative
45110,Own-child
45110,Unmarried
45110,Wife
39888,Husband
39888,Other-relative
39888,Own-child
39888,Wife
47514,Husband
47514,Not-in-family
47514,Other-relative
47514,Own-child
47514,Unmarried
47514,Wife
41165,Husband
41165,Not-in-family
41165,Other-relative
41165,Own-child
41165,Unmarried
41165,Wife
9993,Not-in-family
9993,Unmarried
11010,Husband
11010,Not-in-family
11010,Other-relative
11010,Own-child
11010,Unmarried
11010,Wife
9913,Husband
9913,Other-relative
9913,Own-child
9913,Wife
29218,Husband
29218,Other-relative
29218,Own-child
29218,Wife
47450,Husband
47450,Not-in-family
47450,Other-relative
47450,Own-child
47450,Unmarried
47450,Wife
34720,Husband
34720,Not-in-family
34720,Other-relative
34720,Own-child
34720,Unmarried
34720,Wife
18184,Husband
18184,Other-relative
18184,Own-child
18184,Wife
40633,Husband
40633,Not-in-family
40633,Other-relative
40633,Own-child
40633,Unmarried
40633,Wife
13052,Husband
13052,Not-in-family
13052,Other-relative
13052,Own-child
13052,Unmarried
13052,Wife
28777,Husband
28777,Not-in-family
28777,Other-relative
28777,Own-child
28777,Unmarried
28777,Wife
845,Not-in-family
845,Unmarried
4204,Not-in-family
4204,Unmarried
1710,Husband
1710,Other-relative
1710,Own-child
1710,Wife
38343,Husband
38343,Not-in-family
38343,Other-relative
38343,Own-child
38343,Unmarried
38343,Wife
10723,Husband
10723,Other-relative
10723,Own-child
10723,Wife
22641,Husband
22641,Not-in-family
22641,Other-relative
22641,Own-child
22641,Unmarried
22641,Wife
35622,Husband
35622,Other-relative
35622,Own-child
35622,Wife
46416,Husband
46416,Other-relative
46416,Own-child
46416,Wife
18070,Husband
18070,Not-in-family
18070,Other-relative
18070,Own-child
18070,Unmarried
18070,Wife
21444,Husband
21444,Not-in-family
21444,Other-relative
21444,Own-child
21444,Unmarried
21444,Wife
573,Husband
573,Other-relative
573,Own-child
573,Wife
28403,Husband
28403,Not-in-family
28403,Other-relative
28403,Own-child
28403,Unmarried
28403,Wife
48253,Husband
48253,Other-relative
48253,Own-child
48253,Wife
2121,Husband
2121,Other-relative
2121,Own-child
2121,Wife
23764,Husband
23764,Not-in-family
23764,Other-relative
23764,Own-child
23764,Unmarried
23764,Wife
31154,Husband
31154,Not-in-family
31154,Other-relative
31154,Own-child
31154,Unmarried
31154,Wife
25625,Husband
25625,Not-in-family
25625,Other-relative
25625,Own-child
25625,Unmarried
25625,Wife
12814,Husband
12814,Not-in-family
12814,Other-relative
12814,Own-child
12814,Unmarried
12814,Wife
5961,Husband
5961,Not-in-family
5961,Other-relative
5961,Own-child
5961,Unmarried
5961,Wife
23219,Husband
23219,Not-in-family
23219,Other-relative
23219,Own-child
23219,Unmarried
23219,Wife
26482,Not-in-family
26482,Unmarried
34642,Husband
34642,Not-in-family
34642,Other-relative
34642,Own-child
34642,Unmarried
34642,Wife
17557,Husband
17557,Other-relative
17557,Own-child
17557,Wife
28002,Husband
28002,Other-relative
28002,Own-child
28002,Wife
44127,Husband
44127,Not-in-family
44127,Other-relative
44127,Own-child
44127,Unmarried
44127,Wife
15262,Husband
15262,Not-in-family
15262,Other-relative
15262,Own-child
15262,Unmarried
15262,Wife
9224,Husband
9224,Other-relative
9224,Own-child
9224,Wife
13701,Husband
13701,Not-in-family
13701,Other-relative
13701,Own-child
13701,Unmarried
13701,Wife
30484,Husband
30484,Other-relative
30484,Own-child
30484,Wife
44743,Husband
44743,Not-in-family
44743,Other-relative
44743,Own-child
44743,Unmarried
44743,Wife
45836,Husband
45836,Other-relative
45836,Own-child
45836,Wife
46402,Husband
46402,Not-in-family
46402,Other-relative
46402,Own-child
46402,Unmarried
46402,Wife
44399,Not-in-family
44399,Unmarried
12752,Husband
12752,Other-relative
12752,Own-child
12752,Wife
44869,Husband
44869,Other-relative
44869,Own-child
44869,Wife
20904,Husband
20904,Not-in-family
20904,Other-relative
20904,Own-child
20904,Unmarried
20904,Wife
41338,Husband
41338,Other-relative
41338,Own-child
41338,Wife
20336,Not-in-family
20336,Unmarried
41388,Husband
41388,Not-in-family
41388,Other-relative
41388,Own-child
41388,Unmarried
41388,Wife
15620,Husband
15620,Other-relative
15620,Own-child
15620,Wife
40280,Husband
40280,Not-in-family
40280,Other-relative
40280,Own-child
40280,Unmarried
40280,Wife
22021,Husband
22021,Not-in-family
22021,Other-relative
22021,Own-child
22021,Unmarried
22021,Wife
11414,Husband
11414,Not-in-family
11414,Other-relative
11414,Own-child
11414,Unmarried
11414,Wife
38670,Husband
38670,Not-in-family
38670,Other-relative
38670,Own-child
38670,Unmarried
38670,Wife
26654,Husband
26654,Other-relative
26654,Own-child
26654,Wife
16969,Husband
16969,Not-in-family
16969,Other-relative
16969,Own-child
16969,Unmarried
16969,Wife
12904,Husband
12904,Not-in-family
12904,Other-relative
12904,Own-child
12904,Unmarried
12904,Wife
38285,Husband
38285,Not-in-family
38285,Other-relative
38285,Own-child
38285,Unmarried
38285,Wife
39287,Husband
39287,Not-in-family
39287,Other-relative
39287,Own-child
39287,Unmarried
39287,Wife
8521,Husband
8521,Not-in-family
8521,Other-relative
8521,Own-child
8521,Unmarried
8521,Wife
44574,Husband
44574,Not-in-family
44574,Other-relative
44574,Own-child
44574,Unmarried
44574,Wife
28209,Husband
28209,Other-relative
28209,Own-child
28209,Wife
31737,Not-in-family
31737,Unmarried
15336,Husband
15336,Not-in-family
15336,Other-relative
15336,Own-child
15336,Unmarried
15336,Wife
46560,Husband
46560,Other-relative
46560,Own-child
46560,Wife
38020,Husband
38020,Not-in-family
38020,Other-relative
38020,Own-child
38020,Unmarried
38020,Wife
30125,Not-in-family
30125,Unmarried
34739,Not-in-family
34739,Unmarried
30035,Not-in-family
30035,Unmarried
1016,Husband
1016,Not-in-family
1016,Other-relative
1016,Own-child
1016,Unmarried
1016,Wife
47185,Husband
47185,Not-in-family
47185,Other-relative
47185,Own-child
47185,Unmarried
47185,Wife
42227,Husband
42227,Other-relative
42227,Own-child
42227,Wife
15548,Husband
15548,Not-in-family
15548,Other-relative
15548,Own-child
15548,Unmarried
15548,Wife
33539,Husband
33539,Not-in-family
33539,Other-relative
33539,Own-child
33539,Unmarried
33539,Wife
6848,Husband
6848,Other-relative
6848,Own-child
6848,Wife
3006,Not-in-family
3006,Unmarried
6022,Husband
6022,Not-in-family
6022,Other-relative
6022,Own-child
6022,Unmarried
6022,Wife
23574,Husband
23574,Not-in-family
23574,Other-relative
23574,Own-child
23574,Unmarried
23574,Wife
20754,Husband
20754,Not-in-family
20754,Other-relative
20754,Own-child
20754,Unmarried
20754,Wife
25249,Husband
25249,Other-relative
25249,Own-child
25249,Wife
37796,Husband
37796,Other-relative
37796,Own-child
37796,Wife
25615,Husband
25615,Not-in-family
25615,Other-relative
25615,Own-child
25615,Unmarried
25615,Wife
12036,Husband
12036,Not-in-family
12036,Other-relative
12036,Own-child
12036,Unmarried
12036,Wife
19579,Not-in-family
19579,Unmarried
13637,Husband
13637,Other-relative
13637,Own-child
13637,Wife
33153,Husband
33153,Not-in-family
33153,Other-relative
33153,Own-child
33153,Unmarried
33153,Wife
31860,Husband
31860,Other-relative
31860,Own-child
31860,Wife
16846,Not-in-family
16846,Unmarried
30611,Not-in-family
30611,Unmarried
12403,Husband
12403,Not-in-family
12403,Other-relative
12403,Own-child
12403,Unmarried
12403,Wife
25792,Not-in-family
25792,Unmarried
27674,Husband
27674,Not-in-family
27674,Other-relative
27674,Own-child
27674,Unmarried
27674,Wife
40318,Husband
40318,Not-in-family
40318,Other-relative
40318,Own-child
40318,Unmarried
40318,Wife
23820,Husband
23820,Not-in-family
23820,Other-relative
23820,Own-child
23820,Unmarried
23820,Wife
25293,Husband
25293,Not-in-family
25293,Other-relative
25293,Own-child
25293,Unmarried
25293,Wife
22745,Husband
22745,Other-relative
22745,Own-child
22745,Wife
7451,Husband
7451,Other-relative
7451,Own-child
7451,Wife
21252,Husband
21252,Other-relative
21252,Own-child
21252,Wife
14540,Not-in-family
14540,Unmarried
32316,Husband
32316,Not-in-family
32316,Other-relative
32316,Own-child
32316,Unmarried
32316,Wife
22424,Husband
22424,Other-relative
22424,Own-child
22424,Wife
10493,Husband
10493,Not-in-family
10493,Other-relative
10493,Own-child
10493,Unmarried
10493,Wife
38095,Husband
38095,Not-in-family
38095,Other-relative
38095,Own-child
38095,Unmarried
38095,Wife
33968,Husband
33968,Other-relative
33968,Own-child
33968,Wife
40434,Husband
40434,Not-in-family
40434,Other-relative
40434,Own-child
40434,Unmarried
40434,Wife
42943,Husband
42943,Not-in-family
42943,Other-relative
42943,Own-child
42943,Unmarried
42943,Wife
27625,Husband
27625,Not-in-family
27625,Other-relative
27625,Own-child
27625,Unmarried
27625,Wife
36821,Husband
36821,Other-relative
36821,Own-child
36821,Wife
21290,Husband
21290,Other-relative
21290,Own-child
21290,Wife
17998,Not-in-family
17998,Unmarried
16784,Husband
16784,Not-in-family
16784,Other-relative
16784,Own-child
16784,Unmarried
16784,Wife
29982,Husband
29982,Not-in-family
29982,Other-relative
29982,Own-child
29982,Unmarried
29982,Wife
40571,Husband
40571,Not-in-family
40571,Other-relative
40571,Own-child
40571,Unmarried
40571,Wife
30346,Husband
30346,Not-in-family
30346,Other-relative
30346,Own-child
30346,Unmarried
30346,Wife
43303,Husband
43303,Other-relative
43303,Own-child
43303,Wife
13687,Husband
13687,Not-in-family
13687,Other-relative
13687,Own-child
13687,Unmarried
13687,Wife
32323,Husband
32323,Other-relative
32323,Own-child
32323,Wife
7809,Husband
7809,Other-relative
7809,Own-child
7809,Wife
27166,Husband
27166,Other-relative
27166,Own-child
27166,Wife
11973,Husband
11973,Not-in-family
11973,Other-relative
11973,Own-child
11973,Unmarried
11973,Wife
37319,Husband
37319,Not-in-family
37319,Other-relative
37319,Own-child
37319,Unmarried
37319,Wife
39936,Not-in-family
39936,Unmarried
14420,Husband
14420,Not-in-family
14420,Other-relative
14420,Own-child
14420,Unmarried
14420,Wife
14070,Husband
14070,Not-in-family
14070,Other-relative
14070,Own-child
14070,Unmarried
14070,Wife
9061,Husband
9061,Not-in-family
9061,Other-relative
9061,Own-child
9061,Unmarried
9061,Wife
776,Husband
776,Not-in-family
776,Other-relative
776,Own-child
776,Unmarried
776,Wife
19919,Husband
19919,Other-relative
19919,Own-child
19919,Wife
47056,Not-in-family
47056,Unmarried
8101,Husband
8101,Not-in-family
8101,Other-relative
8101,Own-child
8101,Unmarried
8101,Wife
13922,Husband
13922,Not-in-family
13922,Other-relative
13922,Own-child
13922,Unmarried
13922,Wife
38627,Husband
38627,Not-in-family
38627,Other-relative
38627,Own-child
38627,Unmarried
38627,Wife
5775,Not-in-family
5775,Unmarried
13725,Not-in-family
13725,Unmarried
14445,Husband
14445,Not-in-family
14445,Other-relative
14445,Own-child
14445,Unmarried
14445,Wife
18475,Husband
18475,Not-in-family
18475,Other-relative
18475,Own-child
18475,Unmarried
18475,Wife
3598,Not-in-family
3598,Unmarried
21670,Not-in-family
21670,Unmarried
33356,Husband
33356,Other-relative
33356,Own-child
33356,Wife
41959,Husband
41959,Not-in-family
41959,Other-relative
41959,Own-child
41959,Unmarried
41959,Wife
16041,Husband
16041,Other-relative
16041,Own-child
16041,Wife
38861,Husband
38861,Other-relative
38861,Own-child
38861,Wife
3037,Husband
3037,Other-relative
3037,Own-child
3037,Wife
13984,Husband
13984,Other-relative
13984,Own-child
13984,Wife
3802,Husband
3802,Not-in-family
3802,Other-relative
3802,Own-child
3802,Unmarried
3802,Wife
9881,Husband
9881,Not-in-family
9881,Other-relative
9881,Own-child
9881,Unmarried
9881,Wife
27520,Husband
27520,Other-relative
27520,Own-child
27520,Wife
15070,Husband
15070,Not-in-family
15070,Other-relative
15070,Own-child
15070,Unmarried
15070,Wife
9929,Not-in-family
9929,Unmarried
6427,Husband
6427,Not-in-family
6427,Other-relative
6427,Own-child
6427,Unmarried
6427,Wife
47086,Husband
47086,Other-relative
47086,Own-child
47086,Wife
11565,Husband
11565,Not-in-family
11565,Other-relative
11565,Own-child
11565,Unmarried
11565,Wife
24542,Husband
24542,Not-in-family
24542,Other-relative
24542,Own-child
24542,Unmarried
24542,Wife
12170,Not-in-family
12170,Unmarried
25994,Husband
25994,Other-relative
25994,Own-child
25994,Wife
7365,Husband
7365,Not-in-family
7365,Other-relative
7365,Own-child
7365,Unmarried
7365,Wife
19557,Husband
19557,Not-in-family
19557,Other-relative
19557,Own-child
19557,Unmarried
19557,Wife
9547,Husband
9547,Other-relative
9547,Own-child
9547,Wife
36778,Husband
36778,Other-relative
36778,Own-child
36778,Wife
17727,Husband
17727,Not-in-family
17727,Other-relative
17727,Own-child
17727,Unmarried
17727,Wife
44365,Husband
44365,Not-in-family
44365,Other-relative
44365,Own-child
44365,Unmarried
44365,Wife
17191,Husband
17191,Not-in-family
17191,Other-relative
17191,Own-child
17191,Unmarried
17191,Wife
48605,Husband
48605,Other-relative
48605,Own-child
48605,Wife
31813,Husband
31813,Not-in-family
31813,Other-relative
31813,Own-child
31813,Unmarried
31813,Wife
7050,Not-in-family
7050,Unmarried
7364,Husband
7364,Other-relative
7364,Own-child
7364,Wife
43852,Husband
43852,Not-in-family
43852,Other-relative
43852,Own-child
43852,Unmarried
43852,Wife
22146,Husband
22146,Not-in-family
22146,Other-relative
22146,Own-child
22146,Unmarried
22146,Wife
9673,Husband
9673,Not-in-family
9673,Other-relative
9673,Own-child
9673,Unmarried
9673,Wife
21789,Not-in-family
21789,Unmarried
14852,Husband
14852,Not-in-family
14852,Other-relative
14852,Own-child
14852,Unmarried
14852,Wife
48036,Husband
48036,Not-in-family
48036,Other-relative
48036,Own-child
48036,Unmarried
48036,Wife
15610,Not-in-family
15610,Unmarried
14908,Husband
14908,Not-in-family
14908,Other-relative
14908,Own-child
14908,Unmarried
14908,Wife
13056,Husband
13056,Not-in-family
13056,Other-relative
13056,Own-child
13056,Unmarried
13056,Wife
27936,Husband
27936,Other-relative
27936,Own-child
27936,Wife
27081,Not-in-family
27081,Unmarried
31346,Husband
31346,Other-relative
31346,Own-child
31346,Wife
9305,Husband
9305,Not-in-family
9305,Other-relative
9305,Own-child
9305,Unmarried
9305,Wife
21336,Husband
21336,Not-in-family
21336,Other-relative
21336,Own-child
21336,Unmarried
21336,Wife
33523,Husband
33523,Not-in-family
33523,Other-relative
33523,Own-child
33523,Unmarried
33523,Wife
4985,Husband
4985,Not-in-family
4985,Other-relative
4985,Own-child
4985,Unmarried
4985,Wife
8901,Husband
8901,Not-in-family
8901,Other-relative
8901,Own-child
8901,Unmarried
8901,Wife
37353,Husband
37353,Not-in-family
37353,Other-relative
37353,Own-child
37353,Unmarried
37353,Wife
19740,Husband
19740,Other-relative
19740,Own-child
19740,Wife
17317,Husband
17317,Not-in-family
17317,Other-relative
17317,Own-child
17317,Unmarried
17317,Wife
11638,Husband
11638,Other-relative
11638,Own-child
11638,Wife
23627,Husband
23627,Not-in-family
23627,Other-relative
23627,Own-child
23627,Unmarried
23627,Wife
28231,Husband
28231,Not-in-family
28231,Other-relative
28231,Own-child
28231,Unmarried
28231,Wife
30883,Husband
30883,Not-in-family
30883,Other-relative
30883,Own-child
30883,Unmarried
30883,Wife
4608,Not-in-family
4608,Unmarried
40185,Husband
40185,Not-in-family
40185,Other-relative
40185,Own-child
40185,Unmarried
40185,Wife
29233,Husband
29233,Other-relative
29233,Own-child
29233,Wife
1518,Husband
1518,Not-in-family
1518,Other-relative
1518,Own-child
1518,Unmarried
1518,Wife
22470,Husband
22470,Not-in-family
22470,Other-relative
22470,Own-child
22470,Unmarried
22470,Wife
23835,Husband
23835,Other-relative
23835,Own-child
23835,Wife
34027,Husband
34027,Not-in-family
34027,Other-relative
34027,Own-child
34027,Unmarried
34027,Wife
16325,Husband
16325,Other-relative
16325,Own-child
16325,Wife
47262,Husband
47262,Not-in-family
47262,Other-relative
47262,Own-child
47262,Unmarried
47262,Wife
25943,Husband
25943,Not-in-family
25943,Other-relative
25943,Own-child
25943,Unmarried
25943,Wife
15282,Not-in-family
15282,Unmarried
47257,Not-in-family
47257,Unmarried
3437,Husband
3437,Not-in-family
3437,Other-relative
3437,Own-child
3437,Unmarried
3437,Wife
7061,Husband
7061,Not-in-family
7061,Other-relative
7061,Own-child
7061,Unmarried
7061,Wife
47842,Husband
47842,Other-relative
47842,Own-child
47842,Wife
44585,Not-in-family
44585,Unmarried
34196,Not-in-family
34196,Unmarried
39600,Husband
39600,Not-in-family
39600,Other-relative
39600,Own-child
39600,Unmarried
39600,Wife
36354,Not-in-family
36354,Unmarried
48170,Husband
48170,Not-in-family
48170,Other-relative
48170,Own-child
48170,Unmarried
48170,Wife
9058,Husband
9058,Not-in-family
9058,Other-relative
9058,Own-child
9058,Unmarried
9058,Wife
35881,Not-in-family
35881,Unmarried
27484,Husband
27484,Other-relative
27484,Own-child
27484,Wife
25609,Husband
25609,Other-relative
25609,Own-child
25609,Wife
1774,Husband
1774,Other-relative
1774,Own-child
1774,Wife
12893,Not-in-family
12893,Unmarried
25254,Not-in-family
25254,Unmarried
11897,Husband
11897,Not-in-family
11897,Other-relative
11897,Own-child
11897,Unmarried
11897,Wife
1017,Husband
1017,Not-in-family
1017,Other-relative
1017,Own-child
1017,Unmarried
1017,Wife
13422,Husband
13422,Other-relative
13422,Own-child
13422,Wife
7440,Husband
7440,Other-relative
7440,Own-child
7440,Wife
33083,Husband
33083,Other-relative
33083,Own-child
33083,Wife
13352,Husband
13352,Not-in-family
13352,Other-relative
13352,Own-child
13352,Unmarried
13352,Wife
18841,Husband
18841,Not-in-family
18841,Other-relative
18841,Own-child
18841,Unmarried
18841,Wife
42371,Husband
42371,Not-in-family
42371,Other-relative
42371,Own-child
42371,Unmarried
42371,Wife
43647,Husband
43647,Not-in-family
43647,Other-relative
43647,Own-child
43647,Unmarried
43647,Wife
19185,Husband
19185,Not-in-family
19185,Other-relative
19185,Own-child
19185,Unmarried
19185,Wife
1425,Not-in-family
1425,Unmarried
18871,Husband
18871,Not-in-family
18871,Other-relative
18871,Own-child
18871,Unmarried
18871,Wife
14091,Husband
14091,Not-in-family
14091,Other-relative
14091,Own-child
14091,Unmarried
14091,Wife
39396,Husband
39396,Other-relative
39396,Own-child
39396,Wife
21507,Husband
21507,Other-relative
21507,Own-child
21507,Wife
481,Husband
481,Not-in-family
481,Other-relative
481,Own-child
481,Unmarried
481,Wife
7323,Not-in-family
7323,Unmarried
19995,Husband
19995,Not-in-family
19995,Other-relative
19995,Own-child
19995,Unmarried
19995,Wife
34663,Husband
34663,Not-in-family
34663,Other-relative
34663,Own-child
34663,Unmarried
34663,Wife
11656,Husband
11656,Not-in-family
11656,Other-relative
11656,Own-child
11656,Unmarried
11656,Wife
22433,Husband
22433,Other-relative
22433,Own-child
22433,Wife
43351,Husband
43351,Not-in-family
43351,Other-relative
43351,Own-child
43351,Unmarried
43351,Wife
690,Husband
690,Not-in-family
690,Other-relative
690,Own-child
690,Unmarried
690,Wife
26068,Husband
26068,Not-in-family
26068,Other-relative
26068,Own-child
26068,Unmarried
26068,Wife
34388,Husband
34388,Other-relative
34388,Own-child
34388,Wife
25369,Husband
25369,Not-in-family
25369,Other-relative
25369,Own-child
25369,Unmarried
25369,Wife
23644,Husband
23644,Not-in-family
23644,Other-relative
23644,Own-child
23644,Unmarried
23644,Wife
7742,Husband
7742,Not-in-family
7742,Other-relative
7742,Own-child
7742,Unmarried
7742,Wife
12032,Husband
12032,Other-relative
12032,Own-child
12032,Wife
12916,Husband
12916,Not-in-family
12916,Other-relative
12916,Own-child
12916,Unmarried
12916,Wife
44909,Husband
44909,Other-relative
44909,Own-child
44909,Wife
748,Husband
748,Other-relative
748,Own-child
748,Wife
39304,Husband
39304,Other-relative
39304,Own-child
39304,Wife
3076,Husband
3076,Other-relative
3076,Own-child
3076,Wife
20127,Not-in-family
20127,Unmarried
31035,Husband
31035,Not-in-family
31035,Other-relative
31035,Own-child
31035,Unmarried
31035,Wife
43646,Husband
43646,Not-in-family
43646,Other-relative
43646,Own-child
43646,Unmarried
43646,Wife
30440,Husband
30440,Not-in-family
30440,Other-relative
30440,Own-child
30440,Unmarried
30440,Wife
42680,Not-in-family
42680,Unmarried
28139,Not-in-family
28139,Unmarried
42214,Husband
42214,Not-in-family
42214,Other-relative
42214,Own-child
42214,Unmarried
42214,Wife
7690,Husband
7690,Other-relative
7690,Own-child
7690,Wife
33976,Not-in-family
33976,Unmarried
36034,Husband
36034,Not-in-family
36034,Other-relative
36034,Own-child
36034,Unmarried
36034,Wife
27580,Husband
27580,Not-in-family
27580,Other-relative
27580,Own-child
27580,Unmarried
27580,Wife
47682,Husband
47682,Other-relative
47682,Own-child
47682,Wife
44066,Husband
44066,Other-relative
44066,Own-child
44066,Wife
32183,Husband
32183,Not-in-family
32183,Other-relative
32183,Own-child
32183,Unmarried
32183,Wife
42819,Husband
42819,Other-relative
42819,Own-child
42819,Wife
30324,Husband
30324,Not-in-family
30324,Other-relative
30324,Own-child
30324,Unmarried
30324,Wife
19795,Husband
19795,Not-in-family
19795,Other-relative
19795,Own-child
19795,Unmarried
19795,Wife
1064,Husband
1064,Other-relative
1064,Own-child
1064,Wife
1521,Not-in-family
1521,Unmarried
7244,Husband
7244,Not-in-family
7244,Other-relative
7244,Own-child
7244,Unmarried
7244,Wife
20452,Husband
20452,Not-in-family
20452,Other-relative
20452,Own-child
20452,Unmarried
20452,Wife
7931,Husband
7931,Not-in-family
7931,Other-relative
7931,Own-child
7931,Unmarried
7931,Wife
2574,Husband
2574,Other-relative
2574,Own-child
2574,Wife
48377,Husband
48377,Other-relative
48377,Own-child
48377,Wife
48147,Not-in-family
48147,Unmarried
23791,Not-in-family
23791,Unmarried
24436,Husband
24436,Other-relative
24436,Own-child
24436,Wife
21959,Husband
21959,Not-in-family
21959,Other-relative
21959,Own-child
21959,Unmarried
21959,Wife
36108,Husband
36108,Not-in-family
36108,Other-relative
36108,Own-child
36108,Unmarried
36108,Wife
16553,Husband
16553,Other-relative
16553,Own-child
16553,Wife
10198,Husband
10198,Other-relative
10198,Own-child
10198,Wife
46810,Husband
46810,Not-in-family
46810,Other-relative
46810,Own-child
46810,Unmarried
46810,Wife
31660,Husband
31660,Other-relative
31660,Own-child
31660,Wife
949,Husband
949,Not-in-family
949,Other-relative
949,Own-child
949,Unmarried
949,Wife
11885,Not-in-family
11885,Unmarried
34541,Husband
34541,Other-relative
34541,Own-child
34541,Wife
24510,Husband
24510,Other-relative
24510,Own-child
24510,Wife
24937,Husband
24937,Not-in-family
24937,Other-relative
24937,Own-child
24937,Unmarried
24937,Wife
21737,Not-in-family
21737,Unmarried
37697,Not-in-family
37697,Unmarried
4193,Husband
4193,Not-in-family
4193,Other-relative
4193,Own-child
4193,Unmarried
4193,Wife
9845,Husband
9845,Not-in-family
9845,Other-relative
9845,Own-child
9845,Unmarried
9845,Wife
45840,Husband
45840,Other-relative
45840,Own-child
45840,Wife
14914,Husband
14914,Not-in-family
14914,Other-relative
14914,Own-child
14914,Unmarried
14914,Wife
6455,Husband
6455,Not-in-family
6455,Other-relative
6455,Own-child
6455,Unmarried
6455,Wife
40785,Not-in-family
40785,Unmarried
27010,Husband
27010,Not-in-family
27010,Other-relative
27010,Own-child
27010,Unmarried
27010,Wife
19565,Not-in-family
19565,Unmarried
25414,Husband
25414,Not-in-family
25414,Other-relative
25414,Own-child
25414,Unmarried
25414,Wife
19770,Husband
19770,Other-relative
19770,Own-child
19770,Wife
23857,Husband
23857,Other-relative
23857,Own-child
23857,Wife
7145,Husband
7145,Other-relative
7145,Own-child
7145,Wife
1508,Husband
1508,Not-in-family
1508,Other-relative
1508,Own-child
1508,Unmarried
1508,Wife
17491,Husband
17491,Not-in-family
17491,Other-relative
17491,Own-child
17491,Unmarried
17491,Wife
21312,Not-in-family
21312,Unmarried
16597,Husband
16597,Not-in-family
16597,Other-relative
16597,Own-child
16597,Unmarried
16597,Wife
48138,Not-in-family
48138,Unmarried
8123,Husband
8123,Not-in-family
8123,Other-relative
8123,Own-child
8123,Unmarried
8123,Wife
11480,Husband
11480,Not-in-family
11480,Other-relative
11480,Own-child
11480,Unmarried
11480,Wife
9911,Not-in-family
9911,Unmarried
22879,Husband
22879,Other-relative
22879,Own-child
22879,Wife
44406,Husband
44406,Other-relative
44406,Own-child
44406,Wife
11141,Husband
11141,Not-in-family
11141,Other-relative
11141,Own-child
11141,Unmarried
11141,Wife
25509,Husband
25509,Not-in-family
25509,Other-relative
25509,Own-child
25509,Unmarried
25509,Wife
11169,Not-in-family
11169,Unmarried
6374,Husband
6374,Not-in-family
6374,Other-relative
6374,Own-child
6374,Unmarried
6374,Wife
3781,Not-in-family
3781,Unmarried
32225,Husband
32225,Not-in-family
32225,Other-relative
32225,Own-child
32225,Unmarried
32225,Wife
6903,Husband
6903,Not-in-family
6903,Other-relative
6903,Own-child
6903,Unmarried
6903,Wife
13974,Husband
13974,Other-relative
13974,Own-child
13974,Wife
28452,Husband
28452,Other-relative
28452,Own-child
28452,Wife
7170,Husband
7170,Other-relative
7170,Own-child
7170,Wife
31099,Husband
31099,Not-in-family
31099,Other-relative
31099,Own-child
31099,Unmarried
31099,Wife
35769,Husband
35769,Not-in-family
35769,Other-relative
35769,Own-child
35769,Unmarried
35769,Wife
26718,Not-in-family
26718,Unmarried
48805,Husband
48805,Other-relative
48805,Own-child
48805,Wife
14338,Husband
14338,Other-relative
14338,Own-child
14338,Wife
42880,Husband
42880,Not-in-family
42880,Other-relative
42880,Own-child
42880,Unmarried
42880,Wife
41768,Husband
41768,Not-in-family
41768,Other-relative
41768,Own-child
41768,Unmarried
41768,Wife
32203,Husband
32203,Not-in-family
32203,Other-relative
32203,Own-child
32203,Unmarried
32203,Wife
37631,Husband
37631,Other-relative
37631,Own-child
37631,Wife
44166,Not-in-family
44166,Unmarried
8948,Not-in-family
8948,Unmarried
25555,Not-in-family
25555,Unmarried
20913,Husband
20913,Not-in-family
20913,Other-relative
20913,Own-child
20913,Unmarried
20913,Wife
20957,Not-in-family
20957,Unmarried
26775,Husband
26775,Not-in-family
26775,Other-relative
26775,Own-child
26775,Unmarried
26775,Wife
36869,Husband
36869,Other-relative
36869,Own-child
36869,Wife
256,Husband
256,Not-in-family
256,Other-relative
256,Own-child
256,Unmarried
256,Wife
32740,Husband
32740,Not-in-family
32740,Other-relative
32740,Own-child
32740,Unmarried
32740,Wife
24939,Not-in-family
24939,Unmarried
41796,Husband
41796,Not-in-family
41796,Other-relative
41796,Own-child
41796,Unmarried
41796,Wife
48333,Husband
48333,Not-in-family
48333,Other-relative
48333,Own-child
48333,Unmarried
48333,Wife
34018,Husband
34018,Not-in-family
34018,Other-relative
34018,Own-child
34018,Unmarried
34018,Wife
17323,Husband
17323,Not-in-family
17323,Other-relative
17323,Own-child
17323,Unmarried
17323,Wife
27897,Husband
27897,Not-in-family
27897,Other-relative
27897,Own-child
27897,Unmarried
27897,Wife
11398,Husband
11398,Other-relative
11398,Own-child
11398,Wife
32880,Husband
32880,Other-relative
32880,Own-child
32880,Wife
31426,Husband
31426,Not-in-family
31426,Other-relative
31426,Own-child
31426,Unmarried
31426,Wife
42383,Husband
42383,Not-in-family
42383,Other-relative
42383,Own-child
42383,Unmarried
42383,Wife
4502,Husband
4502,Other-relative
4502,Own-child
4502,Wife
31592,Husband
31592,Not-in-family
31592,Other-relative
31592,Own-child
31592,Unmarried
31592,Wife
34066,Husband
34066,Not-in-family
34066,Other-relative
34066,Own-child
34066,Unmarried
34066,Wife
12679,Not-in-family
12679,Unmarried
45589,Husband
45589,Other-relative
45589,Own-child
45589,Wife
36699,Husband
36699,Not-in-family
36699,Other-relative
36699,Own-child
36699,Unmarried
36699,Wife
21148,Not-in-family
21148,Unmarried
23481,Husband
23481,Not-in-family
23481,Other-relative
23481,Own-child
23481,Unmarried
23481,Wife
37863,Not-in-family
37863,Unmarried
34332,Husband
34332,Other-relative
34332,Own-child
34332,Wife
42455,Husband
42455,Other-relative
42455,Own-child
42455,Wife
20950,Husband
20950,Not-in-family
20950,Other-relative
20950,Own-child
20950,Unmarried
20950,Wife
19691,Husband
19691,Other-relative
19691,Own-child
19691,Wife
2360,Husband
2360,Other-relative
2360,Own-child
2360,Wife
37760,Husband
37760,Not-in-family
37760,Other-relative
37760,Own-child
37760,Unmarried
37760,Wife
9561,Not-in-family
9561,Unmarried
342,Husband
342,Not-in-family
342,Other-relative
342,Own-child
342,Unmarried
342,Wife
39541,Husband
39541,Other-relative
39541,Own-child
39541,Wife
48701,Husband
48701,Not-in-family
48701,Other-relative
48701,Own-child
48701,Unmarried
48701,Wife
1066,Husband
1066,Not-in-family
1066,Other-relative
1066,Own-child
1066,Unmarried
1066,Wife
28857,Not-in-family
28857,Unmarried
4395,Husband
4395,Other-relative
4395,Own-child
4395,Wife
21042,Not-in-family
21042,Unmarried
31962,Husband
31962,Other-relative
31962,Own-child
31962,Wife
12806,Husband
12806,Not-in-family
12806,Other-relative
12806,Own-child
12806,Unmarried
12806,Wife
22489,Husband
22489,Not-in-family
22489,Other-relative
22489,Own-child
22489,Unmarried
22489,Wife
18641,Husband
18641,Not-in-family
18641,Other-relative
18641,Own-child
18641,Unmarried
18641,Wife
16045,Husband
16045,Not-in-family
16045,Other-relative
16045,Own-child
16045,Unmarried
16045,Wife
44190,Husband
44190,Not-in-family
44190,Other-relative
44190,Own-child
44190,Unmarried
44190,Wife
5806,Husband
5806,Other-relative
5806,Own-child
5806,Wife
43294,Husband
43294,Not-in-family
43294,Other-relative
43294,Own-child
43294,Unmarried
43294,Wife
682,Husband
682,Not-in-family
682,Other-relative
682,Own-child
682,Unmarried
682,Wife
1753,Not-in-family
1753,Unmarried
16809,Husband
16809,Other-relative
16809,Own-child
16809,Wife
25354,Not-in-family
25354,Unmarried
33645,Husband
33645,Not-in-family
33645,Other-relative
33645,Own-child
33645,Unmarried
33645,Wife
21061,Husband
21061,Not-in-family
21061,Other-relative
21061,Own-child
21061,Unmarried
21061,Wife
45195,Husband
45195,Not-in-family
45195,Other-relative
45195,Own-child
45195,Unmarried
45195,Wife
32779,Not-in-family
32779,Unmarried
44302,Husband
44302,Other-relative
44302,Own-child
44302,Wife
20586,Not-in-family
20586,Unmarried
27781,Husband
27781,Not-in-family
27781,Other-relative
27781,Own-child
27781,Unmarried
27781,Wife
7860,Husband
7860,Other-relative
7860,Own-child
7860,Wife
22590,Husband
22590,Other-relative
22590,Own-child
22590,Wife
38309,Not-in-family
38309,Unmarried
13163,Husband
13163,Other-relative
13163,Own-child
13163,Wife
42089,Husband
42089,Not-in-family
42089,Other-relative
42089,Own-child
42089,Unmarried
42089,Wife
21963,Not-in-family
21963,Unmarried
8642,Husband
8642,Other-relative
8642,Own-child
8642,Wife
45594,Husband
45594,Not-in-family
45594,Other-relative
45594,Own-child
45594,Unmarried
45594,Wife
31179,Husband
31179,Other-relative
31179,Own-child
31179,Wife
31643,Husband
31643,Not-in-family
31643,Other-relative
31643,Own-child
31643,Unmarried
31643,Wife
22044,Not-in-family
22044,Unmarried
26267,Not-in-family
26267,Unmarried
8597,Not-in-family
8597,Unmarried
27705,Not-in-family
27705,Unmarried
34140,Husband
34140,Not-in-family
34140,Other-relative
34140,Own-child
34140,Unmarried
34140,Wife
16450,Husband
16450,Not-in-family
16450,Other-relative
16450,Own-child
16450,Unmarried
16450,Wife
40503,Husband
40503,Other-relative
40503,Own-child
40503,Wife
45775,Not-in-family
45775,Unmarried
22920,Husband
22920,Other-relative
22920,Own-child
22920,Wife
6755,Husband
6755,Not-in-family
6755,Other-relative
6755,Own-child
6755,Unmarried
6755,Wife
43386,Husband
43386,Not-in-family
43386,Other-relative
43386,Own-child
43386,Unmarried
43386,Wife
29244,Husband
29244,Not-in-family
29244,Other-relative
29244,Own-child
29244,Unmarried
29244,Wife
45989,Husband
45989,Other-relative
45989,Own-child
45989,Wife
17363,Husband
17363,Other-relative
17363,Own-child
17363,Wife
29900,Husband
29900,Other-relative
29900,Own-child
29900,Wife
48054,Husband
48054,Other-relative
48054,Own-child
48054,Wife
37273,Husband
37273,Not-in-family
37273,Other-relative
37273,Own-child
37273,Unmarried
37273,Wife
6915,Husband
6915,Not-in-family
6915,Other-relative
6915,Own-child
6915,Unmarried
6915,Wife
22674,Husband
22674,Other-relative
22674,Own-child
22674,Wife
24449,Husband
24449,Other-relative
24449,Own-child
24449,Wife
27420,Husband
27420,Not-in-family
27420,Other-relative
27420,Own-child
27420,Unmarried
27420,Wife
43302,Husband
43302,Not-in-family
43302,Other-relative
43302,Own-child
43302,Unmarried
43302,Wife
9579,Not-in-family
9579,Unmarried
31617,Not-in-family
31617,Unmarried
6152,Not-in-family
6152,Unmarried
45415,Husband
45415,Not-in-family
45415,Other-relative
45415,Own-child
45415,Unmarried
45415,Wife
10766,Husband
10766,Not-in-family
10766,Other-relative
10766,Own-child
10766,Unmarried
10766,Wife
35707,Husband
35707,Other-relative
35707,Own-child
35707,Wife
22145,Husband
22145,Other-relative
22145,Own-child
22145,Wife
20081,Husband
20081,Other-relative
20081,Own-child
20081,Wife
36014,Not-in-family
36014,Unmarried
23092,Husband
23092,Not-in-family
23092,Other-relative
23092,Own-child
23092,Unmarried
23092,Wife
37829,Husband
37829,Not-in-family
37829,Other-relative
37829,Own-child
37829,Unmarried
37829,Wife
13090,Husband
13090,Not-in-family
13090,Other-relative
13090,Own-child
13090,Unmarried
13090,Wife
34540,Husband
34540,Not-in-family
34540,Other-relative
34540,Own-child
34540,Unmarried
34540,Wife
361,Husband
361,Other-relative
361,Own-child
361,Wife
19846,Husband
19846,Not-in-family
19846,Other-relative
19846,Own-child
19846,Unmarried
19846,Wife
15395,Husband
15395,Not-in-family
15395,Other-relative
15395,Own-child
15395,Unmarried
15395,Wife
21652,Husband
21652,Not-in-family
21652,Other-relative
21652,Own-child
21652,Unmarried
21652,Wife
6375,Husband
6375,Other-relative
6375,Own-child
6375,Wife
39228,Husband
39228,Not-in-family
39228,Other-relative
39228,Own-child
39228,Unmarried
39228,Wife
9187,Husband
9187,Not-in-family
9187,Other-relative
9187,Own-child
9187,Unmarried
9187,Wife
27576,Husband
27576,Not-in-family
27576,Other-relative
27576,Own-child
27576,Unmarried
27576,Wife
35643,Not-in-family
35643,Unmarried
34581,Husband
34581,Not-in-family
34581,Other-relative
34581,Own-child
34581,Unmarried
34581,Wife
24218,Husband
24218,Not-in-family
24218,Other-relative
24218,Own-child
24218,Unmarried
24218,Wife
36661,Husband
36661,Other-relative
36661,Own-child
36661,Wife
2873,Not-in-family
2873,Unmarried
4089,Husband
4089,Other-relative
4089,Own-child
4089,Wife
7997,Husband
7997,Not-in-family
7997,Other-relative
7997,Own-child
7997,Unmarried
7997,Wife
20671,Husband
20671,Not-in-family
20671,Other-relative
20671,Own-child
20671,Unmarried
20671,Wife
11657,Husband
11657,Other-relative
11657,Own-child
11657,Wife
44440,Husband
44440,Other-relative
44440,Own-child
44440,Wife
26231,Husband
26231,Other-relative
26231,Own-child
26231,Wife
26531,Husband
26531,Other-relative
26531,Own-child
26531,Wife
36637,Husband
36637,Not-in-family
36637,Other-relative
36637,Own-child
36637,Unmarried
36637,Wife
9255,Not-in-family
9255,Unmarried
45959,Husband
45959,Not-in-family
45959,Other-relative
45959,Own-child
45959,Unmarried
45959,Wife
43050,Not-in-family
43050,Unmarried
30135,Husband
30135,Other-relative
30135,Own-child
30135,Wife
15312,Not-in-family
15312,Unmarried
30325,Husband
30325,Other-relative
30325,Own-child
30325,Wife
42747,Husband
42747,Not-in-family
42747,Other-relative
42747,Own-child
42747,Unmarried
42747,Wife
27934,Husband
27934,Not-in-family
27934,Other-relative
27934,Own-child
27934,Unmarried
27934,Wife
9554,Husband
9554,Not-in-family
9554,Other-relative
9554,Own-child
9554,Unmarried
9554,Wife
36233,Husband
36233,Not-in-family
36233,Other-relative
36233,Own-child
36233,Unmarried
36233,Wife
8314,Not-in-family
8314,Unmarried
10793,Husband
10793,Not-in-family
10793,Other-relative
10793,Own-child
10793,Unmarried
10793,Wife
19692,Husband
19692,Not-in-family
19692,Other-relative
19692,Own-child
19692,Unmarried
19692,Wife
20018,Husband
20018,Not-in-family
20018,Other-relative
20018,Own-child
20018,Unmarried
20018,Wife
33214,Husband
33214,Not-in-family
33214,Other-relative
33214,Own-child
33214,Unmarried
33214,Wife
27772,Husband
27772,Not-in-family
27772,Other-relative
27772,Own-child
27772,Unmarried
27772,Wife
40495,Husband
40495,Other-relative
40495,Own-child
40495,Wife
20660,Husband
20660,Not-in-family
20660,Other-relative
20660,Own-child
20660,Unmarried
20660,Wife
43651,Not-in-family
43651,Unmarried
12064,Husband
12064,Not-in-family
12064,Other-relative
12064,Own-child
12064,Unmarried
12064,Wife
31532,Husband
31532,Other-relative
31532,Own-child
31532,Wife
9136,Husband
9136,Not-in-family
9136,Other-relative
9136,Own-child
9136,Unmarried
9136,Wife
21756,Husband
21756,Other-relative
21756,Own-child
21756,Wife
27226,Husband
27226,Not-in-family
27226,Other-relative
27226,Own-child
27226,Unmarried
27226,Wife
38143,Husband
38143,Not-in-family
38143,Other-relative
38143,Own-child
38143,Unmarried
38143,Wife
27928,Husband
27928,Not-in-family
27928,Other-relative
27928,Own-child
27928,Unmarried
27928,Wife
40067,Husband
40067,Other-relative
40067,Own-child
40067,Wife
14087,Husband
14087,Not-in-family
14087,Other-relative
14087,Own-child
14087,Unmarried
14087,Wife
32960,Husband
32960,Other-relative
32960,Own-child
32960,Wife
38771,Husband
38771,Other-relative
38771,Own-child
38771,Wife
9636,Husband
9636,Not-in-family
9636,Other-relative
9636,Own-child
9636,Unmarried
9636,Wife
18046,Husband
18046,Not-in-family
18046,Other-relative
18046,Own-child
18046,Unmarried
18046,Wife
2546,Husband
2546,Other-relative
2546,Own-child
2546,Wife
17459,Husband
17459,Other-relative
17459,Own-child
17459,Wife
37213,Not-in-family
37213,Unmarried
15981,Husband
15981,Not-in-family
15981,Other-relative
15981,Own-child
15981,Unmarried
15981,Wife
6065,Husband
6065,Other-relative
6065,Own-child
6065,Wife
8855,Husband
8855,Not-in-family
8855,Other-relative
8855,Own-child
8855,Unmarried
8855,Wife
8103,Husband
8103,Not-in-family
8103,Other-relative
8103,Own-child
8103,Unmarried
8103,Wife
24233,Husband
24233,Not-in-family
24233,Other-relative
24233,Own-child
24233,Unmarried
24233,Wife
33913,Husband
33913,Not-in-family
33913,Other-relative
33913,Own-child
33913,Unmarried
33913,Wife
43064,Not-in-family
43064,Unmarried
13521,Not-in-family
13521,Unmarried
29566,Husband
29566,Not-in-family
29566,Other-relative
29566,Own-child
29566,Unmarried
29566,Wife
20570,Husband
20570,Not-in-family
20570,Other-relative
20570,Own-child
20570,Unmarried
20570,Wife
47918,Not-in-family
47918,Unmarried
19199,Husband
19199,Not-in-family
19199,Other-relative
19199,Own-child
19199,Unmarried
19199,Wife
40872,Husband
40872,Other-relative
40872,Own-child
40872,Wife
47013,Not-in-family
47013,Unmarried
20437,Not-in-family
20437,Unmarried
34985,Husband
34985,Not-in-family
34985,Other-relative
34985,Own-child
34985,Unmarried
34985,Wife
17199,Husband
17199,Not-in-family
17199,Other-relative
17199,Own-child
17199,Unmarried
17199,Wife
14979,Husband
14979,Not-in-family
14979,Other-relative
14979,Own-child
14979,Unmarried
14979,Wife
2667,Husband
2667,Other-relative
2667,Own-child
2667,Wife
16959,Husband
16959,Other-relative
16959,Own-child
16959,Wife
47978,Husband
47978,Other-relative
47978,Own-child
47978,Wife
40654,Husband
40654,Other-relative
40654,Own-child
40654,Wife
17042,Husband
17042,Other-relative
17042,Own-child
17042,Wife
22623,Husband
22623,Not-in-family
22623,Other-relative
22623,Own-child
22623,Unmarried
22623,Wife
28665,Not-in-family
28665,Unmarried
17484,Husband
17484,Other-relative
17484,Own-child
17484,Wife
932,Husband
932,Not-in-family
932,Other-relative
932,Own-child
932,Unmarried
932,Wife
26071,Not-in-family
26071,Unmarried
17507,Husband
17507,Other-relative
17507,Own-child
17507,Wife
28781,Husband
28781,Not-in-family
28781,Other-relative
28781,Own-child
28781,Unmarried
28781,Wife
3013,Husband
3013,Not-in-family
3013,Other-relative
3013,Own-child
3013,Unmarried
3013,Wife
20043,Husband
20043,Other-relative
20043,Own-child
20043,Wife
41499,Husband
41499,Other-relative
41499,Own-child
41499,Wife
22706,Husband
22706,Not-in-family
22706,Other-relative
22706,Own-child
22706,Unmarried
22706,Wife
42530,Husband
42530,Not-in-family
42530,Other-relative
42530,Own-child
42530,Unmarried
42530,Wife
13596,Not-in-family
13596,Unmarried
29217,Not-in-family
29217,Unmarried
45650,Husband
45650,Other-relative
45650,Own-child
45650,Wife
41661,Husband
41661,Other-relative
41661,Own-child
41661,Wife
14909,Not-in-family
14909,Unmarried
2881,Husband
2881,Not-in-family
2881,Other-relative
2881,Own-child
2881,Unmarried
2881,Wife
28947,Husband
28947,Not-in-family
28947,Other-relative
28947,Own-child
28947,Unmarried
28947,Wife
11810,Not-in-family
11810,Unmarried
44141,Husband
44141,Not-in-family
44141,Other-relative
44141,Own-child
44141,Unmarried
44141,Wife
16349,Not-in-family
16349,Unmarried
7037,Husband
7037,Other-relative
7037,Own-child
7037,Wife
322,Husband
322,Not-in-family
322,Other-relative
322,Own-child
322,Unmarried
322,Wife
26426,Husband
26426,Other-relative
26426,Own-child
26426,Wife
29733,Husband
29733,Not-in-family
29733,Other-relative
29733,Own-child
29733,Unmarried
29733,Wife
36960,Husband
36960,Other-relative
36960,Own-child
36960,Wife
15502,Husband
15502,Other-relative
15502,Own-child
15502,Wife
4062,Husband
4062,Other-relative
4062,Own-child
4062,Wife
20240,Husband
20240,Other-relative
20240,Own-child
20240,Wife
47253,Husband
47253,Other-relative
47253,Own-child
47253,Wife
21681,Husband
21681,Other-relative
21681,Own-child
21681,Wife
27007,Husband
27007,Other-relative
27007,Own-child
27007,Wife
15386,Husband
15386,Not-in-family
15386,Other-relative
15386,Own-child
15386,Unmarried
15386,Wife
35494,Husband
35494,Not-in-family
35494,Other-relative
35494,Own-child
35494,Unmarried
35494,Wife
40893,Husband
40893,Not-in-family
40893,Other-relative
40893,Own-child
40893,Unmarried
40893,Wife
11342,Husband
11342,Not-in-family
11342,Other-relative
11342,Own-child
11342,Unmarried
11342,Wife
2193,Husband
2193,Other-relative
2193,Own-child
2193,Wife
31309,Husband
31309,Not-in-family
31309,Other-relative
31309,Own-child
31309,Unmarried
31309,Wife
31406,Husband
31406,Other-relative
31406,Own-child
31406,Wife
577,Husband
577,Not-in-family
577,Other-relative
577,Own-child
577,Unmarried
577,Wife
31424,Husband
31424,Other-relative
31424,Own-child
31424,Wife
23631,Husband
23631,Not-in-family
23631,Other-relative
23631,Own-child
23631,Unmarried
23631,Wife
17393,Husband
17393,Not-in-family
17393,Other-relative
17393,Own-child
17393,Unmarried
17393,Wife
34983,Husband
34983,Not-in-family
34983,Other-relative
34983,Own-child
34983,Unmarried
34983,Wife
3422,Husband
3422,Not-in-family
3422,Other-relative
3422,Own-child
3422,Unmarried
3422,Wife
43067,Husband
43067,Other-relative
43067,Own-child
43067,Wife
22531,Husband
22531,Other-relative
22531,Own-child
22531,Wife
34240,Husband
34240,Not-in-family
34240,Other-relative
34240,Own-child
34240,Unmarried
34240,Wife
12594,Husband
12594,Not-in-family
12594,Other-relative
12594,Own-child
12594,Unmarried
12594,Wife
23447,Husband
23447,Not-in-family
23447,Other-relative
23447,Own-child
23447,Unmarried
23447,Wife
6544,Husband
6544,Not-in-family
6544,Other-relative
6544,Own-child
6544,Unmarried
6544,Wife
33799,Husband
33799,Other-relative
33799,Own-child
33799,Wife
46421,Husband
46421,Other-relative
46421,Own-child
46421,Wife
31687,Husband
31687,Not-in-family
31687,Other-relative
31687,Own-child
31687,Unmarried
31687,Wife
37452,Husband
37452,Not-in-family
37452,Other-relative
37452,Own-child
37452,Unmarried
37452,Wife
26957,Not-in-family
26957,Unmarried
9886,Husband
9886,Not-in-family
9886,Other-relative
9886,Own-child
9886,Unmarried
9886,Wife
39677,Husband
39677,Not-in-family
39677,Other-relative
39677,Own-child
39677,Unmarried
39677,Wife
38847,Not-in-family
38847,Unmarried
25805,Husband
25805,Not-in-family
25805,Other-relative
25805,Own-child
25805,Unmarried
25805,Wife
8824,Husband
8824,Not-in-family
8824,Other-relative
8824,Own-child
8824,Unmarried
8824,Wife
26511,Husband
26511,Not-in-family
26511,Other-relative
26511,Own-child
26511,Unmarried
26511,Wife
2871,Husband
2871,Not-in-family
2871,Other-relative
2871,Own-child
2871,Unmarried
2871,Wife
19697,Husband
19697,Other-relative
19697,Own-child
19697,Wife
46675,Not-in-family
46675,Unmarried
33694,Husband
33694,Not-in-family
33694,Other-relative
33694,Own-child
33694,Unmarried
33694,Wife
44368,Husband
44368,Not-in-family
44368,Other-relative
44368,Own-child
44368,Unmarried
44368,Wife
48096,Husband
48096,Not-in-family
48096,Other-relative
48096,Own-child
48096,Unmarried
48096,Wife
8775,Husband
8775,Not-in-family
8775,Other-relative
8775,Own-child
8775,Unmarried
8775,Wife
29186,Husband
29186,Not-in-family
29186,Other-relative
29186,Own-child
29186,Unmarried
29186,Wife
7524,Husband
7524,Not-in-family
7524,Other-relative
7524,Own-child
7524,Unmarried
7524,Wife
17526,Husband
17526,Other-relative
17526,Own-child
17526,Wife
3386,Husband
3386,Not-in-family
3386,Other-relative
3386,Own-child
3386,Unmarried
3386,Wife
6875,Not-in-family
6875,Unmarried
5969,Husband
5969,Not-in-family
5969,Other-relative
5969,Own-child
5969,Unmarried
5969,Wife
2770,Husband
2770,Not-in-family
2770,Other-relative
2770,Own-child
2770,Unmarried
2770,Wife
37975,Husband
37975,Not-in-family
37975,Other-relative
37975,Own-child
37975,Unmarried
37975,Wife
11095,Not-in-family
11095,Unmarried
14088,Not-in-family
14088,Unmarried
25741,Husband
25741,Not-in-family
25741,Other-relative
25741,Own-child
25741,Unmarried
25741,Wife
2659,Husband
2659,Not-in-family
2659,Other-relative
2659,Own-child
2659,Unmarried
2659,Wife
16638,Not-in-family
16638,Unmarried
40343,Husband
40343,Other-relative
40343,Own-child
40343,Wife
38933,Husband
38933,Other-relative
38933,Own-child
38933,Wife
15117,Husband
15117,Not-in-family
15117,Other-relative
15117,Own-child
15117,Unmarried
15117,Wife
31752,Husband
31752,Not-in-family
31752,Other-relative
31752,Own-child
31752,Unmarried
31752,Wife
46183,Husband
46183,Not-in-family
46183,Other-relative
46183,Own-child
46183,Unmarried
46183,Wife
18986,Husband
18986,Other-relative
18986,Own-child
18986,Wife
15944,Husband
15944,Not-in-family
15944,Other-relative
15944,Own-child
15944,Unmarried
15944,Wife
28640,Husband
28640,Not-in-family
28640,Other-relative
28640,Own-child
28640,Unmarried
28640,Wife
34077,Husband
34077,Not-in-family
34077,Other-relative
34077,Own-child
34077,Unmarried
34077,Wife
15647,Husband
15647,Not-in-family
15647,Other-relative
15647,Own-child
15647,Unmarried
15647,Wife
16034,Husband
16034,Not-in-family
16034,Other-relative
16034,Own-child
16034,Unmarried
16034,Wife
23068,Husband
23068,Not-in-family
23068,Other-relative
23068,Own-child
23068,Unmarried
23068,Wife
37501,Husband
37501,Not-in-family
37501,Other-relative
37501,Own-child
37501,Unmarried
37501,Wife
13654,Husband
13654,Other-relative
13654,Own-child
13654,Wife
14521,Husband
14521,Not-in-family
14521,Other-relative
14521,Own-child
14521,Unmarried
14521,Wife
12513,Husband
12513,Not-in-family
12513,Other-relative
12513,Own-child
12513,Unmarried
12513,Wife
13523,Husband
13523,Not-in-family
13523,Other-relative
13523,Own-child
13523,Unmarried
13523,Wife
47660,Husband
47660,Other-relative
47660,Own-child
47660,Wife
2418,Husband
2418,Not-in-family
2418,Other-relative
2418,Own-child
2418,Unmarried
2418,Wife
30451,Husband
30451,Not-in-family
30451,Other-relative
30451,Own-child
30451,Unmarried
30451,Wife
2623,Husband
2623,Not-in-family
2623,Other-relative
2623,Own-child
2623,Unmarried
2623,Wife
43983,Husband
43983,Other-relative
43983,Own-child
43983,Wife
12524,Husband
12524,Other-relative
12524,Own-child
12524,Wife
21707,Husband
21707,Other-relative
21707,Own-child
21707,Wife
32772,Husband
32772,Not-in-family
32772,Other-relative
32772,Own-child
32772,Unmarried
32772,Wife
14237,Husband
14237,Other-relative
14237,Own-child
14237,Wife
21375,Husband
21375,Not-in-family
21375,Other-relative
21375,Own-child
21375,Unmarried
21375,Wife
43176,Husband
43176,Other-relative
43176,Own-child
43176,Wife
15567,Husband
15567,Not-in-family
15567,Other-relative
15567,Own-child
15567,Unmarried
15567,Wife
44705,Husband
44705,Not-in-family
44705,Other-relative
44705,Own-child
44705,Unmarried
44705,Wife
42060,Husband
42060,Other-relative
42060,Own-child
42060,Wife
4530,Husband
4530,Not-in-family
4530,Other-relative
4530,Own-child
4530,Unmarried
4530,Wife
5971,Husband
5971,Not-in-family
5971,Other-relative
5971,Own-child
5971,Unmarried
5971,Wife
38705,Husband
38705,Not-in-family
38705,Other-relative
38705,Own-child
38705,Unmarried
38705,Wife
22132,Husband
22132,Other-relative
22132,Own-child
22132,Wife
3405,Husband
3405,Not-in-family
3405,Other-relative
3405,Own-child
3405,Unmarried
3405,Wife
13787,Husband
13787,Not-in-family
13787,Other-relative
13787,Own-child
13787,Unmarried
13787,Wife
4013,Husband
4013,Other-relative
4013,Own-child
4013,Wife
1497,Not-in-family
1497,Unmarried
46430,Husband
46430,Not-in-family
46430,Other-relative
46430,Own-child
46430,Unmarried
46430,Wife
33670,Husband
33670,Not-in-family
33670,Other-relative
33670,Own-child
33670,Unmarried
33670,Wife
1177,Husband
1177,Not-in-family
1177,Other-relative
1177,Own-child
1177,Unmarried
1177,Wife
36710,Not-in-family
36710,Unmarried
30605,Husband
30605,Other-relative
30605,Own-child
30605,Wife
30957,Husband
30957,Not-in-family
30957,Other-relative
30957,Own-child
30957,Unmarried
30957,Wife
44844,Husband
44844,Not-in-family
44844,Other-relative
44844,Own-child
44844,Unmarried
44844,Wife
19627,Husband
19627,Other-relative
19627,Own-child
19627,Wife
41420,Husband
41420,Other-relative
41420,Own-child
41420,Wife
24935,Husband
24935,Not-in-family
24935,Other-relative
24935,Own-child
24935,Unmarried
24935,Wife
17445,Husband
17445,Not-in-family
17445,Other-relative
17445,Own-child
17445,Unmarried
17445,Wife
27437,Not-in-family
27437,Unmarried
31429,Husband
31429,Not-in-family
31429,Other-relative
31429,Own-child
31429,Unmarried
31429,Wife
11137,Not-in-family
11137,Unmarried
20142,Husband
20142,Not-in-family
20142,Other-relative
20142,Own-child
20142,Unmarried
20142,Wife
4384,Husband
4384,Other-relative
4384,Own-child
4384,Wife
20504,Husband
20504,Other-relative
20504,Own-child
20504,Wife
29659,Husband
29659,Other-relative
29659,Own-child
29659,Wife
595,Husband
595,Not-in-family
595,Other-relative
595,Own-child
595,Unmarried
595,Wife
21695,Husband
21695,Other-relative
21695,Own-child
21695,Wife
33616,Husband
33616,Other-relative
33616,Own-child
33616,Wife
44272,Not-in-family
44272,Unmarried
29237,Husband
29237,Other-relative
29237,Own-child
29237,Wife
44558,Husband
44558,Not-in-family
44558,Other-relative
44558,Own-child
44558,Unmarried
44558,Wife
22232,Husband
22232,Not-in-family
22232,Other-relative
22232,Own-child
22232,Unmarried
22232,Wife
48611,Husband
48611,Not-in-family
48611,Other-relative
48611,Own-child
48611,Unmarried
48611,Wife
5630,Not-in-family
5630,Unmarried
47222,Husband
47222,Not-in-family
47222,Other-relative
47222,Own-child
47222,Unmarried
47222,Wife
11649,Husband
11649,Other-relative
11649,Own-child
11649,Wife
23600,Husband
23600,Other-relative
23600,Own-child
23600,Wife
32976,Husband
32976,Other-relative
32976,Own-child
32976,Wife
42940,Husband
42940,Other-relative
42940,Own-child
42940,Wife
25714,Not-in-family
25714,Unmarried
28122,Not-in-family
28122,Unmarried
36854,Husband
36854,Not-in-family
36854,Other-relative
36854,Own-child
36854,Unmarried
36854,Wife
48818,Not-in-family
48818,Unmarried
37811,Husband
37811,Other-relative
37811,Own-child
37811,Wife
30078,Husband
30078,Not-in-family
30078,Other-relative
30078,Own-child
30078,Unmarried
30078,Wife
17170,Husband
17170,Not-in-family
17170,Other-relative
17170,Own-child
17170,Unmarried
17170,Wife
18773,Husband
18773,Other-relative
18773,Own-child
18773,Wife
13511,Husband
13511,Other-relative
13511,Own-child
13511,Wife
20946,Husband
20946,Not-in-family
20946,Other-relative
20946,Own-child
20946,Unmarried
20946,Wife
13346,Husband
13346,Other-relative
13346,Own-child
13346,Wife
24977,Husband
24977,Other-relative
24977,Own-child
24977,Wife
32078,Not-in-family
32078,Unmarried
40244,Husband
40244,Not-in-family
40244,Other-relative
40244,Own-child
40244,Unmarried
40244,Wife
2401,Husband
2401,Not-in-family
2401,Other-relative
2401,Own-child
2401,Unmarried
2401,Wife
1412,Husband
1412,Other-relative
1412,Own-child
1412,Wife
27786,Husband
27786,Not-in-family
27786,Other-relative
27786,Own-child
27786,Unmarried
27786,Wife
21827,Husband
21827,Other-relative
21827,Own-child
21827,Wife
11007,Husband
11007,Not-in-family
11007,Other-relative
11007,Own-child
11007,Unmarried
11007,Wife
43689,Husband
43689,Other-relative
43689,Own-child
43689,Wife
45799,Husband
45799,Other-relative
45799,Own-child
45799,Wife
26412,Husband
26412,Not-in-family
26412,Other-relative
26412,Own-child
26412,Unmarried
26412,Wife
1489,Husband
1489,Not-in-family
1489,Other-relative
1489,Own-child
1489,Unmarried
1489,Wife
6656,Husband
6656,Not-in-family
6656,Other-relative
6656,Own-child
6656,Unmarried
6656,Wife
23953,Husband
23953,Other-relative
23953,Own-child
23953,Wife
12074,Husband
12074,Not-in-family
12074,Other-relative
12074,Own-child
12074,Unmarried
12074,Wife
39022,Husband
39022,Not-in-family
39022,Other-relative
39022,Own-child
39022,Unmarried
39022,Wife
47150,Husband
47150,Other-relative
47150,Own-child
47150,Wife
14488,Husband
14488,Not-in-family
14488,Other-relative
14488,Own-child
14488,Unmarried
14488,Wife
317,Husband
317,Not-in-family
317,Other-relative
317,Own-child
317,Unmarried
317,Wife
12650,Husband
12650,Not-in-family
12650,Other-relative
12650,Own-child
12650,Unmarried
12650,Wife
257,Not-in-family
257,Unmarried
2227,Not-in-family
2227,Unmarried
19956,Not-in-family
19956,Unmarried
46606,Husband
46606,Not-in-family
46606,Other-relative
46606,Own-child
46606,Unmarried
46606,Wife
7505,Not-in-family
7505,Unmarried
36114,Husband
36114,Not-in-family
36114,Other-relative
36114,Own-child
36114,Unmarried
36114,Wife
1168,Husband
1168,Other-relative
1168,Own-child
1168,Wife
7625,Husband
7625,Not-in-family
7625,Other-relative
7625,Own-child
7625,Unmarried
7625,Wife
36163,Husband
36163,Other-relative
36163,Own-child
36163,Wife
8587,Husband
8587,Other-relative
8587,Own-child
8587,Wife
10389,Husband
10389,Other-relative
10389,Own-child
10389,Wife
31784,Husband
31784,Not-in-family
31784,Other-relative
31784,Own-child
31784,Unmarried
31784,Wife
27486,Husband
27486,Other-relative
27486,Own-child
27486,Wife
34796,Not-in-family
34796,Unmarried
24811,Husband
24811,Not-in-family
24811,Other-relative
24811,Own-child
24811,Unmarried
24811,Wife
15488,Husband
15488,Not-in-family
15488,Other-relative
15488,Own-child
15488,Unmarried
15488,Wife
32887,Husband
32887,Not-in-family
32887,Other-relative
32887,Own-child
32887,Unmarried
32887,Wife
24846,Husband
24846,Not-in-family
24846,Other-relative
24846,Own-child
24846,Unmarried
24846,Wife
39863,Husband
39863,Not-in-family
39863,Other-relative
39863,Own-child
39863,Unmarried
39863,Wife
25228,Husband
25228,Not-in-family
25228,Other-relative
25228,Own-child
25228,Unmarried
25228,Wife
8360,Not-in-family
8360,Unmarried
48281,Husband
48281,Other-relative
48281,Own-child
48281,Wife
39343,Husband
39343,Not-in-family
39343,Other-relative
39343,Own-child
39343,Unmarried
39343,Wife
37348,Husband
37348,Not-in-family
37348,Other-relative
37348,Own-child
37348,Unmarried
37348,Wife
3053,Husband
3053,Not-in-family
3053,Other-relative
3053,Own-child
3053,Unmarried
3053,Wife
38018,Not-in-family
38018,Unmarried
23341,Not-in-family
23341,Unmarried
36256,Husband
36256,Not-in-family
36256,Other-relative
36256,Own-child
36256,Unmarried
36256,Wife
13173,Husband
13173,Not-in-family
13173,Other-relative
13173,Own-child
13173,Unmarried
13173,Wife
14002,Husband
14002,Not-in-family
14002,Other-relative
14002,Own-child
14002,Unmarried
14002,Wife
17346,Husband
17346,Other-relative
17346,Own-child
17346,Wife
44002,Husband
44002,Not-in-family
44002,Other-relative
44002,Own-child
44002,Unmarried
44002,Wife
42508,Husband
42508,Not-in-family
42508,Other-relative
42508,Own-child
42508,Unmarried
42508,Wife
6053,Not-in-family
6053,Unmarried
14081,Husband
14081,Not-in-family
14081,Other-relative
14081,Own-child
14081,Unmarried
14081,Wife
7675,Husband
7675,Other-relative
7675,Own-child
7675,Wife
14932,Husband
14932,Other-relative
14932,Own-child
14932,Wife
32166,Not-in-family
32166,Unmarried
20785,Not-in-family
20785,Unmarried
30580,Husband
30580,Other-relative
30580,Own-child
30580,Wife
13049,Not-in-family
13049,Unmarried
27887,Husband
27887,Not-in-family
27887,Other-relative
27887,Own-child
27887,Unmarried
27887,Wife
20566,Husband
20566,Other-relative
20566,Own-child
20566,Wife
28635,Not-in-family
28635,Unmarried
7028,Not-in-family
7028,Unmarried
20961,Husband
20961,Not-in-family
20961,Other-relative
20961,Own-child
20961,Unmarried
20961,Wife
17396,Husband
17396,Not-in-family
17396,Other-relative
17396,Own-child
17396,Unmarried
17396,Wife
29667,Husband
29667,Not-in-family
29667,Other-relative
29667,Own-child
29667,Unmarried
29667,Wife
39798,Husband
39798,Other-relative
39798,Own-child
39798,Wife
24729,Husband
24729,Other-relative
24729,Own-child
24729,Wife
13092,Husband
13092,Not-in-family
13092,Other-relative
13092,Own-child
13092,Unmarried
13092,Wife
6881,Husband
6881,Not-in-family
6881,Other-relative
6881,Own-child
6881,Unmarried
6881,Wife
13702,Husband
13702,Not-in-family
13702,Other-relative
13702,Own-child
13702,Unmarried
13702,Wife
40732,Husband
40732,Other-relative
40732,Own-child
40732,Wife
30434,Husband
30434,Other-relative
30434,Own-child
30434,Wife
10135,Husband
10135,Other-relative
10135,Own-child
10135,Wife
1164,Husband
1164,Other-relative
1164,Own-child
1164,Wife
39830,Husband
39830,Not-in-family
39830,Other-relative
39830,Own-child
39830,Unmarried
39830,Wife
14532,Husband
14532,Other-relative
14532,Own-child
14532,Wife
29534,Husband
29534,Not-in-family
29534,Other-relative
29534,Own-child
29534,Unmarried
29534,Wife
10128,Husband
10128,Other-relative
10128,Own-child
10128,Wife
1470,Husband
1470,Other-relative
1470,Own-child
1470,Wife
20066,Husband
20066,Not-in-family
20066,Other-relative
20066,Own-child
20066,Unmarried
20066,Wife
45104,Not-in-family
45104,Unmarried
17146,Husband
17146,Not-in-family
17146,Other-relative
17146,Own-child
17146,Unmarried
17146,Wife
41559,Husband
41559,Not-in-family
41559,Other-relative
41559,Own-child
41559,Unmarried
41559,Wife
43710,Husband
43710,Not-in-family
43710,Other-relative
43710,Own-child
43710,Unmarried
43710,Wife
8840,Husband
8840,Other-relative
8840,Own-child
8840,Wife
6670,Not-in-family
6670,Unmarried
47515,Husband
47515,Other-relative
47515,Own-child
47515,Wife
47712,Husband
47712,Not-in-family
47712,Other-relative
47712,Own-child
47712,Unmarried
47712,Wife
30066,Not-in-family
30066,Unmarried
32540,Husband
32540,Not-in-family
32540,Other-relative
32540,Own-child
32540,Unmarried
32540,Wife
24128,Husband
24128,Other-relative
24128,Own-child
24128,Wife
975,Not-in-family
975,Unmarried
5011,Not-in-family
5011,Unmarried
21980,Not-in-family
21980,Unmarried
25876,Husband
25876,Other-relative
25876,Own-child
25876,Wife
40793,Husband
40793,Not-in-family
40793,Other-relative
40793,Own-child
40793,Unmarried
40793,Wife
9200,Husband
9200,Other-relative
9200,Own-child
9200,Wife
2282,Husband
2282,Not-in-family
2282,Other-relative
2282,Own-child
2282,Unmarried
2282,Wife
5491,Husband
5491,Not-in-family
5491,Other-relative
5491,Own-child
5491,Unmarried
5491,Wife
19635,Husband
19635,Not-in-family
19635,Other-relative
19635,Own-child
19635,Unmarried
19635,Wife
6184,Husband
6184,Not-in-family
6184,Other-relative
6184,Own-child
6184,Unmarried
6184,Wife
1994,Not-in-family
1994,Unmarried
47749,Not-in-family
47749,Unmarried
13259,Husband
13259,Not-in-family
13259,Other-relative
13259,Own-child
13259,Unmarried
13259,Wife
23732,Husband
23732,Other-relative
23732,Own-child
23732,Wife
27276,Husband
27276,Other-relative
27276,Own-child
27276,Wife
27827,Husband
27827,Not-in-family
27827,Other-relative
27827,Own-child
27827,Unmarried
27827,Wife
33854,Husband
33854,Other-relative
33854,Own-child
33854,Wife
6419,Husband
6419,Not-in-family
6419,Other-relative
6419,Own-child
6419,Unmarried
6419,Wife
40955,Husband
40955,Other-relative
40955,Own-child
40955,Wife
21082,Husband
21082,Other-relative
21082,Own-child
21082,Wife
29078,Husband
29078,Not-in-family
29078,Other-relative
29078,Own-child
29078,Unmarried
29078,Wife
31763,Husband
31763,Not-in-family
31763,Other-relative
31763,Own-child
31763,Unmarried
31763,Wife
16759,Husband
16759,Not-in-family
16759,Other-relative
16759,Own-child
16759,Unmarried
16759,Wife
20956,Husband
20956,Not-in-family
20956,Other-relative
20956,Own-child
20956,Unmarried
20956,Wife
14880,Husband
14880,Other-relative
14880,Own-child
14880,Wife
30761,Husband
30761,Not-in-family
30761,Other-relative
30761,Own-child
30761,Unmarried
30761,Wife
41457,Husband
41457,Not-in-family
41457,Other-relative
41457,Own-child
41457,Unmarried
41457,Wife
18881,Husband
18881,Not-in-family
18881,Other-relative
18881,Own-child
18881,Unmarried
18881,Wife
6136,Husband
6136,Other-relative
6136,Own-child
6136,Wife
3521,Husband
3521,Not-in-family
3521,Other-relative
3521,Own-child
3521,Unmarried
3521,Wife
6250,Husband
6250,Not-in-family
6250,Other-relative
6250,Own-child
6250,Unmarried
6250,Wife
20149,Husband
20149,Not-in-family
20149,Other-relative
20149,Own-child
20149,Unmarried
20149,Wife
33506,Husband
33506,Other-relative
33506,Own-child
33506,Wife
38051,Not-in-family
38051,Unmarried
23266,Husband
23266,Not-in-family
23266,Other-relative
23266,Own-child
23266,Unmarried
23266,Wife
6481,Husband
6481,Not-in-family
6481,Other-relative
6481,Own-child
6481,Unmarried
6481,Wife
17195,Husband
17195,Other-relative
17195,Own-child
17195,Wife
17339,Not-in-family
17339,Unmarried
23642,Husband
23642,Not-in-family
23642,Other-relative
23642,Own-child
23642,Unmarried
23642,Wife
16946,Husband
16946,Not-in-family
16946,Other-relative
16946,Own-child
16946,Unmarried
16946,Wife
39229,Husband
39229,Other-relative
39229,Own-child
39229,Wife
13208,Husband
13208,Not-in-family
13208,Other-relative
13208,Own-child
13208,Unmarried
13208,Wife
29071,Husband
29071,Not-in-family
29071,Other-relative
29071,Own-child
29071,Unmarried
29071,Wife
22753,Not-in-family
22753,Unmarried
14818,Husband
14818,Not-in-family
14818,Other-relative
14818,Own-child
14818,Unmarried
14818,Wife
9219,Husband
9219,Not-in-family
9219,Other-relative
9219,Own-child
9219,Unmarried
9219,Wife
19737,Husband
19737,Other-relative
19737,Own-child
19737,Wife
13882,Not-in-family
13882,Unmarried
33277,Husband
33277,Not-in-family
33277,Other-relative
33277,Own-child
33277,Unmarried
33277,Wife
9570,Husband
9570,Other-relative
9570,Own-child
9570,Wife
16661,Husband
16661,Not-in-family
16661,Other-relative
16661,Own-child
16661,Unmarried
16661,Wife
25471,Husband
25471,Other-relative
25471,Own-child
25471,Wife
31662,Not-in-family
31662,Unmarried
38751,Husband
38751,Other-relative
38751,Own-child
38751,Wife
23322,Husband
23322,Not-in-family
23322,Other-relative
23322,Own-child
23322,Unmarried
23322,Wife
34480,Husband
34480,Not-in-family
34480,Other-relative
34480,Own-child
34480,Unmarried
34480,Wife
27468,Not-in-family
27468,Unmarried
32210,Husband
32210,Not-in-family
32210,Other-relative
32210,Own-child
32210,Unmarried
32210,Wife
41222,Not-in-family
41222,Unmarried
35824,Husband
35824,Not-in-family
35824,Other-relative
35824,Own-child
35824,Unmarried
35824,Wife
13618,Not-in-family
13618,Unmarried
8843,Not-in-family
8843,Unmarried
41166,Not-in-family
41166,Unmarried
9714,Not-in-family
9714,Unmarried
46554,Not-in-family
46554,Unmarried
36050,Husband
36050,Not-in-family
36050,Other-relative
36050,Own-child
36050,Unmarried
36050,Wife
2269,Husband
2269,Other-relative
2269,Own-child
2269,Wife
9428,Not-in-family
9428,Unmarried
21109,Husband
21109,Not-in-family
21109,Other-relative
21109,Own-child
21109,Unmarried
21109,Wife
5553,Husband
5553,Not-in-family
5553,Other-relative
5553,Own-child
5553,Unmarried
5553,Wife
37837,Husband
37837,Not-in-family
37837,Other-relative
37837,Own-child
37837,Unmarried
37837,Wife
41289,Husband
41289,Not-in-family
41289,Other-relative
41289,Own-child
41289,Unmarried
41289,Wife
8346,Not-in-family
8346,Unmarried
7368,Husband
7368,Other-relative
7368,Own-child
7368,Wife
25028,Husband
25028,Not-in-family
25028,Other-relative
25028,Own-child
25028,Unmarried
25028,Wife
36226,Husband
36226,Not-in-family
36226,Other-relative
36226,Own-child
36226,Unmarried
36226,Wife
44208,Husband
44208,Not-in-family
44208,Other-relative
44208,Own-child
44208,Unmarried
44208,Wife
32157,Husband
32157,Not-in-family
32157,Other-relative
32157,Own-child
32157,Unmarried
32157,Wife
25713,Husband
25713,Other-relative
25713,Own-child
25713,Wife
31158,Husband
31158,Not-in-family
31158,Other-relative
31158,Own-child
31158,Unmarried
31158,Wife
18212,Not-in-family
18212,Unmarried
44317,Husband
44317,Other-relative
44317,Own-child
44317,Wife
23738,Husband
23738,Not-in-family
23738,Other-relative
23738,Own-child
23738,Unmarried
23738,Wife
27742,Husband
27742,Not-in-family
27742,Other-relative
27742,Own-child
27742,Unmarried
27742,Wife
2782,Husband
2782,Other-relative
2782,Own-child
2782,Wife
43681,Husband
43681,Other-relative
43681,Own-child
43681,Wife
43910,Not-in-family
43910,Unmarried
12226,Husband
12226,Other-relative
12226,Own-child
12226,Wife
7319,Husband
7319,Not-in-family
7319,Other-relative
7319,Own-child
7319,Unmarried
7319,Wife
1513,Husband
1513,Other-relative
1513,Own-child
1513,Wife
15916,Husband
15916,Not-in-family
15916,Other-relative
15916,Own-child
15916,Unmarried
15916,Wife
44194,Husband
44194,Other-relative
44194,Own-child
44194,Wife
11548,Husband
11548,Other-relative
11548,Own-child
11548,Wife
20886,Husband
20886,Not-in-family
20886,Other-relative
20886,Own-child
20886,Unmarried
20886,Wife
43250,Husband
43250,Other-relative
43250,Own-child
43250,Wife
8625,Husband
8625,Other-relative
8625,Own-child
8625,Wife
3450,Husband
3450,Other-relative
3450,Own-child
3450,Wife
1321,Husband
1321,Not-in-family
1321,Other-relative
1321,Own-child
1321,Unmarried
1321,Wife
1114,Husband
1114,Not-in-family
1114,Other-relative
1114,Own-child
1114,Unmarried
1114,Wife
17270,Husband
17270,Other-relative
17270,Own-child
17270,Wife
20155,Husband
20155,Not-in-family
20155,Other-relative
20155,Own-child
20155,Unmarried
20155,Wife
11522,Husband
11522,Not-in-family
11522,Other-relative
11522,Own-child
11522,Unmarried
11522,Wife
19840,Not-in-family
19840,Unmarried
432,Husband
432,Not-in-family
432,Other-relative
432,Own-child
432,Unmarried
432,Wife
7101,Husband
7101,Not-in-family
7101,Other-relative
7101,Own-child
7101,Unmarried
7101,Wife
2186,Husband
2186,Not-in-family
2186,Other-relative
2186,Own-child
2186,Unmarried
2186,Wife
14937,Husband
14937,Not-in-family
14937,Other-relative
14937,Own-child
14937,Unmarried
14937,Wife
16303,Husband
16303,Not-in-family
16303,Other-relative
16303,Own-child
16303,Unmarried
16303,Wife
38111,Husband
38111,Other-relative
38111,Own-child
38111,Wife
15615,Not-in-family
15615,Unmarried
429,Husband
429,Other-relative
429,Own-child
429,Wife
29234,Husband
29234,Other-relative
29234,Own-child
29234,Wife
13206,Husband
13206,Other-relative
13206,Own-child
13206,Wife
6989,Husband
6989,Other-relative
6989,Own-child
6989,Wife
42446,Not-in-family
42446,Unmarried
45807,Husband
45807,Not-in-family
45807,Other-relative
45807,Own-child
45807,Unmarried
45807,Wife
31250,Husband
31250,Other-relative
31250,Own-child
31250,Wife
23771,Husband
23771,Other-relative
23771,Own-child
23771,Wife
13167,Husband
13167,Not-in-family
13167,Other-relative
13167,Own-child
13167,Unmarried
13167,Wife
14467,Husband
14467,Not-in-family
14467,Other-relative
14467,Own-child
14467,Unmarried
14467,Wife
2883,Husband
2883,Not-in-family
2883,Other-relative
2883,Own-child
2883,Unmarried
2883,Wife
30886,Husband
30886,Other-relative
30886,Own-child
30886,Wife
14988,Husband
14988,Not-in-family
14988,Other-relative
14988,Own-child
14988,Unmarried
14988,Wife
20202,Husband
20202,Not-in-family
20202,Other-relative
20202,Own-child
20202,Unmarried
20202,Wife
7801,Husband
7801,Other-relative
7801,Own-child
7801,Wife
41552,Husband
41552,Other-relative
41552,Own-child
41552,Wife
17870,Husband
17870,Not-in-family
17870,Other-relative
17870,Own-child
17870,Unmarried
17870,Wife
32150,Husband
32150,Other-relative
32150,Own-child
32150,Wife
30616,Husband
30616,Other-relative
30616,Own-child
30616,Wife
4137,Husband
4137,Other-relative
4137,Own-child
4137,Wife
32588,Husband
32588,Not-in-family
32588,Other-relative
32588,Own-child
32588,Unmarried
32588,Wife
16544,Husband
16544,Other-relative
16544,Own-child
16544,Wife
40393,Husband
40393,Not-in-family
40393,Other-relative
40393,Own-child
40393,Unmarried
40393,Wife
17523,Not-in-family
17523,Unmarried
26889,Husband
26889,Other-relative
26889,Own-child
26889,Wife
44291,Husband
44291,Other-relative
44291,Own-child
44291,Wife
42591,Not-in-family
42591,Unmarried
18301,Husband
18301,Not-in-family
18301,Other-relative
18301,Own-child
18301,Unmarried
18301,Wife
37119,Husband
37119,Other-relative
37119,Own-child
37119,Wife
22818,Husband
22818,Not-in-family
22818,Other-relative
22818,Own-child
22818,Unmarried
22818,Wife
45150,Husband
45150,Not-in-family
45150,Other-relative
45150,Own-child
45150,Unmarried
45150,Wife
39334,Husband
39334,Other-relative
39334,Own-child
39334,Wife
11454,Husband
11454,Not-in-family
11454,Other-relative
11454,Own-child
11454,Unmarried
11454,Wife
18471,Husband
18471,Other-relative
18471,Own-child
18471,Wife
44186,Husband
44186,Other-relative
44186,Own-child
44186,Wife
37221,Husband
37221,Not-in-family
37221,Other-relative
37221,Own-child
37221,Unmarried
37221,Wife
21623,Husband
21623,Not-in-family
21623,Other-relative
21623,Own-child
21623,Unmarried
21623,Wife
18138,Not-in-family
18138,Unmarried
40843,Not-in-family
40843,Unmarried
47468,Husband
47468,Other-relative
47468,Own-child
47468,Wife
48392,Not-in-family
48392,Unmarried
1030,Husband
1030,Not-in-family
1030,Other-relative
1030,Own-child
1030,Unmarried
1030,Wife
39386,Husband
39386,Not-in-family
39386,Other-relative
39386,Own-child
39386,Unmarried
39386,Wife
32066,Husband
32066,Other-relative
32066,Own-child
32066,Wife
10087,Not-in-family
10087,Unmarried
24044,Not-in-family
24044,Unmarried
2069,Husband
2069,Not-in-family
2069,Other-relative
2069,Own-child
2069,Unmarried
2069,Wife
3268,Husband
3268,Not-in-family
3268,Other-relative
3268,Own-child
3268,Unmarried
3268,Wife
28156,Husband
28156,Not-in-family
28156,Other-relative
28156,Own-child
28156,Unmarried
28156,Wife
43092,Husband
43092,Not-in-family
43092,Other-relative
43092,Own-child
43092,Unmarried
43092,Wife
12162,Husband
12162,Not-in-family
12162,Other-relative
12162,Own-child
12162,Unmarried
12162,Wife
21047,Husband
21047,Other-relative
21047,Own-child
21047,Wife
24628,Husband
24628,Not-in-family
24628,Other-relative
24628,Own-child
24628,Unmarried
24628,Wife
20755,Not-in-family
20755,Unmarried
35695,Husband
35695,Not-in-family
35695,Other-relative
35695,Own-child
35695,Unmarried
35695,Wife
18211,Husband
18211,Not-in-family
18211,Other-relative
18211,Own-child
18211,Unmarried
18211,Wife
3562,Not-in-family
3562,Unmarried
15791,Husband
15791,Not-in-family
15791,Other-relative
15791,Own-child
15791,Unmarried
15791,Wife
5608,Not-in-family
5608,Unmarried
23148,Husband
23148,Not-in-family
23148,Other-relative
23148,Own-child
23148,Unmarried
23148,Wife
8860,Husband
8860,Not-in-family
8860,Other-relative
8860,Own-child
8860,Unmarried
8860,Wife
1827,Not-in-family
1827,Unmarried
29607,Husband
29607,Other-relative
29607,Own-child
29607,Wife
25869,Husband
25869,Not-in-family
25869,Other-relative
25869,Own-child
25869,Unmarried
25869,Wife
39742,Husband
39742,Other-relative
39742,Own-child
39742,Wife
3835,Husband
3835,Not-in-family
3835,Other-relative
3835,Own-child
3835,Unmarried
3835,Wife
34068,Husband
34068,Other-relative
34068,Own-child
34068,Wife
7715,Husband
7715,Other-relative
7715,Own-child
7715,Wife
17670,Husband
17670,Not-in-family
17670,Other-relative
17670,Own-child
17670,Unmarried
17670,Wife
33807,Husband
33807,Not-in-family
33807,Other-relative
33807,Own-child
33807,Unmarried
33807,Wife
6064,Husband
6064,Other-relative
6064,Own-child
6064,Wife
17315,Husband
17315,Not-in-family
17315,Other-relative
17315,Own-child
17315,Unmarried
17315,Wife
20416,Not-in-family
20416,Unmarried
18618,Husband
18618,Not-in-family
18618,Other-relative
18618,Own-child
18618,Unmarried
18618,Wife
35656,Husband
35656,Other-relative
35656,Own-child
35656,Wife
28714,Husband
28714,Not-in-family
28714,Other-relative
28714,Own-child
28714,Unmarried
28714,Wife
5584,Husband
5584,Not-in-family
5584,Other-relative
5584,Own-child
5584,Unmarried
5584,Wife
17728,Husband
17728,Not-in-family
17728,Other-relative
17728,Own-child
17728,Unmarried
17728,Wife
12577,Not-in-family
12577,Unmarried
26828,Husband
26828,Other-relative
26828,Own-child
26828,Wife
10212,Husband
10212,Other-relative
10212,Own-child
10212,Wife
31957,Husband
31957,Other-relative
31957,Own-child
31957,Wife
27355,Husband
27355,Other-relative
27355,Own-child
27355,Wife
2141,Husband
2141,Not-in-family
2141,Other-relative
2141,Own-child
2141,Unmarried
2141,Wife
1315,Husband
1315,Not-in-family
1315,Other-relative
1315,Own-child
1315,Unmarried
1315,Wife
40355,Not-in-family
40355,Unmarried
35166,Not-in-family
35166,Unmarried
45526,Husband
45526,Not-in-family
45526,Other-relative
45526,Own-child
45526,Unmarried
45526,Wife
3253,Not-in-family
3253,Unmarried
42769,Husband
42769,Other-relative
42769,Own-child
42769,Wife
39857,Husband
39857,Other-relative
39857,Own-child
39857,Wife
26165,Husband
26165,Not-in-family
26165,Other-relative
26165,Own-child
26165,Unmarried
26165,Wife
46263,Husband
46263,Not-in-family
46263,Other-relative
46263,Own-child
46263,Unmarried
46263,Wife
38474,Husband
38474,Other-relative
38474,Own-child
38474,Wife
44728,Not-in-family
44728,Unmarried
527,Husband
527,Not-in-family
527,Other-relative
527,Own-child
527,Unmarried
527,Wife
45564,Not-in-family
45564,Unmarried
46140,Husband
46140,Other-relative
46140,Own-child
46140,Wife
34548,Husband
34548,Other-relative
34548,Own-child
34548,Wife
38505,Husband
38505,Other-relative
38505,Own-child
38505,Wife
36386,Husband
36386,Not-in-family
36386,Other-relative
36386,Own-child
36386,Unmarried
36386,Wife
29532,Husband
29532,Other-relative
29532,Own-child
29532,Wife
28034,Husband
28034,Not-in-family
28034,Other-relative
28034,Own-child
28034,Unmarried
28034,Wife
22186,Husband
22186,Not-in-family
22186,Other-relative
22186,Own-child
22186,Unmarried
22186,Wife
29514,Husband
29514,Other-relative
29514,Own-child
29514,Wife
40863,Husband
40863,Not-in-family
40863,Other-relative
40863,Own-child
40863,Unmarried
40863,Wife
2607,Husband
2607,Not-in-family
2607,Other-relative
2607,Own-child
2607,Unmarried
2607,Wife
21026,Husband
21026,Not-in-family
21026,Other-relative
21026,Own-child
21026,Unmarried
21026,Wife
19100,Husband
19100,Other-relative
19100,Own-child
19100,Wife
45025,Husband
45025,Not-in-family
45025,Other-relative
45025,Own-child
45025,Unmarried
45025,Wife
32131,Husband
32131,Not-in-family
32131,Other-relative
32131,Own-child
32131,Unmarried
32131,Wife
30418,Husband
30418,Other-relative
30418,Own-child
30418,Wife
48623,Not-in-family
48623,Unmarried
44767,Not-in-family
44767,Unmarried
44241,Husband
44241,Not-in-family
44241,Other-relative
44241,Own-child
44241,Unmarried
44241,Wife
2645,Husband
2645,Other-relative
2645,Own-child
2645,Wife
28720,Husband
28720,Not-in-family
28720,Other-relative
28720,Own-child
28720,Unmarried
28720,Wife
16677,Not-in-family
16677,Unmarried
24361,Husband
24361,Not-in-family
24361,Other-relative
24361,Own-child
24361,Unmarried
24361,Wife
10461,Husband
10461,Not-in-family
10461,Other-relative
10461,Own-child
10461,Unmarried
10461,Wife
25829,Husband
25829,Other-relative
25829,Own-child
25829,Wife
36155,Husband
36155,Other-relative
36155,Own-child
36155,Wife
9374,Husband
9374,Not-in-family
9374,Other-relative
9374,Own-child
9374,Unmarried
9374,Wife
11331,Husband
11331,Not-in-family
11331,Other-relative
11331,Own-child
11331,Unmarried
11331,Wife
46821,Husband
46821,Other-relative
46821,Own-child
46821,Wife
23135,Husband
23135,Not-in-family
23135,Other-relative
23135,Own-child
23135,Unmarried
23135,Wife
8353,Not-in-family
8353,Unmarried
8514,Husband
8514,Not-in-family
8514,Other-relative
8514,Own-child
8514,Unmarried
8514,Wife
45730,Not-in-family
45730,Unmarried
15242,Husband
15242,Other-relative
15242,Own-child
15242,Wife
24899,Not-in-family
24899,Unmarried
13467,Husband
13467,Not-in-family
13467,Other-relative
13467,Own-child
13467,Unmarried
13467,Wife
42690,Husband
42690,Not-in-family
42690,Other-relative
42690,Own-child
42690,Unmarried
42690,Wife
40926,Husband
40926,Other-relative
40926,Own-child
40926,Wife
47605,Husband
47605,Other-relative
47605,Own-child
47605,Wife
40657,Husband
40657,Not-in-family
40657,Other-relative
40657,Own-child
40657,Unmarried
40657,Wife
3903,Not-in-family
3903,Unmarried
25553,Husband
25553,Not-in-family
25553,Other-relative
25553,Own-child
25553,Unmarried
25553,Wife
38246,Not-in-family
38246,Unmarried
19940,Not-in-family
19940,Unmarried
11508,Husband
11508,Other-relative
11508,Own-child
11508,Wife
47119,Husband
47119,Not-in-family
47119,Other-relative
47119,Own-child
47119,Unmarried
47119,Wife
44228,Husband
44228,Other-relative
44228,Own-child
44228,Wife
26092,Husband
26092,Other-relative
26092,Own-child
26092,Wife
26273,Husband
26273,Not-in-family
26273,Other-relative
26273,Own-child
26273,Unmarried
26273,Wife
37729,Husband
37729,Not-in-family
37729,Other-relative
37729,Own-child
37729,Unmarried
37729,Wife
10687,Husband
10687,Other-relative
10687,Own-child
10687,Wife
10688,Not-in-family
10688,Unmarried
33338,Husband
33338,Not-in-family
33338,Other-relative
33338,Own-child
33338,Unmarried
33338,Wife
7758,Not-in-family
7758,Unmarried
192,Husband
192,Not-in-family
192,Other-relative
192,Own-child
192,Unmarried
192,Wife
14821,Husband
14821,Not-in-family
14821,Other-relative
14821,Own-child
14821,Unmarried
14821,Wife
18016,Husband
18016,Other-relative
18016,Own-child
18016,Wife
25895,Husband
25895,Other-relative
25895,Own-child
25895,Wife
7741,Husband
7741,Not-in-family
7741,Other-relative
7741,Own-child
7741,Unmarried
7741,Wife
9339,Husband
9339,Not-in-family
9339,Other-relative
9339,Own-child
9339,Unmarried
9339,Wife
43771,Not-in-family
43771,Unmarried
9879,Not-in-family
9879,Unmarried
11354,Not-in-family
11354,Unmarried
39481,Husband
39481,Other-relative
39481,Own-child
39481,Wife
8744,Husband
8744,Other-relative
8744,Own-child
8744,Wife
13465,Not-in-family
13465,Unmarried
21384,Husband
21384,Other-relative
21384,Own-child
21384,Wife
28234,Husband
28234,Not-in-family
28234,Other-relative
28234,Own-child
28234,Unmarried
28234,Wife
12709,Husband
12709,Not-in-family
12709,Other-relative
12709,Own-child
12709,Unmarried
12709,Wife
36145,Not-in-family
36145,Unmarried
33371,Not-in-family
33371,Unmarried
13590,Husband
13590,Not-in-family
13590,Other-relative
13590,Own-child
13590,Unmarried
13590,Wife
48742,Husband
48742,Not-in-family
48742,Other-relative
48742,Own-child
48742,Unmarried
48742,Wife
42481,Husband
42481,Not-in-family
42481,Other-relative
42481,Own-child
42481,Unmarried
42481,Wife
842,Husband
842,Not-in-family
842,Other-relative
842,Own-child
842,Unmarried
842,Wife
32148,Husband
32148,Other-relative
32148,Own-child
32148,Wife
14889,Husband
14889,Other-relative
14889,Own-child
14889,Wife
10708,Husband
10708,Not-in-family
10708,Other-relative
10708,Own-child
10708,Unmarried
10708,Wife
9776,Husband
9776,Not-in-family
9776,Other-relative
9776,Own-child
9776,Unmarried
9776,Wife
23624,Not-in-family
23624,Unmarried
47936,Husband
47936,Not-in-family
47936,Other-relative
47936,Own-child
47936,Unmarried
47936,Wife
19178,Husband
19178,Other-relative
19178,Own-child
19178,Wife
12526,Husband
12526,Not-in-family
12526,Other-relative
12526,Own-child
12526,Unmarried
12526,Wife
189,Husband
189,Not-in-family
189,Other-relative
189,Own-child
189,Unmarried
189,Wife
42531,Husband
42531,Not-in-family
42531,Other-relative
42531,Own-child
42531,Unmarried
42531,Wife
34723,Not-in-family
34723,Unmarried
22671,Husband
22671,Other-relative
22671,Own-child
22671,Wife
32267,Husband
32267,Not-in-family
32267,Other-relative
32267,Own-child
32267,Unmarried
32267,Wife
43118,Husband
43118,Other-relative
43118,Own-child
43118,Wife
45587,Not-in-family
45587,Unmarried
4357,Husband
4357,Not-in-family
4357,Other-relative
4357,Own-child
4357,Unmarried
4357,Wife
43286,Not-in-family
43286,Unmarried
19048,Not-in-family
19048,Unmarried
30220,Not-in-family
30220,Unmarried
34088,Husband
34088,Not-in-family
34088,Other-relative
34088,Own-child
34088,Unmarried
34088,Wife
541,Husband
541,Not-in-family
541,Other-relative
541,Own-child
541,Unmarried
541,Wife
27277,Husband
27277,Not-in-family
27277,Other-relative
27277,Own-child
27277,Unmarried
27277,Wife
31203,Husband
31203,Other-relative
31203,Own-child
31203,Wife
22946,Not-in-family
22946,Unmarried
26340,Husband
26340,Not-in-family
26340,Other-relative
26340,Own-child
26340,Unmarried
26340,Wife
3662,Not-in-family
3662,Unmarried
36343,Not-in-family
36343,Unmarried
39044,Husband
39044,Other-relative
39044,Own-child
39044,Wife
20710,Not-in-family
20710,Unmarried
46712,Husband
46712,Not-in-family
46712,Other-relative
46712,Own-child
46712,Unmarried
46712,Wife
19789,Husband
19789,Not-in-family
19789,Other-relative
19789,Own-child
19789,Unmarried
19789,Wife
47423,Not-in-family
47423,Unmarried
9595,Husband
9595,Other-relative
9595,Own-child
9595,Wife
25263,Not-in-family
25263,Unmarried
33368,Husband
33368,Other-relative
33368,Own-child
33368,Wife
38729,Husband
38729,Not-in-family
38729,Other-relative
38729,Own-child
38729,Unmarried
38729,Wife
42546,Not-in-family
42546,Unmarried
12297,Not-in-family
12297,Unmarried
4037,Husband
4037,Not-in-family
4037,Other-relative
4037,Own-child
4037,Unmarried
4037,Wife
19248,Husband
19248,Other-relative
19248,Own-child
19248,Wife
14560,Husband
14560,Other-relative
14560,Own-child
14560,Wife
23252,Husband
23252,Not-in-family
23252,Other-relative
23252,Own-child
23252,Unmarried
23252,Wife
7781,Husband
7781,Other-relative
7781,Own-child
7781,Wife
13215,Husband
13215,Other-relative
13215,Own-child
13215,Wife
45283,Husband
45283,Other-relative
45283,Own-child
45283,Wife
12922,Not-in-family
12922,Unmarried
10073,Not-in-family
10073,Unmarried
41929,Husband
41929,Other-relative
41929,Own-child
41929,Wife
37383,Husband
37383,Not-in-family
37383,Other-relative
37383,Own-child
37383,Unmarried
37383,Wife
13205,Husband
13205,Other-relative
13205,Own-child
13205,Wife
41887,Husband
41887,Not-in-family
41887,Other-relative
41887,Own-child
41887,Unmarried
41887,Wife
12270,Husband
12270,Other-relative
12270,Own-child
12270,Wife
2924,Husband
2924,Not-in-family
2924,Other-relative
2924,Own-child
2924,Unmarried
2924,Wife
10122,Husband
10122,Not-in-family
10122,Other-relative
10122,Own-child
10122,Unmarried
10122,Wife
27013,Husband
27013,Not-in-family
27013,Other-relative
27013,Own-child
27013,Unmarried
27013,Wife
12199,Husband
12199,Not-in-family
12199,Other-relative
12199,Own-child
12199,Unmarried
12199,Wife
9376,Husband
9376,Other-relative
9376,Own-child
9376,Wife
47503,Not-in-family
47503,Unmarried
21790,Not-in-family
21790,Unmarried
48465,Husband
48465,Other-relative
48465,Own-child
48465,Wife
36179,Husband
36179,Not-in-family
36179,Other-relative
36179,Own-child
36179,Unmarried
36179,Wife
33607,Husband
33607,Other-relative
33607,Own-child
33607,Wife
5866,Husband
5866,Other-relative
5866,Own-child
5866,Wife
41920,Husband
41920,Not-in-family
41920,Other-relative
41920,Own-child
41920,Unmarried
41920,Wife
1605,Husband
1605,Other-relative
1605,Own-child
1605,Wife
45091,Husband
45091,Other-relative
45091,Own-child
45091,Wife
1590,Husband
1590,Other-relative
1590,Own-child
1590,Wife
42179,Husband
42179,Not-in-family
42179,Other-relative
42179,Own-child
42179,Unmarried
42179,Wife
2533,Not-in-family
2533,Unmarried
14252,Husband
14252,Not-in-family
14252,Other-relative
14252,Own-child
14252,Unmarried
14252,Wife
6067,Husband
6067,Not-in-family
6067,Other-relative
6067,Own-child
6067,Unmarried
6067,Wife
1021,Husband
1021,Not-in-family
1021,Other-relative
1021,Own-child
1021,Unmarried
1021,Wife
4604,Not-in-family
4604,Unmarried
17626,Husband
17626,Not-in-family
17626,Other-relative
17626,Own-child
17626,Unmarried
17626,Wife
31023,Not-in-family
31023,Unmarried
38048,Husband
38048,Not-in-family
38048,Other-relative
38048,Own-child
38048,Unmarried
38048,Wife
7001,Husband
7001,Not-in-family
7001,Other-relative
7001,Own-child
7001,Unmarried
7001,Wife
36234,Husband
36234,Not-in-family
36234,Other-relative
36234,Own-child
36234,Unmarried
36234,Wife
30917,Husband
30917,Other-relative
30917,Own-child
30917,Wife
10280,Husband
10280,Other-relative
10280,Own-child
10280,Wife
7504,Husband
7504,Not-in-family
7504,Other-relative
7504,Own-child
7504,Unmarried
7504,Wife
42291,Husband
42291,Other-relative
42291,Own-child
42291,Wife
40895,Husband
40895,Not-in-family
40895,Other-relative
40895,Own-child
40895,Unmarried
40895,Wife
40917,Husband
40917,Not-in-family
40917,Other-relative
40917,Own-child
40917,Unmarried
40917,Wife
37033,Husband
37033,Not-in-family
37033,Other-relative
37033,Own-child
37033,Unmarried
37033,Wife
38845,Husband
38845,Other-relative
38845,Own-child
38845,Wife
48493,Husband
48493,Other-relative
48493,Own-child
48493,Wife
28393,Husband
28393,Not-in-family
28393,Other-relative
28393,Own-child
28393,Unmarried
28393,Wife
45491,Husband
45491,Other-relative
45491,Own-child
45491,Wife
46943,Husband
46943,Other-relative
46943,Own-child
46943,Wife
35056,Husband
35056,Not-in-family
35056,Other-relative
35056,Own-child
35056,Unmarried
35056,Wife
42993,Husband
42993,Not-in-family
42993,Other-relative
42993,Own-child
42993,Unmarried
42993,Wife
13274,Husband
13274,Not-in-family
13274,Other-relative
13274,Own-child
13274,Unmarried
13274,Wife
32701,Husband
32701,Not-in-family
32701,Other-relative
32701,Own-child
32701,Unmarried
32701,Wife
28181,Husband
28181,Not-in-family
28181,Other-relative
28181,Own-child
28181,Unmarried
28181,Wife
29569,Husband
29569,Other-relative
29569,Own-child
29569,Wife
9142,Husband
9142,Not-in-family
9142,Other-relative
9142,Own-child
9142,Unmarried
9142,Wife
45251,Husband
45251,Not-in-family
45251,Other-relative
45251,Own-child
45251,Unmarried
45251,Wife
29090,Not-in-family
29090,Unmarried
14044,Husband
14044,Other-relative
14044,Own-child
14044,Wife
7776,Not-in-family
7776,Unmarried
26496,Husband
26496,Other-relative
26496,Own-child
26496,Wife
8989,Husband
8989,Not-in-family
8989,Other-relative
8989,Own-child
8989,Unmarried
8989,Wife
40978,Husband
40978,Other-relative
40978,Own-child
40978,Wife
40290,Husband
40290,Other-relative
40290,Own-child
40290,Wife
989,Not-in-family
989,Unmarried
28468,Husband
28468,Not-in-family
28468,Other-relative
28468,Own-child
28468,Unmarried
28468,Wife
25935,Not-in-family
25935,Unmarried
12934,Husband
12934,Not-in-family
12934,Other-relative
12934,Own-child
12934,Unmarried
12934,Wife
5817,Husband
5817,Not-in-family
5817,Other-relative
5817,Own-child
5817,Unmarried
5817,Wife
26869,Husband
26869,Not-in-family
26869,Other-relative
26869,Own-child
26869,Unmarried
26869,Wife
41829,Husband
41829,Other-relative
41829,Own-child
41829,Wife
15013,Husband
15013,Other-relative
15013,Own-child
15013,Wife
16866,Not-in-family
16866,Unmarried
25897,Husband
25897,Not-in-family
25897,Other-relative
25897,Own-child
25897,Unmarried
25897,Wife
222,Not-in-family
222,Unmarried
23162,Not-in-family
23162,Unmarried
21149,Husband
21149,Not-in-family
21149,Other-relative
21149,Own-child
21149,Unmarried
21149,Wife
44966,Husband
44966,Not-in-family
44966,Other-relative
44966,Own-child
44966,Unmarried
44966,Wife
32482,Husband
32482,Other-relative
32482,Own-child
32482,Wife
15230,Husband
15230,Other-relative
15230,Own-child
15230,Wife
4115,Husband
4115,Not-in-family
4115,Other-relative
4115,Own-child
4115,Unmarried
4115,Wife
41480,Not-in-family
41480,Unmarried
25810,Husband
25810,Not-in-family
25810,Other-relative
25810,Own-child
25810,Unmarried
25810,Wife
1373,Husband
1373,Not-in-family
1373,Other-relative
1373,Own-child
1373,Unmarried
1373,Wife
28544,Not-in-family
28544,Unmarried
21594,Husband
21594,Not-in-family
21594,Other-relative
21594,Own-child
21594,Unmarried
21594,Wife
8003,Husband
8003,Not-in-family
8003,Other-relative
8003,Own-child
8003,Unmarried
8003,Wife
3048,Husband
3048,Not-in-family
3048,Other-relative
3048,Own-child
3048,Unmarried
3048,Wife
5448,Husband
5448,Other-relative
5448,Own-child
5448,Wife
18089,Not-in-family
18089,Unmarried
46059,Husband
46059,Other-relative
46059,Own-child
46059,Wife
28345,Husband
28345,Not-in-family
28345,Other-relative
28345,Own-child
28345,Unmarried
28345,Wife
21724,Husband
21724,Other-relative
21724,Own-child
21724,Wife
19568,Husband
19568,Not-in-family
19568,Other-relative
19568,Own-child
19568,Unmarried
19568,Wife
15687,Husband
15687,Not-in-family
15687,Other-relative
15687,Own-child
15687,Unmarried
15687,Wife
13905,Husband
13905,Other-relative
13905,Own-child
13905,Wife
17607,Husband
17607,Not-in-family
17607,Other-relative
17607,Own-child
17607,Unmarried
17607,Wife
19305,Husband
19305,Other-relative
19305,Own-child
19305,Wife
35491,Husband
35491,Not-in-family
35491,Other-relative
35491,Own-child
35491,Unmarried
35491,Wife
26871,Husband
26871,Other-relative
26871,Own-child
26871,Wife
48319,Husband
48319,Other-relative
48319,Own-child
48319,Wife
7945,Husband
7945,Other-relative
7945,Own-child
7945,Wife
24936,Husband
24936,Other-relative
24936,Own-child
24936,Wife
16287,Husband
16287,Not-in-family
16287,Other-relative
16287,Own-child
16287,Unmarried
16287,Wife
43155,Husband
43155,Not-in-family
43155,Other-relative
43155,Own-child
43155,Unmarried
43155,Wife
13322,Husband
13322,Not-in-family
13322,Other-relative
13322,Own-child
13322,Unmarried
13322,Wife
40586,Husband
40586,Other-relative
40586,Own-child
40586,Wife
19958,Husband
19958,Other-relative
19958,Own-child
19958,Wife
5211,Husband
5211,Other-relative
5211,Own-child
5211,Wife
9966,Husband
9966,Not-in-family
9966,Other-relative
9966,Own-child
9966,Unmarried
9966,Wife
13743,Husband
13743,Not-in-family
13743,Other-relative
13743,Own-child
13743,Unmarried
13743,Wife
19076,Husband
19076,Other-relative
19076,Own-child
19076,Wife
26668,Husband
26668,Other-relative
26668,Own-child
26668,Wife
29664,Not-in-family
29664,Unmarried
38269,Husband
38269,Not-in-family
38269,Other-relative
38269,Own-child
38269,Unmarried
38269,Wife
45217,Not-in-family
45217,Unmarried
18374,Husband
18374,Not-in-family
18374,Other-relative
18374,Own-child
18374,Unmarried
18374,Wife
43953,Husband
43953,Not-in-family
43953,Other-relative
43953,Own-child
43953,Unmarried
43953,Wife
40860,Husband
40860,Not-in-family
40860,Other-relative
40860,Own-child
40860,Unmarried
40860,Wife
35079,Husband
35079,Not-in-family
35079,Other-relative
35079,Own-child
35079,Unmarried
35079,Wife
28674,Husband
28674,Not-in-family
28674,Other-relative
28674,Own-child
28674,Unmarried
28674,Wife
16650,Husband
16650,Other-relative
16650,Own-child
16650,Wife
31358,Husband
31358,Other-relative
31358,Own-child
31358,Wife
6959,Husband
6959,Not-in-family
6959,Other-relative
6959,Own-child
6959,Unmarried
6959,Wife
20634,Not-in-family
20634,Unmarried
12743,Not-in-family
12743,Unmarried
31490,Husband
31490,Not-in-family
31490,Other-relative
31490,Own-child
31490,Unmarried
31490,Wife
31024,Husband
31024,Not-in-family
31024,Other-relative
31024,Own-child
31024,Unmarried
31024,Wife
46772,Husband
46772,Not-in-family
46772,Other-relative
46772,Own-child
46772,Unmarried
46772,Wife
7562,Husband
7562,Not-in-family
7562,Other-relative
7562,Own-child
7562,Unmarried
7562,Wife
37311,Husband
37311,Not-in-family
37311,Other-relative
37311,Own-child
37311,Unmarried
37311,Wife
29208,Husband
29208,Other-relative
29208,Own-child
29208,Wife
31202,Husband
31202,Not-in-family
31202,Other-relative
31202,Own-child
31202,Unmarried
31202,Wife
46148,Husband
46148,Not-in-family
46148,Other-relative
46148,Own-child
46148,Unmarried
46148,Wife
34063,Husband
34063,Not-in-family
34063,Other-relative
34063,Own-child
34063,Unmarried
34063,Wife
47101,Husband
47101,Other-relative
47101,Own-child
47101,Wife
27254,Husband
27254,Not-in-family
27254,Other-relative
27254,Own-child
27254,Unmarried
27254,Wife
30529,Husband
30529,Not-in-family
30529,Other-relative
30529,Own-child
30529,Unmarried
30529,Wife
8268,Husband
8268,Not-in-family
8268,Other-relative
8268,Own-child
8268,Unmarried
8268,Wife
34103,Not-in-family
34103,Unmarried
30045,Husband
30045,Not-in-family
30045,Other-relative
30045,Own-child
30045,Unmarried
30045,Wife
43374,Husband
43374,Other-relative
43374,Own-child
43374,Wife
19488,Husband
19488,Not-in-family
19488,Other-relative
19488,Own-child
19488,Unmarried
19488,Wife
19329,Husband
19329,Not-in-family
19329,Other-relative
19329,Own-child
19329,Unmarried
19329,Wife
14836,Husband
14836,Other-relative
14836,Own-child
14836,Wife
39973,Not-in-family
39973,Unmarried
16616,Husband
16616,Not-in-family
16616,Other-relative
16616,Own-child
16616,Unmarried
16616,Wife
24590,Husband
24590,Other-relative
24590,Own-child
24590,Wife
9166,Husband
9166,Not-in-family
9166,Other-relative
9166,Own-child
9166,Unmarried
9166,Wife
36654,Husband
36654,Other-relative
36654,Own-child
36654,Wife
34189,Husband
34189,Not-in-family
34189,Other-relative
34189,Own-child
34189,Unmarried
34189,Wife
25331,Husband
25331,Not-in-family
25331,Other-relative
25331,Own-child
25331,Unmarried
25331,Wife
29410,Not-in-family
29410,Unmarried
45624,Husband
45624,Not-in-family
45624,Other-relative
45624,Own-child
45624,Unmarried
45624,Wife
29435,Husband
29435,Not-in-family
29435,Other-relative
29435,Own-child
29435,Unmarried
29435,Wife
12522,Husband
12522,Not-in-family
12522,Other-relative
12522,Own-child
12522,Unmarried
12522,Wife
7670,Husband
7670,Not-in-family
7670,Other-relative
7670,Own-child
7670,Unmarried
7670,Wife
32271,Husband
32271,Not-in-family
32271,Other-relative
32271,Own-child
32271,Unmarried
32271,Wife
31629,Husband
31629,Not-in-family
31629,Other-relative
31629,Own-child
31629,Unmarried
31629,Wife
200,Husband
200,Not-in-family
200,Other-relative
200,Own-child
200,Unmarried
200,Wife
6105,Husband
6105,Not-in-family
6105,Other-relative
6105,Own-child
6105,Unmarried
6105,Wife
18183,Husband
18183,Not-in-family
18183,Other-relative
18183,Own-child
18183,Unmarried
18183,Wife
44109,Husband
44109,Not-in-family
44109,Other-relative
44109,Own-child
44109,Unmarried
44109,Wife
10496,Husband
10496,Not-in-family
10496,Other-relative
10496,Own-child
10496,Unmarried
10496,Wife
34246,Husband
34246,Not-in-family
34246,Other-relative
34246,Own-child
34246,Unmarried
34246,Wife
11837,Husband
11837,Not-in-family
11837,Other-relative
11837,Own-child
11837,Unmarried
11837,Wife
4940,Husband
4940,Other-relative
4940,Own-child
4940,Wife
13438,Husband
13438,Not-in-family
13438,Other-relative
13438,Own-child
13438,Unmarried
13438,Wife
40947,Not-in-family
40947,Unmarried
31844,Husband
31844,Not-in-family
31844,Other-relative
31844,Own-child
31844,Unmarried
31844,Wife
5958,Husband
5958,Not-in-family
5958,Other-relative
5958,Own-child
5958,Unmarried
5958,Wife
29025,Husband
29025,Not-in-family
29025,Other-relative
29025,Own-child
29025,Unmarried
29025,Wife
47840,Not-in-family
47840,Unmarried
19718,Husband
19718,Not-in-family
19718,Other-relative
19718,Own-child
19718,Unmarried
19718,Wife
42672,Husband
42672,Not-in-family
42672,Other-relative
42672,Own-child
42672,Unmarried
42672,Wife
47573,Husband
47573,Other-relative
47573,Own-child
47573,Wife
62,Husband
62,Not-in-family
62,Other-relative
62,Own-child
62,Unmarried
62,Wife
45566,Husband
45566,Not-in-family
45566,Other-relative
45566,Own-child
45566,Unmarried
45566,Wife
15581,Husband
15581,Other-relative
15581,Own-child
15581,Wife
32443,Husband
32443,Not-in-family
32443,Other-relative
32443,Own-child
32443,Unmarried
32443,Wife
23207,Husband
23207,Not-in-family
23207,Other-relative
23207,Own-child
23207,Unmarried
23207,Wife
30865,Husband
30865,Not-in-family
30865,Other-relative
30865,Own-child
30865,Unmarried
30865,Wife
4488,Not-in-family
4488,Unmarried
35885,Husband
35885,Not-in-family
35885,Other-relative
35885,Own-child
35885,Unmarried
35885,Wife
10298,Husband
10298,Not-in-family
10298,Other-relative
10298,Own-child
10298,Unmarried
10298,Wife
19007,Not-in-family
19007,Unmarried
1410,Husband
1410,Not-in-family
1410,Other-relative
1410,Own-child
1410,Unmarried
1410,Wife
23294,Not-in-family
23294,Unmarried
6441,Husband
6441,Not-in-family
6441,Other-relative
6441,Own-child
6441,Unmarried
6441,Wife
24345,Husband
24345,Not-in-family
24345,Other-relative
24345,Own-child
24345,Unmarried
24345,Wife
17543,Husband
17543,Not-in-family
17543,Other-relative
17543,Own-child
17543,Unmarried
17543,Wife
5547,Husband
5547,Other-relative
5547,Own-child
5547,Wife
13587,Husband
13587,Not-in-family
13587,Other-relative
13587,Own-child
13587,Unmarried
13587,Wife
10786,Husband
10786,Other-relative
10786,Own-child
10786,Wife
9682,Not-in-family
9682,Unmarried
22673,Husband
22673,Other-relative
22673,Own-child
22673,Wife
33984,Husband
33984,Not-in-family
33984,Other-relative
33984,Own-child
33984,Unmarried
33984,Wife
48778,Husband
48778,Not-in-family
48778,Other-relative
48778,Own-child
48778,Unmarried
48778,Wife
25925,Not-in-family
25925,Unmarried
8928,Husband
8928,Other-relative
8928,Own-child
8928,Wife
14967,Not-in-family
14967,Unmarried
21189,Not-in-family
21189,Unmarried
10205,Husband
10205,Not-in-family
10205,Other-relative
10205,Own-child
10205,Unmarried
10205,Wife
35672,Not-in-family
35672,Unmarried
3874,Husband
3874,Other-relative
3874,Own-child
3874,Wife
26360,Not-in-family
26360,Unmarried
15785,Husband
15785,Not-in-family
15785,Other-relative
15785,Own-child
15785,Unmarried
15785,Wife
9625,Husband
9625,Not-in-family
9625,Other-relative
9625,Own-child
9625,Unmarried
9625,Wife
47987,Husband
47987,Not-in-family
47987,Other-relative
47987,Own-child
47987,Unmarried
47987,Wife
9594,Husband
9594,Not-in-family
9594,Other-relative
9594,Own-child
9594,Unmarried
9594,Wife
18231,Husband
18231,Other-relative
18231,Own-child
18231,Wife
42238,Husband
42238,Other-relative
42238,Own-child
42238,Wife
42297,Husband
42297,Not-in-family
42297,Other-relative
42297,Own-child
42297,Unmarried
42297,Wife
48411,Not-in-family
48411,Unmarried
37566,Husband
37566,Not-in-family
37566,Other-relative
37566,Own-child
37566,Unmarried
37566,Wife
27104,Husband
27104,Not-in-family
27104,Other-relative
27104,Own-child
27104,Unmarried
27104,Wife
42874,Husband
42874,Other-relative
42874,Own-child
42874,Wife
29374,Not-in-family
29374,Unmarried
31988,Husband
31988,Not-in-family
31988,Other-relative
31988,Own-child
31988,Unmarried
31988,Wife
2956,Husband
2956,Other-relative
2956,Own-child
2956,Wife
46514,Husband
46514,Not-in-family
46514,Other-relative
46514,Own-child
46514,Unmarried
46514,Wife
45619,Husband
45619,Not-in-family
45619,Other-relative
45619,Own-child
45619,Unmarried
45619,Wife
44650,Husband
44650,Not-in-family
44650,Other-relative
44650,Own-child
44650,Unmarried
44650,Wife
38226,Not-in-family
38226,Unmarried
7371,Husband
7371,Not-in-family
7371,Other-relative
7371,Own-child
7371,Unmarried
7371,Wife
1895,Not-in-family
1895,Unmarried
46053,Husband
46053,Not-in-family
46053,Other-relative
46053,Own-child
46053,Unmarried
46053,Wife
2831,Husband
2831,Other-relative
2831,Own-child
2831,Wife
31224,Not-in-family
31224,Unmarried
44802,Not-in-family
44802,Unmarried
45694,Husband
45694,Other-relative
45694,Own-child
45694,Wife
32224,Not-in-family
32224,Unmarried
14052,Not-in-family
14052,Unmarried
33772,Husband
33772,Not-in-family
33772,Other-relative
33772,Own-child
33772,Unmarried
33772,Wife
39785,Husband
39785,Not-in-family
39785,Other-relative
39785,Own-child
39785,Unmarried
39785,Wife
8284,Not-in-family
8284,Unmarried
7038,Husband
7038,Not-in-family
7038,Other-relative
7038,Own-child
7038,Unmarried
7038,Wife
24427,Husband
24427,Not-in-family
24427,Other-relative
24427,Own-child
24427,Unmarried
24427,Wife
3548,Not-in-family
3548,Unmarried
12663,Not-in-family
12663,Unmarried
12652,Husband
12652,Other-relative
12652,Own-child
12652,Wife
48420,Not-in-family
48420,Unmarried
22342,Husband
22342,Not-in-family
22342,Other-relative
22342,Own-child
22342,Unmarried
22342,Wife
20370,Husband
20370,Other-relative
20370,Own-child
20370,Wife
39014,Not-in-family
39014,Unmarried
8914,Husband
8914,Other-relative
8914,Own-child
8914,Wife
43325,Husband
43325,Not-in-family
43325,Other-relative
43325,Own-child
43325,Unmarried
43325,Wife
10010,Husband
10010,Other-relative
10010,Own-child
10010,Wife
44248,Husband
44248,Not-in-family
44248,Other-relative
44248,Own-child
44248,Unmarried
44248,Wife
37301,Not-in-family
37301,Unmarried
15721,Husband
15721,Not-in-family
15721,Other-relative
15721,Own-child
15721,Unmarried
15721,Wife
45997,Husband
45997,Not-in-family
45997,Other-relative
45997,Own-child
45997,Unmarried
45997,Wife
6354,Husband
6354,Other-relative
6354,Own-child
6354,Wife
13609,Husband
13609,Not-in-family
13609,Other-relative
13609,Own-child
13609,Unmarried
13609,Wife
39079,Husband
39079,Not-in-family
39079,Other-relative
39079,Own-child
39079,Unmarried
39079,Wife
41527,Husband
41527,Other-relative
41527,Own-child
41527,Wife
32728,Husband
32728,Other-relative
32728,Own-child
32728,Wife
37925,Not-in-family
37925,Unmarried
44608,Husband
44608,Not-in-family
44608,Other-relative
44608,Own-child
44608,Unmarried
44608,Wife
19466,Husband
19466,Other-relative
19466,Own-child
19466,Wife
38077,Not-in-family
38077,Unmarried
328,Husband
328,Not-in-family
328,Other-relative
328,Own-child
328,Unmarried
328,Wife
48664,Husband
48664,Other-relative
48664,Own-child
48664,Wife
38725,Husband
38725,Other-relative
38725,Own-child
38725,Wife
7682,Husband
7682,Not-in-family
7682,Other-relative
7682,Own-child
7682,Unmarried
7682,Wife
3192,Husband
3192,Not-in-family
3192,Other-relative
3192,Own-child
3192,Unmarried
3192,Wife
41370,Not-in-family
41370,Unmarried
36120,Husband
36120,Other-relative
36120,Own-child
36120,Wife
6998,Husband
6998,Other-relative
6998,Own-child
6998,Wife
31927,Husband
31927,Other-relative
31927,Own-child
31927,Wife
286,Husband
286,Not-in-family
286,Other-relative
286,Own-child
286,Unmarried
286,Wife
16458,Not-in-family
16458,Unmarried
26929,Husband
26929,Not-in-family
26929,Other-relative
26929,Own-child
26929,Unmarried
26929,Wife
36494,Husband
36494,Not-in-family
36494,Other-relative
36494,Own-child
36494,Unmarried
36494,Wife
534,Husband
534,Not-in-family
534,Other-relative
534,Own-child
534,Unmarried
534,Wife
16342,Husband
16342,Other-relative
16342,Own-child
16342,Wife
27983,Husband
27983,Not-in-family
27983,Other-relative
27983,Own-child
27983,Unmarried
27983,Wife
22672,Husband
22672,Not-in-family
22672,Other-relative
22672,Own-child
22672,Unmarried
22672,Wife
28366,Husband
28366,Not-in-family
28366,Other-relative
28366,Own-child
28366,Unmarried
28366,Wife
26666,Husband
26666,Other-relative
26666,Own-child
26666,Wife
32212,Husband
32212,Not-in-family
32212,Other-relative
32212,Own-child
32212,Unmarried
32212,Wife
24230,Husband
24230,Other-relative
24230,Own-child
24230,Wife
20609,Husband
20609,Not-in-family
20609,Other-relative
20609,Own-child
20609,Unmarried
20609,Wife
47754,Husband
47754,Not-in-family
47754,Other-relative
47754,Own-child
47754,Unmarried
47754,Wife
36749,Husband
36749,Other-relative
36749,Own-child
36749,Wife
3565,Husband
3565,Not-in-family
3565,Other-relative
3565,Own-child
3565,Unmarried
3565,Wife
14615,Husband
14615,Not-in-family
14615,Other-relative
14615,Own-child
14615,Unmarried
14615,Wife
4125,Husband
4125,Other-relative
4125,Own-child
4125,Wife
21954,Husband
21954,Other-relative
21954,Own-child
21954,Wife
6838,Husband
6838,Other-relative
6838,Own-child
6838,Wife
43866,Husband
43866,Not-in-family
43866,Other-relative
43866,Own-child
43866,Unmarried
43866,Wife
16220,Husband
16220,Other-relative
16220,Own-child
16220,Wife
23024,Husband
23024,Not-in-family
23024,Other-relative
23024,Own-child
23024,Unmarried
23024,Wife
4068,Husband
4068,Not-in-family
4068,Other-relative
4068,Own-child
4068,Unmarried
4068,Wife
26685,Husband
26685,Not-in-family
26685,Other-relative
26685,Own-child
26685,Unmarried
26685,Wife
31725,Husband
31725,Not-in-family
31725,Other-relative
31725,Own-child
31725,Unmarried
31725,Wife
24800,Husband
24800,Not-in-family
24800,Other-relative
24800,Own-child
24800,Unmarried
24800,Wife
31886,Husband
31886,Not-in-family
31886,Other-relative
31886,Own-child
31886,Unmarried
31886,Wife
46778,Husband
46778,Not-in-family
46778,Other-relative
46778,Own-child
46778,Unmarried
46778,Wife
48555,Not-in-family
48555,Unmarried
9037,Husband
9037,Other-relative
9037,Own-child
9037,Wife
7077,Husband
7077,Other-relative
7077,Own-child
7077,Wife
40258,Husband
40258,Other-relative
40258,Own-child
40258,Wife
19028,Husband
19028,Not-in-family
19028,Other-relative
19028,Own-child
19028,Unmarried
19028,Wife
3757,Husband
3757,Other-relative
3757,Own-child
3757,Wife
38736,Husband
38736,Not-in-family
38736,Other-relative
38736,Own-child
38736,Unmarried
38736,Wife
39266,Husband
39266,Not-in-family
39266,Other-relative
39266,Own-child
39266,Unmarried
39266,Wife
10330,Not-in-family
10330,Unmarried
23202,Not-in-family
23202,Unmarried
13500,Husband
13500,Not-in-family
13500,Other-relative
13500,Own-child
13500,Unmarried
13500,Wife
26999,Husband
26999,Not-in-family
26999,Other-relative
26999,Own-child
26999,Unmarried
26999,Wife
28663,Husband
28663,Not-in-family
28663,Other-relative
28663,Own-child
28663,Unmarried
28663,Wife
1368,Husband
1368,Other-relative
1368,Own-child
1368,Wife
43178,Husband
43178,Not-in-family
43178,Other-relative
43178,Own-child
43178,Unmarried
43178,Wife
36930,Husband
36930,Not-in-family
36930,Other-relative
36930,Own-child
36930,Unmarried
36930,Wife
40941,Husband
40941,Not-in-family
40941,Other-relative
40941,Own-child
40941,Unmarried
40941,Wife
17944,Husband
17944,Not-in-family
17944,Other-relative
17944,Own-child
17944,Unmarried
17944,Wife
6197,Husband
6197,Not-in-family
6197,Other-relative
6197,Own-child
6197,Unmarried
6197,Wife
15280,Husband
15280,Other-relative
15280,Own-child
15280,Wife
42896,Husband
42896,Other-relative
42896,Own-child
42896,Wife
37145,Husband
37145,Not-in-family
37145,Other-relative
37145,Own-child
37145,Unmarried
37145,Wife
7427,Husband
7427,Other-relative
7427,Own-child
7427,Wife
40516,Husband
40516,Not-in-family
40516,Other-relative
40516,Own-child
40516,Unmarried
40516,Wife
22902,Husband
22902,Not-in-family
22902,Other-relative
22902,Own-child
22902,Unmarried
22902,Wife
18742,Husband
18742,Not-in-family
18742,Other-relative
18742,Own-child
18742,Unmarried
18742,Wife
13406,Husband
13406,Other-relative
13406,Own-child
13406,Wife
25849,Not-in-family
25849,Unmarried
4567,Husband
4567,Not-in-family
4567,Other-relative
4567,Own-child
4567,Unmarried
4567,Wife
24541,Husband
24541,Not-in-family
24541,Other-relative
24541,Own-child
24541,Unmarried
24541,Wife
28751,Husband
28751,Not-in-family
28751,Other-relative
28751,Own-child
28751,Unmarried
28751,Wife
27694,Husband
27694,Other-relative
27694,Own-child
27694,Wife
25551,Husband
25551,Not-in-family
25551,Other-relative
25551,Own-child
25551,Unmarried
25551,Wife
47565,Husband
47565,Not-in-family
47565,Other-relative
47565,Own-child
47565,Unmarried
47565,Wife
7486,Not-in-family
7486,Unmarried
41283,Not-in-family
41283,Unmarried
20107,Husband
20107,Not-in-family
20107,Other-relative
20107,Own-child
20107,Unmarried
20107,Wife
4132,Husband
4132,Other-relative
4132,Own-child
4132,Wife
33902,Husband
33902,Other-relative
33902,Own-child
33902,Wife
24150,Husband
24150,Not-in-family
24150,Other-relative
24150,Own-child
24150,Unmarried
24150,Wife
9808,Husband
9808,Not-in-family
9808,Other-relative
9808,Own-child
9808,Unmarried
9808,Wife
31703,Husband
31703,Not-in-family
31703,Other-relative
31703,Own-child
31703,Unmarried
31703,Wife
27570,Husband
27570,Not-in-family
27570,Other-relative
27570,Own-child
27570,Unmarried
27570,Wife
42107,Husband
42107,Other-relative
42107,Own-child
42107,Wife
10604,Husband
10604,Not-in-family
10604,Other-relative
10604,Own-child
10604,Unmarried
10604,Wife
25011,Husband
25011,Not-in-family
25011,Other-relative
25011,Own-child
25011,Unmarried
25011,Wife
8902,Husband
8902,Not-in-family
8902,Other-relative
8902,Own-child
8902,Unmarried
8902,Wife
27016,Husband
27016,Not-in-family
27016,Other-relative
27016,Own-child
27016,Unmarried
27016,Wife
38764,Husband
38764,Other-relative
38764,Own-child
38764,Wife
21046,Husband
21046,Not-in-family
21046,Other-relative
21046,Own-child
21046,Unmarried
21046,Wife
3309,Husband
3309,Other-relative
3309,Own-child
3309,Wife
44496,Husband
44496,Not-in-family
44496,Other-relative
44496,Own-child
44496,Unmarried
44496,Wife
44175,Not-in-family
44175,Unmarried
14744,Not-in-family
14744,Unmarried
46815,Not-in-family
46815,Unmarried
11470,Husband
11470,Not-in-family
11470,Other-relative
11470,Own-child
11470,Unmarried
11470,Wife
3875,Husband
3875,Not-in-family
3875,Other-relative
3875,Own-child
3875,Unmarried
3875,Wife
39522,Husband
39522,Other-relative
39522,Own-child
39522,Wife
30958,Husband
30958,Not-in-family
30958,Other-relative
30958,Own-child
30958,Unmarried
30958,Wife
37163,Husband
37163,Other-relative
37163,Own-child
37163,Wife
36581,Husband
36581,Not-in-family
36581,Other-relative
36581,Own-child
36581,Unmarried
36581,Wife
15121,Husband
15121,Not-in-family
15121,Other-relative
15121,Own-child
15121,Unmarried
15121,Wife
38685,Husband
38685,Other-relative
38685,Own-child
38685,Wife
39608,Husband
39608,Other-relative
39608,Own-child
39608,Wife
38169,Husband
38169,Not-in-family
38169,Other-relative
38169,Own-child
38169,Unmarried
38169,Wife
5122,Not-in-family
5122,Unmarried
12565,Not-in-family
12565,Unmarried
13991,Not-in-family
13991,Unmarried
38005,Husband
38005,Not-in-family
38005,Other-relative
38005,Own-child
38005,Unmarried
38005,Wife
7056,Husband
7056,Not-in-family
7056,Other-relative
7056,Own-child
7056,Unmarried
7056,Wife
4476,Husband
4476,Not-in-family
4476,Other-relative
4476,Own-child
4476,Unmarried
4476,Wife
21097,Husband
21097,Not-in-family
21097,Other-relative
21097,Own-child
21097,Unmarried
21097,Wife
37592,Not-in-family
37592,Unmarried
26817,Husband
26817,Other-relative
26817,Own-child
26817,Wife
39437,Husband
39437,Not-in-family
39437,Other-relative
39437,Own-child
39437,Unmarried
39437,Wife
4754,Not-in-family
4754,Unmarried
874,Not-in-family
874,Unmarried
24989,Husband
24989,Not-in-family
24989,Other-relative
24989,Own-child
24989,Unmarried
24989,Wife
43895,Husband
43895,Not-in-family
43895,Other-relative
43895,Own-child
43895,Unmarried
43895,Wife
9056,Husband
9056,Not-in-family
9056,Other-relative
9056,Own-child
9056,Unmarried
9056,Wife
40961,Husband
40961,Other-relative
40961,Own-child
40961,Wife
31888,Husband
31888,Not-in-family
31888,Other-relative
31888,Own-child
31888,Unmarried
31888,Wife
21293,Husband
21293,Not-in-family
21293,Other-relative
21293,Own-child
21293,Unmarried
21293,Wife
32642,Not-in-family
32642,Unmarried
2984,Not-in-family
2984,Unmarried
34178,Husband
34178,Not-in-family
34178,Other-relative
34178,Own-child
34178,Unmarried
34178,Wife
42504,Husband
42504,Not-in-family
42504,Other-relative
42504,Own-child
42504,Unmarried
42504,Wife
20766,Husband
20766,Not-in-family
20766,Other-relative
20766,Own-child
20766,Unmarried
20766,Wife
31410,Not-in-family
31410,Unmarried
25446,Husband
25446,Not-in-family
25446,Other-relative
25446,Own-child
25446,Unmarried
25446,Wife
40527,Not-in-family
40527,Unmarried
27850,Not-in-family
27850,Unmarried
18072,Not-in-family
18072,Unmarried
3264,Husband
3264,Not-in-family
3264,Other-relative
3264,Own-child
3264,Unmarried
3264,Wife
28046,Husband
28046,Other-relative
28046,Own-child
28046,Wife
15926,Husband
15926,Not-in-family
15926,Other-relative
15926,Own-child
15926,Unmarried
15926,Wife
5218,Husband
5218,Not-in-family
5218,Other-relative
5218,Own-child
5218,Unmarried
5218,Wife
6058,Husband
6058,Not-in-family
6058,Other-relative
6058,Own-child
6058,Unmarried
6058,Wife
27965,Husband
27965,Not-in-family
27965,Other-relative
27965,Own-child
27965,Unmarried
27965,Wife
21764,Husband
21764,Not-in-family
21764,Other-relative
21764,Own-child
21764,Unmarried
21764,Wife
39112,Not-in-family
39112,Unmarried
14899,Husband
14899,Other-relative
14899,Own-child
14899,Wife
33782,Husband
33782,Not-in-family
33782,Other-relative
33782,Own-child
33782,Unmarried
33782,Wife
26239,Husband
26239,Other-relative
26239,Own-child
26239,Wife
9783,Not-in-family
9783,Unmarried
26938,Husband
26938,Other-relative
26938,Own-child
26938,Wife
23413,Not-in-family
23413,Unmarried
36844,Husband
36844,Other-relative
36844,Own-child
36844,Wife
2192,Husband
2192,Not-in-family
2192,Other-relative
2192,Own-child
2192,Unmarried
2192,Wife
41502,Husband
41502,Other-relative
41502,Own-child
41502,Wife
3194,Husband
3194,Not-in-family
3194,Other-relative
3194,Own-child
3194,Unmarried
3194,Wife
22777,Husband
22777,Not-in-family
22777,Other-relative
22777,Own-child
22777,Unmarried
22777,Wife
8736,Husband
8736,Not-in-family
8736,Other-relative
8736,Own-child
8736,Unmarried
8736,Wife
43924,Not-in-family
43924,Unmarried
2014,Husband
2014,Other-relative
2014,Own-child
2014,Wife
36241,Husband
36241,Not-in-family
36241,Other-relative
36241,Own-child
36241,Unmarried
36241,Wife
33394,Husband
33394,Not-in-family
33394,Other-relative
33394,Own-child
33394,Unmarried
33394,Wife
26892,Not-in-family
26892,Unmarried
32639,Husband
32639,Not-in-family
32639,Other-relative
32639,Own-child
32639,Unmarried
32639,Wife
10112,Husband
10112,Not-in-family
10112,Other-relative
10112,Own-child
10112,Unmarried
10112,Wife
46308,Not-in-family
46308,Unmarried
32876,Not-in-family
32876,Unmarried
8592,Husband
8592,Not-in-family
8592,Other-relative
8592,Own-child
8592,Unmarried
8592,Wife
12976,Husband
12976,Other-relative
12976,Own-child
12976,Wife
3793,Husband
3793,Other-relative
3793,Own-child
3793,Wife
43488,Not-in-family
43488,Unmarried
28567,Not-in-family
28567,Unmarried
18464,Husband
18464,Not-in-family
18464,Other-relative
18464,Own-child
18464,Unmarried
18464,Wife
1438,Not-in-family
1438,Unmarried
34931,Husband
34931,Not-in-family
34931,Other-relative
34931,Own-child
34931,Unmarried
34931,Wife
23726,Husband
23726,Other-relative
23726,Own-child
23726,Wife
30137,Husband
30137,Not-in-family
30137,Other-relative
30137,Own-child
30137,Unmarried
30137,Wife
7281,Not-in-family
7281,Unmarried
17553,Not-in-family
17553,Unmarried
48825,Husband
48825,Not-in-family
48825,Other-relative
48825,Own-child
48825,Unmarried
48825,Wife
9916,Husband
9916,Not-in-family
9916,Other-relative
9916,Own-child
9916,Unmarried
9916,Wife
47976,Husband
47976,Not-in-family
47976,Other-relative
47976,Own-child
47976,Unmarried
47976,Wife
40632,Husband
40632,Not-in-family
40632,Other-relative
40632,Own-child
40632,Unmarried
40632,Wife
24850,Husband
24850,Other-relative
24850,Own-child
24850,Wife
28008,Husband
28008,Other-relative
28008,Own-child
28008,Wife
30925,Not-in-family
30925,Unmarried
38398,Husband
38398,Other-relative
38398,Own-child
38398,Wife
45225,Husband
45225,Not-in-family
45225,Other-relative
45225,Own-child
45225,Unmarried
45225,Wife
27584,Husband
27584,Not-in-family
27584,Other-relative
27584,Own-child
27584,Unmarried
27584,Wife
47249,Husband
47249,Not-in-family
47249,Other-relative
47249,Own-child
47249,Unmarried
47249,Wife
43995,Husband
43995,Not-in-family
43995,Other-relative
43995,Own-child
43995,Unmarried
43995,Wife
30918,Husband
30918,Other-relative
30918,Own-child
30918,Wife
10406,Husband
10406,Not-in-family
10406,Other-relative
10406,Own-child
10406,Unmarried
10406,Wife
30800,Husband
30800,Not-in-family
30800,Other-relative
30800,Own-child
30800,Unmarried
30800,Wife
2866,Husband
2866,Not-in-family
2866,Other-relative
2866,Own-child
2866,Unmarried
2866,Wife
13477,Husband
13477,Not-in-family
13477,Other-relative
13477,Own-child
13477,Unmarried
13477,Wife
920,Husband
920,Not-in-family
920,Other-relative
920,Own-child
920,Unmarried
920,Wife
29395,Husband
29395,Not-in-family
29395,Other-relative
29395,Own-child
29395,Unmarried
29395,Wife
3857,Husband
3857,Not-in-family
3857,Other-relative
3857,Own-child
3857,Unmarried
3857,Wife
45206,Husband
45206,Not-in-family
45206,Other-relative
45206,Own-child
45206,Unmarried
45206,Wife
12803,Husband
12803,Not-in-family
12803,Other-relative
12803,Own-child
12803,Unmarried
12803,Wife
16700,Husband
16700,Not-in-family
16700,Other-relative
16700,Own-child
16700,Unmarried
16700,Wife
42731,Husband
42731,Not-in-family
42731,Other-relative
42731,Own-child
42731,Unmarried
42731,Wife
17143,Husband
17143,Other-relative
17143,Own-child
17143,Wife
29905,Husband
29905,Not-in-family
29905,Other-relative
29905,Own-child
29905,Unmarried
29905,Wife
41210,Husband
41210,Not-in-family
41210,Other-relative
41210,Own-child
41210,Unmarried
41210,Wife
32546,Not-in-family
32546,Unmarried
1850,Husband
1850,Other-relative
1850,Own-child
1850,Wife
8203,Husband
8203,Other-relative
8203,Own-child
8203,Wife
15677,Husband
15677,Not-in-family
15677,Other-relative
15677,Own-child
15677,Unmarried
15677,Wife
43533,Husband
43533,Not-in-family
43533,Other-relative
43533,Own-child
43533,Unmarried
43533,Wife
12457,Husband
12457,Other-relative
12457,Own-child
12457,Wife
33443,Husband
33443,Other-relative
33443,Own-child
33443,Wife
23612,Husband
23612,Not-in-family
23612,Other-relative
23612,Own-child
23612,Unmarried
23612,Wife
33548,Husband
33548,Not-in-family
33548,Other-relative
33548,Own-child
33548,Unmarried
33548,Wife
38971,Husband
38971,Not-in-family
38971,Other-relative
38971,Own-child
38971,Unmarried
38971,Wife
631,Not-in-family
631,Unmarried
3175,Husband
3175,Not-in-family
3175,Other-relative
3175,Own-child
3175,Unmarried
3175,Wife
14277,Husband
14277,Other-relative
14277,Own-child
14277,Wife
28249,Husband
28249,Not-in-family
28249,Other-relative
28249,Own-child
28249,Unmarried
28249,Wife
20479,Husband
20479,Other-relative
20479,Own-child
20479,Wife
268,Not-in-family
268,Unmarried
861,Husband
861,Not-in-family
861,Other-relative
861,Own-child
861,Unmarried
861,Wife
38420,Not-in-family
38420,Unmarried
39288,Husband
39288,Other-relative
39288,Own-child
39288,Wife
41934,Husband
41934,Not-in-family
41934,Other-relative
41934,Own-child
41934,Unmarried
41934,Wife
31078,Husband
31078,Not-in-family
31078,Other-relative
31078,Own-child
31078,Unmarried
31078,Wife
36668,Husband
36668,Other-relative
36668,Own-child
36668,Wife
33485,Husband
33485,Not-in-family
33485,Other-relative
33485,Own-child
33485,Unmarried
33485,Wife
14790,Husband
14790,Other-relative
14790,Own-child
14790,Wife
24254,Husband
24254,Not-in-family
24254,Other-relative
24254,Own-child
24254,Unmarried
24254,Wife
2988,Husband
2988,Other-relative
2988,Own-child
2988,Wife
32966,Husband
32966,Other-relative
32966,Own-child
32966,Wife
30555,Husband
30555,Other-relative
30555,Own-child
30555,Wife
37099,Husband
37099,Other-relative
37099,Own-child
37099,Wife
38824,Husband
38824,Not-in-family
38824,Other-relative
38824,Own-child
38824,Unmarried
38824,Wife
9865,Husband
9865,Not-in-family
9865,Other-relative
9865,Own-child
9865,Unmarried
9865,Wife
17055,Husband
17055,Other-relative
17055,Own-child
17055,Wife
43845,Husband
43845,Not-in-family
43845,Other-relative
43845,Own-child
43845,Unmarried
43845,Wife
22985,Husband
22985,Not-in-family
22985,Other-relative
22985,Own-child
22985,Unmarried
22985,Wife
12504,Husband
12504,Not-in-family
12504,Other-relative
12504,Own-child
12504,Unmarried
12504,Wife
14356,Husband
14356,Not-in-family
14356,Other-relative
14356,Own-child
14356,Unmarried
14356,Wife
46920,Husband
46920,Not-in-family
46920,Other-relative
46920,Own-child
46920,Unmarried
46920,Wife
15441,Not-in-family
15441,Unmarried
12812,Not-in-family
12812,Unmarried
16358,Husband
16358,Other-relative
16358,Own-child
16358,Wife
26700,Husband
26700,Not-in-family
26700,Other-relative
26700,Own-child
26700,Unmarried
26700,Wife
16493,Not-in-family
16493,Unmarried
43620,Not-in-family
43620,Unmarried
12251,Husband
12251,Other-relative
12251,Own-child
12251,Wife
8835,Not-in-family
8835,Unmarried
46718,Husband
46718,Other-relative
46718,Own-child
46718,Wife
42096,Husband
42096,Not-in-family
42096,Other-relative
42096,Own-child
42096,Unmarried
42096,Wife
2648,Not-in-family
2648,Unmarried
18449,Husband
18449,Not-in-family
18449,Other-relative
18449,Own-child
18449,Unmarried
18449,Wife
7657,Husband
7657,Other-relative
7657,Own-child
7657,Wife
18926,Husband
18926,Other-relative
18926,Own-child
18926,Wife
31517,Husband
31517,Not-in-family
31517,Other-relative
31517,Own-child
31517,Unmarried
31517,Wife
42384,Husband
42384,Not-in-family
42384,Other-relative
42384,Own-child
42384,Unmarried
42384,Wife
36643,Husband
36643,Not-in-family
36643,Other-relative
36643,Own-child
36643,Unmarried
36643,Wife
43290,Husband
43290,Not-in-family
43290,Other-relative
43290,Own-child
43290,Unmarried
43290,Wife
36770,Husband
36770,Other-relative
36770,Own-child
36770,Wife
40931,Husband
40931,Not-in-family
40931,Other-relative
40931,Own-child
40931,Unmarried
40931,Wife
36161,Husband
36161,Other-relative
36161,Own-child
36161,Wife
29756,Husband
29756,Not-in-family
29756,Other-relative
29756,Own-child
29756,Unmarried
29756,Wife
40990,Husband
40990,Other-relative
40990,Own-child
40990,Wife
13168,Not-in-family
13168,Unmarried
46197,Husband
46197,Other-relative
46197,Own-child
46197,Wife
44000,Husband
44000,Not-in-family
44000,Other-relative
44000,Own-child
44000,Unmarried
44000,Wife
9915,Not-in-family
9915,Unmarried
39705,Husband
39705,Not-in-family
39705,Other-relative
39705,Own-child
39705,Unmarried
39705,Wife
39212,Husband
39212,Not-in-family
39212,Other-relative
39212,Own-child
39212,Unmarried
39212,Wife
11317,Husband
11317,Not-in-family
11317,Other-relative
11317,Own-child
11317,Unmarried
11317,Wife
28368,Husband
28368,Not-in-family
28368,Other-relative
28368,Own-child
28368,Unmarried
28368,Wife
27528,Not-in-family
27528,Unmarried
37524,Husband
37524,Not-in-family
37524,Other-relative
37524,Own-child
37524,Unmarried
37524,Wife
1696,Husband
1696,Not-in-family
1696,Other-relative
1696,Own-child
1696,Unmarried
1696,Wife
32227,Husband
32227,Other-relative
32227,Own-child
32227,Wife
17831,Husband
17831,Other-relative
17831,Own-child
17831,Wife
42569,Not-in-family
42569,Unmarried
10569,Husband
10569,Not-in-family
10569,Other-relative
10569,Own-child
10569,Unmarried
10569,Wife
26570,Husband
26570,Not-in-family
26570,Other-relative
26570,Own-child
26570,Unmarried
26570,Wife
46150,Husband
46150,Not-in-family
46150,Other-relative
46150,Own-child
46150,Unmarried
46150,Wife
25350,Husband
25350,Not-in-family
25350,Other-relative
25350,Own-child
25350,Unmarried
25350,Wife
29959,Husband
29959,Other-relative
29959,Own-child
29959,Wife
5245,Husband
5245,Not-in-family
5245,Other-relative
5245,Own-child
5245,Unmarried
5245,Wife
37012,Not-in-family
37012,Unmarried
22380,Husband
22380,Other-relative
22380,Own-child
22380,Wife
1345,Husband
1345,Other-relative
1345,Own-child
1345,Wife
46356,Husband
46356,Other-relative
46356,Own-child
46356,Wife
5324,Not-in-family
5324,Unmarried
10294,Husband
10294,Not-in-family
10294,Other-relative
10294,Own-child
10294,Unmarried
10294,Wife
22243,Husband
22243,Not-in-family
22243,Other-relative
22243,Own-child
22243,Unmarried
22243,Wife
20398,Husband
20398,Not-in-family
20398,Other-relative
20398,Own-child
20398,Unmarried
20398,Wife
35611,Not-in-family
35611,Unmarried
5714,Husband
5714,Other-relative
5714,Own-child
5714,Wife
43032,Husband
43032,Other-relative
43032,Own-child
43032,Wife
45923,Husband
45923,Other-relative
45923,Own-child
45923,Wife
48204,Not-in-family
48204,Unmarried
21111,Not-in-family
21111,Unmarried
1126,Husband
1126,Other-relative
1126,Own-child
1126,Wife
45983,Husband
45983,Not-in-family
45983,Other-relative
45983,Own-child
45983,Unmarried
45983,Wife
21302,Husband
21302,Other-relative
21302,Own-child
21302,Wife
41099,Husband
41099,Not-in-family
41099,Other-relative
41099,Own-child
41099,Unmarried
41099,Wife
23263,Husband
23263,Not-in-family
23263,Other-relative
23263,Own-child
23263,Unmarried
23263,Wife
9655,Husband
9655,Other-relative
9655,Own-child
9655,Wife
30330,Husband
30330,Not-in-family
30330,Other-relative
30330,Own-child
30330,Unmarried
30330,Wife
21244,Husband
21244,Not-in-family
21244,Other-relative
21244,Own-child
21244,Unmarried
21244,Wife
28788,Not-in-family
28788,Unmarried
2974,Husband
2974,Not-in-family
2974,Other-relative
2974,Own-child
2974,Unmarried
2974,Wife
5727,Husband
5727,Not-in-family
5727,Other-relative
5727,Own-child
5727,Unmarried
5727,Wife
48039,Husband
48039,Not-in-family
48039,Other-relative
48039,Own-child
48039,Unmarried
48039,Wife
31103,Husband
31103,Not-in-family
31103,Other-relative
31103,Own-child
31103,Unmarried
31103,Wife
3765,Husband
3765,Not-in-family
3765,Other-relative
3765,Own-child
3765,Unmarried
3765,Wife
19266,Not-in-family
19266,Unmarried
32899,Husband
32899,Not-in-family
32899,Other-relative
32899,Own-child
32899,Unmarried
32899,Wife
21776,Husband
21776,Not-in-family
21776,Other-relative
21776,Own-child
21776,Unmarried
21776,Wife
3144,Husband
3144,Other-relative
3144,Own-child
3144,Wife
4536,Not-in-family
4536,Unmarried
28432,Husband
28432,Not-in-family
28432,Other-relative
28432,Own-child
28432,Unmarried
28432,Wife
44276,Husband
44276,Not-in-family
44276,Other-relative
44276,Own-child
44276,Unmarried
44276,Wife
44851,Husband
44851,Other-relative
44851,Own-child
44851,Wife
15703,Husband
15703,Not-in-family
15703,Other-relative
15703,Own-child
15703,Unmarried
15703,Wife
36100,Husband
36100,Not-in-family
36100,Other-relative
36100,Own-child
36100,Unmarried
36100,Wife
27672,Husband
27672,Not-in-family
27672,Other-relative
27672,Own-child
27672,Unmarried
27672,Wife
27829,Not-in-family
27829,Unmarried
22171,Not-in-family
22171,Unmarried
37791,Husband
37791,Other-relative
37791,Own-child
37791,Wife
5531,Husband
5531,Not-in-family
5531,Other-relative
5531,Own-child
5531,Unmarried
5531,Wife
31548,Husband
31548,Not-in-family
31548,Other-relative
31548,Own-child
31548,Unmarried
31548,Wife
2973,Husband
2973,Not-in-family
2973,Other-relative
2973,Own-child
2973,Unmarried
2973,Wife
5,Husband
5,Other-relative
5,Own-child
5,Wife
6298,Not-in-family
6298,Unmarried
38367,Not-in-family
38367,Unmarried
6429,Husband
6429,Other-relative
6429,Own-child
6429,Wife
3710,Not-in-family
3710,Unmarried
21731,Not-in-family
21731,Unmarried
5648,Husband
5648,Not-in-family
5648,Other-relative
5648,Own-child
5648,Unmarried
5648,Wife
35163,Not-in-family
35163,Unmarried
13660,Husband
13660,Other-relative
13660,Own-child
13660,Wife
14981,Husband
14981,Other-relative
14981,Own-child
14981,Wife
8359,Husband
8359,Other-relative
8359,Own-child
8359,Wife
17451,Husband
17451,Not-in-family
17451,Other-relative
17451,Own-child
17451,Unmarried
17451,Wife
34333,Husband
34333,Not-in-family
34333,Other-relative
34333,Own-child
34333,Unmarried
34333,Wife
3349,Husband
3349,Not-in-family
3349,Other-relative
3349,Own-child
3349,Unmarried
3349,Wife
27727,Not-in-family
27727,Unmarried
41578,Not-in-family
41578,Unmarried
4760,Husband
4760,Not-in-family
4760,Other-relative
4760,Own-child
4760,Unmarried
4760,Wife
4207,Not-in-family
4207,Unmarried
6150,Husband
6150,Other-relative
6150,Own-child
6150,Wife
9702,Husband
9702,Other-relative
9702,Own-child
9702,Wife
44960,Husband
44960,Not-in-family
44960,Other-relative
44960,Own-child
44960,Unmarried
44960,Wife
19439,Husband
19439,Not-in-family
19439,Other-relative
19439,Own-child
19439,Unmarried
19439,Wife
38028,Husband
38028,Not-in-family
38028,Other-relative
38028,Own-child
38028,Unmarried
38028,Wife
47725,Husband
47725,Other-relative
47725,Own-child
47725,Wife
17159,Husband
17159,Not-in-family
17159,Other-relative
17159,Own-child
17159,Unmarried
17159,Wife
37924,Husband
37924,Not-in-family
37924,Other-relative
37924,Own-child
37924,Unmarried
37924,Wife
9815,Not-in-family
9815,Unmarried
26764,Husband
26764,Other-relative
26764,Own-child
26764,Wife
688,Husband
688,Not-in-family
688,Other-relative
688,Own-child
688,Unmarried
688,Wife
32366,Husband
32366,Not-in-family
32366,Other-relative
32366,Own-child
32366,Unmarried
32366,Wife
24748,Not-in-family
24748,Unmarried
27328,Husband
27328,Not-in-family
27328,Other-relative
27328,Own-child
27328,Unmarried
27328,Wife
34023,Husband
34023,Not-in-family
34023,Other-relative
34023,Own-child
34023,Unmarried
34023,Wife
21232,Husband
21232,Other-relative
21232,Own-child
21232,Wife
4686,Husband
4686,Other-relative
4686,Own-child
4686,Wife
16727,Not-in-family
16727,Unmarried
45128,Husband
45128,Not-in-family
45128,Other-relative
45128,Own-child
45128,Unmarried
45128,Wife
12851,Husband
12851,Not-in-family
12851,Other-relative
12851,Own-child
12851,Unmarried
12851,Wife
22519,Husband
22519,Not-in-family
22519,Other-relative
22519,Own-child
22519,Unmarried
22519,Wife
26324,Husband
26324,Other-relative
26324,Own-child
26324,Wife
22393,Not-in-family
22393,Unmarried
40173,Husband
40173,Not-in-family
40173,Other-relative
40173,Own-child
40173,Unmarried
40173,Wife
16646,Not-in-family
16646,Unmarried
829,Husband
829,Other-relative
829,Own-child
829,Wife
41353,Not-in-family
41353,Unmarried
13223,Not-in-family
13223,Unmarried
12668,Husband
12668,Not-in-family
12668,Other-relative
12668,Own-child
12668,Unmarried
12668,Wife
17296,Husband
17296,Not-in-family
17296,Other-relative
17296,Own-child
17296,Unmarried
17296,Wife
3679,Husband
3679,Other-relative
3679,Own-child
3679,Wife
20138,Husband
20138,Other-relative
20138,Own-child
20138,Wife
27567,Husband
27567,Not-in-family
27567,Other-relative
27567,Own-child
27567,Unmarried
27567,Wife
30900,Not-in-family
30900,Unmarried
23932,Husband
23932,Not-in-family
23932,Other-relative
23932,Own-child
23932,Unmarried
23932,Wife
14402,Husband
14402,Not-in-family
14402,Other-relative
14402,Own-child
14402,Unmarried
14402,Wife
31204,Husband
31204,Not-in-family
31204,Other-relative
31204,Own-child
31204,Unmarried
31204,Wife
17350,Husband
17350,Other-relative
17350,Own-child
17350,Wife
45087,Not-in-family
45087,Unmarried
35689,Husband
35689,Not-in-family
35689,Other-relative
35689,Own-child
35689,Unmarried
35689,Wife
31677,Husband
31677,Other-relative
31677,Own-child
31677,Wife
8974,Not-in-family
8974,Unmarried
4652,Husband
4652,Not-in-family
4652,Other-relative
4652,Own-child
4652,Unmarried
4652,Wife
17423,Husband
17423,Not-in-family
17423,Other-relative
17423,Own-child
17423,Unmarried
17423,Wife
41901,Husband
41901,Not-in-family
41901,Other-relative
41901,Own-child
41901,Unmarried
41901,Wife
9757,Husband
9757,Not-in-family
9757,Other-relative
9757,Own-child
9757,Unmarried
9757,Wife
47274,Husband
47274,Not-in-family
47274,Other-relative
47274,Own-child
47274,Unmarried
47274,Wife
647,Husband
647,Not-in-family
647,Other-relative
647,Own-child
647,Unmarried
647,Wife
38013,Husband
38013,Not-in-family
38013,Other-relative
38013,Own-child
38013,Unmarried
38013,Wife
4750,Husband
4750,Not-in-family
4750,Other-relative
4750,Own-child
4750,Unmarried
4750,Wife
10764,Husband
10764,Not-in-family
10764,Other-relative
10764,Own-child
10764,Unmarried
10764,Wife
21121,Husband
21121,Not-in-family
21121,Other-relative
21121,Own-child
21121,Unmarried
21121,Wife
30157,Husband
30157,Not-in-family
30157,Other-relative
30157,Own-child
30157,Unmarried
30157,Wife
8621,Husband
8621,Other-relative
8621,Own-child
8621,Wife
43569,Husband
43569,Not-in-family
43569,Other-relative
43569,Own-child
43569,Unmarried
43569,Wife
29998,Husband
29998,Not-in-family
29998,Other-relative
29998,Own-child
29998,Unmarried
29998,Wife
17219,Husband
17219,Not-in-family
17219,Other-relative
17219,Own-child
17219,Unmarried
17219,Wife
7397,Husband
7397,Not-in-family
7397,Other-relative
7397,Own-child
7397,Unmarried
7397,Wife
7896,Husband
7896,Not-in-family
7896,Other-relative
7896,Own-child
7896,Unmarried
7896,Wife
19521,Husband
19521,Not-in-family
19521,Other-relative
19521,Own-child
19521,Unmarried
19521,Wife
7084,Husband
7084,Other-relative
7084,Own-child
7084,Wife
44364,Husband
44364,Other-relative
44364,Own-child
44364,Wife
3669,Husband
3669,Other-relative
3669,Own-child
3669,Wife
24806,Husband
24806,Not-in-family
24806,Other-relative
24806,Own-child
24806,Unmarried
24806,Wife
21618,Husband
21618,Not-in-family
21618,Other-relative
21618,Own-child
21618,Unmarried
21618,Wife
30898,Husband
30898,Not-in-family
30898,Other-relative
30898,Own-child
30898,Unmarried
30898,Wife
18104,Not-in-family
18104,Unmarried
42540,Husband
42540,Not-in-family
42540,Other-relative
42540,Own-child
42540,Unmarried
42540,Wife
45931,Not-in-family
45931,Unmarried
17778,Husband
17778,Not-in-family
17778,Other-relative
17778,Own-child
17778,Unmarried
17778,Wife
44307,Husband
44307,Other-relative
44307,Own-child
44307,Wife
36352,Husband
36352,Not-in-family
36352,Other-relative
36352,Own-child
36352,Unmarried
36352,Wife
23905,Not-in-family
23905,Unmarried
19987,Husband
19987,Other-relative
19987,Own-child
19987,Wife
38778,Husband
38778,Not-in-family
38778,Other-relative
38778,Own-child
38778,Unmarried
38778,Wife
26561,Husband
26561,Other-relative
26561,Own-child
26561,Wife
15809,Husband
15809,Not-in-family
15809,Other-relative
15809,Own-child
15809,Unmarried
15809,Wife
2655,Husband
2655,Not-in-family
2655,Other-relative
2655,Own-child
2655,Unmarried
2655,Wife
11390,Not-in-family
11390,Unmarried
3733,Husband
3733,Other-relative
3733,Own-child
3733,Wife
43703,Husband
43703,Not-in-family
43703,Other-relative
43703,Own-child
43703,Unmarried
43703,Wife
13118,Not-in-family
13118,Unmarried
20392,Not-in-family
20392,Unmarried
19713,Husband
19713,Other-relative
19713,Own-child
19713,Wife
33354,Husband
33354,Not-in-family
33354,Other-relative
33354,Own-child
33354,Unmarried
33354,Wife
31968,Husband
31968,Other-relative
31968,Own-child
31968,Wife
6462,Not-in-family
6462,Unmarried
38390,Husband
38390,Not-in-family
38390,Other-relative
38390,Own-child
38390,Unmarried
38390,Wife
44070,Husband
44070,Other-relative
44070,Own-child
44070,Wife
38340,Not-in-family
38340,Unmarried
10329,Husband
10329,Not-in-family
10329,Other-relative
10329,Own-child
10329,Unmarried
10329,Wife
6102,Husband
6102,Not-in-family
6102,Other-relative
6102,Own-child
6102,Unmarried
6102,Wife
35272,Husband
35272,Other-relative
35272,Own-child
35272,Wife
19330,Husband
19330,Not-in-family
19330,Other-relative
19330,Own-child
19330,Unmarried
19330,Wife
28902,Husband
28902,Not-in-family
28902,Other-relative
28902,Own-child
28902,Unmarried
28902,Wife
17291,Husband
17291,Other-relative
17291,Own-child
17291,Wife
14452,Husband
14452,Not-in-family
14452,Other-relative
14452,Own-child
14452,Unmarried
14452,Wife
21102,Husband
21102,Other-relative
21102,Own-child
21102,Wife
38609,Husband
38609,Not-in-family
38609,Other-relative
38609,Own-child
38609,Unmarried
38609,Wife
34355,Husband
34355,Other-relative
34355,Own-child
34355,Wife
47646,Husband
47646,Other-relative
47646,Own-child
47646,Wife
33885,Husband
33885,Not-in-family
33885,Other-relative
33885,Own-child
33885,Unmarried
33885,Wife
3988,Husband
3988,Other-relative
3988,Own-child
3988,Wife
35993,Not-in-family
35993,Unmarried
13258,Husband
13258,Other-relative
13258,Own-child
13258,Wife
17181,Husband
17181,Other-relative
17181,Own-child
17181,Wife
1189,Husband
1189,Other-relative
1189,Own-child
1189,Wife
38578,Husband
38578,Not-in-family
38578,Other-relative
38578,Own-child
38578,Unmarried
38578,Wife
44776,Not-in-family
44776,Unmarried
30780,Not-in-family
30780,Unmarried
25437,Husband
25437,Other-relative
25437,Own-child
25437,Wife
33955,Not-in-family
33955,Unmarried
27258,Husband
27258,Other-relative
27258,Own-child
27258,Wife
11902,Not-in-family
11902,Unmarried
11967,Husband
11967,Not-in-family
11967,Other-relative
11967,Own-child
11967,Unmarried
11967,Wife
48643,Husband
48643,Other-relative
48643,Own-child
48643,Wife
21251,Husband
21251,Not-in-family
21251,Other-relative
21251,Own-child
21251,Unmarried
21251,Wife
25113,Husband
25113,Not-in-family
25113,Other-relative
25113,Own-child
25113,Unmarried
25113,Wife
3554,Husband
3554,Not-in-family
3554,Other-relative
3554,Own-child
3554,Unmarried
3554,Wife
42520,Not-in-family
42520,Unmarried
35603,Husband
35603,Not-in-family
35603,Other-relative
35603,Own-child
35603,Unmarried
35603,Wife
29100,Husband
29100,Not-in-family
29100,Other-relative
29100,Own-child
29100,Unmarried
29100,Wife
4162,Husband
4162,Not-in-family
4162,Other-relative
4162,Own-child
4162,Unmarried
4162,Wife
3244,Not-in-family
3244,Unmarried
17909,Not-in-family
17909,Unmarried
23908,Not-in-family
23908,Unmarried
11764,Husband
11764,Other-relative
11764,Own-child
11764,Wife
2297,Not-in-family
2297,Unmarried
14132,Not-in-family
14132,Unmarried
13060,Husband
13060,Other-relative
13060,Own-child
13060,Wife
34135,Not-in-family
34135,Unmarried
22463,Not-in-family
22463,Unmarried
42474,Husband
42474,Not-in-family
42474,Other-relative
42474,Own-child
42474,Unmarried
42474,Wife
27866,Husband
27866,Not-in-family
27866,Other-relative
27866,Own-child
27866,Unmarried
27866,Wife
10712,Husband
10712,Not-in-family
10712,Other-relative
10712,Own-child
10712,Unmarried
10712,Wife
29658,Husband
29658,Not-in-family
29658,Other-relative
29658,Own-child
29658,Unmarried
29658,Wife
18993,Not-in-family
18993,Unmarried
35537,Husband
35537,Not-in-family
35537,Other-relative
35537,Own-child
35537,Unmarried
35537,Wife
7792,Husband
7792,Other-relative
7792,Own-child
7792,Wife
7103,Husband
7103,Other-relative
7103,Own-child
7103,Wife
30057,Husband
30057,Not-in-family
30057,Other-relative
30057,Own-child
30057,Unmarried
30057,Wife
20696,Husband
20696,Not-in-family
20696,Other-relative
20696,Own-child
20696,Unmarried
20696,Wife
3403,Husband
3403,Not-in-family
3403,Other-relative
3403,Own-child
3403,Unmarried
3403,Wife
3342,Husband
3342,Not-in-family
3342,Other-relative
3342,Own-child
3342,Unmarried
3342,Wife
23015,Husband
23015,Not-in-family
23015,Other-relative
23015,Own-child
23015,Unmarried
23015,Wife
37472,Husband
37472,Not-in-family
37472,Other-relative
37472,Own-child
37472,Unmarried
37472,Wife
10954,Husband
10954,Not-in-family
10954,Other-relative
10954,Own-child
10954,Unmarried
10954,Wife
3114,Husband
3114,Not-in-family
3114,Other-relative
3114,Own-child
3114,Unmarried
3114,Wife
1007,Husband
1007,Other-relative
1007,Own-child
1007,Wife
39453,Husband
39453,Not-in-family
39453,Other-relative
39453,Own-child
39453,Unmarried
39453,Wife
39682,Husband
39682,Not-in-family
39682,Other-relative
39682,Own-child
39682,Unmarried
39682,Wife
36635,Not-in-family
36635,Unmarried
25372,Husband
25372,Other-relative
25372,Own-child
25372,Wife
11173,Husband
11173,Other-relative
11173,Own-child
11173,Wife
5939,Husband
5939,Other-relative
5939,Own-child
5939,Wife
26887,Husband
26887,Not-in-family
26887,Other-relative
26887,Own-child
26887,Unmarried
26887,Wife
33136,Husband
33136,Other-relative
33136,Own-child
33136,Wife
15358,Husband
15358,Not-in-family
15358,Other-relative
15358,Own-child
15358,Unmarried
15358,Wife
15009,Husband
15009,Not-in-family
15009,Other-relative
15009,Own-child
15009,Unmarried
15009,Wife
7643,Husband
7643,Not-in-family
7643,Other-relative
7643,Own-child
7643,Unmarried
7643,Wife
26749,Husband
26749,Not-in-family
26749,Other-relative
26749,Own-child
26749,Unmarried
26749,Wife
45253,Husband
45253,Not-in-family
45253,Other-relative
45253,Own-child
45253,Unmarried
45253,Wife
22326,Husband
22326,Other-relative
22326,Own-child
22326,Wife
34440,Husband
34440,Not-in-family
34440,Other-relative
34440,Own-child
34440,Unmarried
34440,Wife
34061,Husband
34061,Other-relative
34061,Own-child
34061,Wife
5259,Husband
5259,Not-in-family
5259,Other-relative
5259,Own-child
5259,Unmarried
5259,Wife
3581,Not-in-family
3581,Unmarried
26641,Husband
26641,Not-in-family
26641,Other-relative
26641,Own-child
26641,Unmarried
26641,Wife
27154,Not-in-family
27154,Unmarried
33253,Husband
33253,Not-in-family
33253,Other-relative
33253,Own-child
33253,Unmarried
33253,Wife
46625,Husband
46625,Not-in-family
46625,Other-relative
46625,Own-child
46625,Unmarried
46625,Wife
27840,Husband
27840,Other-relative
27840,Own-child
27840,Wife
3102,Husband
3102,Not-in-family
3102,Other-relative
3102,Own-child
3102,Unmarried
3102,Wife
40405,Husband
40405,Not-in-family
40405,Other-relative
40405,Own-child
40405,Unmarried
40405,Wife
6943,Not-in-family
6943,Unmarried
30690,Husband
30690,Not-in-family
30690,Other-relative
30690,Own-child
30690,Unmarried
30690,Wife
35986,Husband
35986,Not-in-family
35986,Other-relative
35986,Own-child
35986,Unmarried
35986,Wife
25940,Husband
25940,Not-in-family
25940,Other-relative
25940,Own-child
25940,Unmarried
25940,Wife
17818,Husband
17818,Not-in-family
17818,Other-relative
17818,Own-child
17818,Unmarried
17818,Wife
2017,Not-in-family
2017,Unmarried
37589,Not-in-family
37589,Unmarried
16067,Husband
16067,Not-in-family
16067,Other-relative
16067,Own-child
16067,Unmarried
16067,Wife
18726,Husband
18726,Other-relative
18726,Own-child
18726,Wife
35219,Husband
35219,Not-in-family
35219,Other-relative
35219,Own-child
35219,Unmarried
35219,Wife
28199,Husband
28199,Other-relative
28199,Own-child
28199,Wife
196,Husband
196,Not-in-family
196,Other-relative
196,Own-child
196,Unmarried
196,Wife
46368,Husband
46368,Not-in-family
46368,Other-relative
46368,Own-child
46368,Unmarried
46368,Wife
22457,Husband
22457,Other-relative
22457,Own-child
22457,Wife
22174,Husband
22174,Not-in-family
22174,Other-relative
22174,Own-child
22174,Unmarried
22174,Wife
37378,Husband
37378,Not-in-family
37378,Other-relative
37378,Own-child
37378,Unmarried
37378,Wife
6546,Husband
6546,Not-in-family
6546,Other-relative
6546,Own-child
6546,Unmarried
6546,Wife
14208,Not-in-family
14208,Unmarried
28862,Husband
28862,Not-in-family
28862,Other-relative
28862,Own-child
28862,Unmarried
28862,Wife
20582,Not-in-family
20582,Unmarried
34943,Husband
34943,Not-in-family
34943,Other-relative
34943,Own-child
34943,Unmarried
34943,Wife
28846,Husband
28846,Not-in-family
28846,Other-relative
28846,Own-child
28846,Unmarried
28846,Wife
16115,Husband
16115,Not-in-family
16115,Other-relative
16115,Own-child
16115,Unmarried
16115,Wife
18297,Husband
18297,Other-relative
18297,Own-child
18297,Wife
44795,Husband
44795,Other-relative
44795,Own-child
44795,Wife
20062,Not-in-family
20062,Unmarried
16987,Husband
16987,Not-in-family
16987,Other-relative
16987,Own-child
16987,Unmarried
16987,Wife
34637,Husband
34637,Not-in-family
34637,Other-relative
34637,Own-child
34637,Unmarried
34637,Wife
26990,Husband
26990,Not-in-family
26990,Other-relative
26990,Own-child
26990,Unmarried
26990,Wife
31242,Husband
31242,Other-relative
31242,Own-child
31242,Wife
12975,Husband
12975,Not-in-family
12975,Other-relative
12975,Own-child
12975,Unmarried
12975,Wife
38520,Husband
38520,Not-in-family
38520,Other-relative
38520,Own-child
38520,Unmarried
38520,Wife
43291,Husband
43291,Other-relative
43291,Own-child
43291,Wife
15188,Husband
15188,Other-relative
15188,Own-child
15188,Wife
43367,Husband
43367,Other-relative
43367,Own-child
43367,Wife
16422,Husband
16422,Other-relative
16422,Own-child
16422,Wife
41068,Husband
41068,Other-relative
41068,Own-child
41068,Wife
30524,Husband
30524,Not-in-family
30524,Other-relative
30524,Own-child
30524,Unmarried
30524,Wife
5798,Husband
5798,Not-in-family
5798,Other-relative
5798,Own-child
5798,Unmarried
5798,Wife
19054,Husband
19054,Not-in-family
19054,Other-relative
19054,Own-child
19054,Unmarried
19054,Wife
41094,Husband
41094,Not-in-family
41094,Other-relative
41094,Own-child
41094,Unmarried
41094,Wife
13140,Husband
13140,Not-in-family
13140,Other-relative
13140,Own-child
13140,Unmarried
13140,Wife
16768,Husband
16768,Other-relative
16768,Own-child
16768,Wife
5120,Husband
5120,Not-in-family
5120,Other-relative
5120,Own-child
5120,Unmarried
5120,Wife
4923,Husband
4923,Not-in-family
4923,Other-relative
4923,Own-child
4923,Unmarried
4923,Wife
374,Husband
374,Not-in-family
374,Other-relative
374,Own-child
374,Unmarried
374,Wife
45508,Husband
45508,Other-relative
45508,Own-child
45508,Wife
18876,Husband
18876,Not-in-family
18876,Other-relative
18876,Own-child
18876,Unmarried
18876,Wife
41884,Not-in-family
41884,Unmarried
23907,Husband
23907,Not-in-family
23907,Other-relative
23907,Own-child
23907,Unmarried
23907,Wife
17077,Husband
17077,Other-relative
17077,Own-child
17077,Wife
44384,Husband
44384,Other-relative
44384,Own-child
44384,Wife
39985,Husband
39985,Not-in-family
39985,Other-relative
39985,Own-child
39985,Unmarried
39985,Wife
6420,Husband
6420,Not-in-family
6420,Other-relative
6420,Own-child
6420,Unmarried
6420,Wife
43196,Husband
43196,Not-in-family
43196,Other-relative
43196,Own-child
43196,Unmarried
43196,Wife
17665,Husband
17665,Other-relative
17665,Own-child
17665,Wife
17987,Husband
17987,Not-in-family
17987,Other-relative
17987,Own-child
17987,Unmarried
17987,Wife
48532,Husband
48532,Other-relative
48532,Own-child
48532,Wife
38023,Husband
38023,Not-in-family
38023,Other-relative
38023,Own-child
38023,Unmarried
38023,Wife
22784,Husband
22784,Not-in-family
22784,Other-relative
22784,Own-child
22784,Unmarried
22784,Wife
28374,Husband
28374,Other-relative
28374,Own-child
28374,Wife
43104,Husband
43104,Other-relative
43104,Own-child
43104,Wife
41059,Husband
41059,Not-in-family
41059,Other-relative
41059,Own-child
41059,Unmarried
41059,Wife
39854,Husband
39854,Other-relative
39854,Own-child
39854,Wife
25597,Husband
25597,Other-relative
25597,Own-child
25597,Wife
41966,Husband
41966,Not-in-family
41966,Other-relative
41966,Own-child
41966,Unmarried
41966,Wife
31225,Not-in-family
31225,Unmarried
20182,Husband
20182,Other-relative
20182,Own-child
20182,Wife
4118,Not-in-family
4118,Unmarried
32847,Husband
32847,Other-relative
32847,Own-child
32847,Wife
41780,Not-in-family
41780,Unmarried
1038,Not-in-family
1038,Unmarried
34039,Husband
34039,Not-in-family
34039,Other-relative
34039,Own-child
34039,Unmarried
34039,Wife
25375,Husband
25375,Not-in-family
25375,Other-relative
25375,Own-child
25375,Unmarried
25375,Wife
34638,Husband
34638,Not-in-family
34638,Other-relative
34638,Own-child
34638,Unmarried
34638,Wife
7373,Husband
7373,Other-relative
7373,Own-child
7373,Wife
28833,Husband
28833,Not-in-family
28833,Other-relative
28833,Own-child
28833,Unmarried
28833,Wife
20193,Husband
20193,Other-relative
20193,Own-child
20193,Wife
9253,Not-in-family
9253,Unmarried
34692,Not-in-family
34692,Unmarried
29017,Husband
29017,Not-in-family
29017,Other-relative
29017,Own-child
29017,Unmarried
29017,Wife
32929,Husband
32929,Not-in-family
32929,Other-relative
32929,Own-child
32929,Unmarried
32929,Wife
31415,Husband
31415,Other-relative
31415,Own-child
31415,Wife
20587,Husband
20587,Not-in-family
20587,Other-relative
20587,Own-child
20587,Unmarried
20587,Wife
22278,Not-in-family
22278,Unmarried
92,Not-in-family
92,Unmarried
36434,Husband
36434,Not-in-family
36434,Other-relative
36434,Own-child
36434,Unmarried
36434,Wife
48029,Husband
48029,Not-in-family
48029,Other-relative
48029,Own-child
48029,Unmarried
48029,Wife
25906,Husband
25906,Other-relative
25906,Own-child
25906,Wife
3460,Husband
3460,Not-in-family
3460,Other-relative
3460,Own-child
3460,Unmarried
3460,Wife
42249,Husband
42249,Other-relative
42249,Own-child
42249,Wife
45999,Husband
45999,Not-in-family
45999,Other-relative
45999,Own-child
45999,Unmarried
45999,Wife
45503,Husband
45503,Not-in-family
45503,Other-relative
45503,Own-child
45503,Unmarried
45503,Wife
27640,Husband
27640,Not-in-family
27640,Other-relative
27640,Own-child
27640,Unmarried
27640,Wife
2820,Husband
2820,Not-in-family
2820,Other-relative
2820,Own-child
2820,Unmarried
2820,Wife
26313,Husband
26313,Not-in-family
26313,Other-relative
26313,Own-child
26313,Unmarried
26313,Wife
39023,Husband
39023,Other-relative
39023,Own-child
39023,Wife
41243,Husband
41243,Not-in-family
41243,Other-relative
41243,Own-child
41243,Unmarried
41243,Wife
1044,Husband
1044,Not-in-family
1044,Other-relative
1044,Own-child
1044,Unmarried
1044,Wife
6110,Not-in-family
6110,Unmarried
1014,Husband
1014,Other-relative
1014,Own-child
1014,Wife
25571,Husband
25571,Not-in-family
25571,Other-relative
25571,Own-child
25571,Unmarried
25571,Wife
40455,Not-in-family
40455,Unmarried
39554,Husband
39554,Other-relative
39554,Own-child
39554,Wife
2709,Husband
2709,Other-relative
2709,Own-child
2709,Wife
10780,Not-in-family
10780,Unmarried
30480,Husband
30480,Not-in-family
30480,Other-relative
30480,Own-child
30480,Unmarried
30480,Wife
16669,Husband
16669,Other-relative
16669,Own-child
16669,Wife
19578,Husband
19578,Not-in-family
19578,Other-relative
19578,Own-child
19578,Unmarried
19578,Wife
22846,Husband
22846,Other-relative
22846,Own-child
22846,Wife
43258,Not-in-family
43258,Unmarried
35401,Husband
35401,Other-relative
35401,Own-child
35401,Wife
12262,Husband
12262,Other-relative
12262,Own-child
12262,Wife
1926,Husband
1926,Not-in-family
1926,Other-relative
1926,Own-child
1926,Unmarried
1926,Wife
25302,Husband
25302,Other-relative
25302,Own-child
25302,Wife
31398,Husband
31398,Other-relative
31398,Own-child
31398,Wife
30071,Husband
30071,Not-in-family
30071,Other-relative
30071,Own-child
30071,Unmarried
30071,Wife
7087,Not-in-family
7087,Unmarried
42635,Husband
42635,Other-relative
42635,Own-child
42635,Wife
5836,Husband
5836,Other-relative
5836,Own-child
5836,Wife
291,Husband
291,Not-in-family
291,Other-relative
291,Own-child
291,Unmarried
291,Wife
26847,Not-in-family
26847,Unmarried
41325,Husband
41325,Other-relative
41325,Own-child
41325,Wife
40083,Husband
40083,Not-in-family
40083,Other-relative
40083,Own-child
40083,Unmarried
40083,Wife
20966,Not-in-family
20966,Unmarried
17286,Husband
17286,Other-relative
17286,Own-child
17286,Wife
15789,Husband
15789,Not-in-family
15789,Other-relative
15789,Own-child
15789,Unmarried
15789,Wife
17266,Not-in-family
17266,Unmarried
7418,Husband
7418,Not-in-family
7418,Other-relative
7418,Own-child
7418,Unmarried
7418,Wife
4998,Not-in-family
4998,Unmarried
29622,Husband
29622,Not-in-family
29622,Other-relative
29622,Own-child
29622,Unmarried
29622,Wife
407,Husband
407,Not-in-family
407,Other-relative
407,Own-child
407,Unmarried
407,Wife
10520,Not-in-family
10520,Unmarried
25278,Husband
25278,Not-in-family
25278,Other-relative
25278,Own-child
25278,Unmarried
25278,Wife
13415,Husband
13415,Other-relative
13415,Own-child
13415,Wife
738,Husband
738,Not-in-family
738,Other-relative
738,Own-child
738,Unmarried
738,Wife
20822,Not-in-family
20822,Unmarried
14174,Husband
14174,Other-relative
14174,Own-child
14174,Wife
28117,Not-in-family
28117,Unmarried
9587,Husband
9587,Not-in-family
9587,Other-relative
9587,Own-child
9587,Unmarried
9587,Wife
38407,Husband
38407,Not-in-family
38407,Other-relative
38407,Own-child
38407,Unmarried
38407,Wife
29642,Not-in-family
29642,Unmarried
155,Husband
155,Not-in-family
155,Other-relative
155,Own-child
155,Unmarried
155,Wife
38362,Husband
38362,Not-in-family
38362,Other-relative
38362,Own-child
38362,Unmarried
38362,Wife
33975,Husband
33975,Other-relative
33975,Own-child
33975,Wife
17867,Husband
17867,Other-relative
17867,Own-child
17867,Wife
19925,Husband
19925,Other-relative
19925,Own-child
19925,Wife
24031,Husband
24031,Other-relative
24031,Own-child
24031,Wife
1502,Husband
1502,Not-in-family
1502,Other-relative
1502,Own-child
1502,Unmarried
1502,Wife
35083,Husband
35083,Other-relative
35083,Own-child
35083,Wife
45949,Not-in-family
45949,Unmarried
32564,Husband
32564,Other-relative
32564,Own-child
32564,Wife
29230,Husband
29230,Other-relative
29230,Own-child
29230,Wife
20361,Husband
20361,Other-relative
20361,Own-child
20361,Wife
44335,Husband
44335,Other-relative
44335,Own-child
44335,Wife
37194,Husband
37194,Not-in-family
37194,Other-relative
37194,Own-child
37194,Unmarried
37194,Wife
5192,Husband
5192,Other-relative
5192,Own-child
5192,Wife
4863,Husband
4863,Not-in-family
4863,Other-relative
4863,Own-child
4863,Unmarried
4863,Wife
12848,Husband
12848,Not-in-family
12848,Other-relative
12848,Own-child
12848,Unmarried
12848,Wife
14399,Husband
14399,Not-in-family
14399,Other-relative
14399,Own-child
14399,Unmarried
14399,Wife
28531,Husband
28531,Not-in-family
28531,Other-relative
28531,Own-child
28531,Unmarried
28531,Wife
18348,Husband
18348,Not-in-family
18348,Other-relative
18348,Own-child
18348,Unmarried
18348,Wife
6251,Husband
6251,Other-relative
6251,Own-child
6251,Wife
4165,Husband
4165,Other-relative
4165,Own-child
4165,Wife
15699,Not-in-family
15699,Unmarried
43506,Husband
43506,Not-in-family
43506,Other-relative
43506,Own-child
43506,Unmarried
43506,Wife
6815,Husband
6815,Not-in-family
6815,Other-relative
6815,Own-child
6815,Unmarried
6815,Wife
1009,Husband
1009,Not-in-family
1009,Other-relative
1009,Own-child
1009,Unmarried
1009,Wife
31256,Husband
31256,Other-relative
31256,Own-child
31256,Wife
36877,Husband
36877,Not-in-family
36877,Other-relative
36877,Own-child
36877,Unmarried
36877,Wife
46534,Husband
46534,Not-in-family
46534,Other-relative
46534,Own-child
46534,Unmarried
46534,Wife
10672,Husband
10672,Other-relative
10672,Own-child
10672,Wife
19307,Husband
19307,Not-in-family
19307,Other-relative
19307,Own-child
19307,Unmarried
19307,Wife
44325,Husband
44325,Other-relative
44325,Own-child
44325,Wife
27034,Husband
27034,Not-in-family
27034,Other-relative
27034,Own-child
27034,Unmarried
27034,Wife
16694,Husband
16694,Other-relative
16694,Own-child
16694,Wife
15868,Not-in-family
15868,Unmarried
19392,Not-in-family
19392,Unmarried
35367,Husband
35367,Not-in-family
35367,Other-relative
35367,Own-child
35367,Unmarried
35367,Wife
20912,Husband
20912,Not-in-family
20912,Other-relative
20912,Own-child
20912,Unmarried
20912,Wife
15673,Husband
15673,Not-in-family
15673,Other-relative
15673,Own-child
15673,Unmarried
15673,Wife
18182,Not-in-family
18182,Unmarried
48282,Husband
48282,Not-in-family
48282,Other-relative
48282,Own-child
48282,Unmarried
48282,Wife
12744,Husband
12744,Not-in-family
12744,Other-relative
12744,Own-child
12744,Unmarried
12744,Wife
29505,Husband
29505,Not-in-family
29505,Other-relative
29505,Own-child
29505,Unmarried
29505,Wife
28048,Husband
28048,Not-in-family
28048,Other-relative
28048,Own-child
28048,Unmarried
28048,Wife
44749,Husband
44749,Other-relative
44749,Own-child
44749,Wife
22716,Husband
22716,Not-in-family
22716,Other-relative
22716,Own-child
22716,Unmarried
22716,Wife
26614,Husband
26614,Not-in-family
26614,Other-relative
26614,Own-child
26614,Unmarried
26614,Wife
36433,Husband
36433,Not-in-family
36433,Other-relative
36433,Own-child
36433,Unmarried
36433,Wife
46233,Husband
46233,Not-in-family
46233,Other-relative
46233,Own-child
46233,Unmarried
46233,Wife
39601,Not-in-family
39601,Unmarried
9853,Husband
9853,Other-relative
9853,Own-child
9853,Wife
27688,Husband
27688,Other-relative
27688,Own-child
27688,Wife
33611,Husband
33611,Not-in-family
33611,Other-relative
33611,Own-child
33611,Unmarried
33611,Wife
25059,Husband
25059,Other-relative
25059,Own-child
25059,Wife
35205,Husband
35205,Not-in-family
35205,Other-relative
35205,Own-child
35205,Unmarried
35205,Wife
38391,Husband
38391,Other-relative
38391,Own-child
38391,Wife
13688,Husband
13688,Not-in-family
13688,Other-relative
13688,Own-child
13688,Unmarried
13688,Wife
18458,Husband
18458,Not-in-family
18458,Other-relative
18458,Own-child
18458,Unmarried
18458,Wife
37880,Husband
37880,Not-in-family
37880,Other-relative
37880,Own-child
37880,Unmarried
37880,Wife
23340,Husband
23340,Not-in-family
23340,Other-relative
23340,Own-child
23340,Unmarried
23340,Wife
38619,Not-in-family
38619,Unmarried
20093,Husband
20093,Not-in-family
20093,Other-relative
20093,Own-child
20093,Unmarried
20093,Wife
6402,Not-in-family
6402,Unmarried
30942,Not-in-family
30942,Unmarried
13296,Husband
13296,Other-relative
13296,Own-child
13296,Wife
14838,Husband
14838,Other-relative
14838,Own-child
14838,Wife
8255,Husband
8255,Other-relative
8255,Own-child
8255,Wife
1422,Husband
1422,Other-relative
1422,Own-child
1422,Wife
33265,Husband
33265,Not-in-family
33265,Other-relative
33265,Own-child
33265,Unmarried
33265,Wife
17711,Husband
17711,Not-in-family
17711,Other-relative
17711,Own-child
17711,Unmarried
17711,Wife
4303,Husband
4303,Not-in-family
4303,Other-relative
4303,Own-child
4303,Unmarried
4303,Wife
13985,Husband
13985,Other-relative
13985,Own-child
13985,Wife
48015,Husband
48015,Not-in-family
48015,Other-relative
48015,Own-child
48015,Unmarried
48015,Wife
20997,Not-in-family
20997,Unmarried
33363,Husband
33363,Other-relative
33363,Own-child
33363,Wife
22727,Not-in-family
22727,Unmarried
32163,Husband
32163,Not-in-family
32163,Other-relative
32163,Own-child
32163,Unmarried
32163,Wife
23519,Husband
23519,Other-relative
23519,Own-child
23519,Wife
25502,Husband
25502,Not-in-family
25502,Other-relative
25502,Own-child
25502,Unmarried
25502,Wife
16315,Husband
16315,Not-in-family
16315,Other-relative
16315,Own-child
16315,Unmarried
16315,Wife
13002,Not-in-family
13002,Unmarried
37886,Husband
37886,Not-in-family
37886,Other-relative
37886,Own-child
37886,Unmarried
37886,Wife
6642,Husband
6642,Not-in-family
6642,Other-relative
6642,Own-child
6642,Unmarried
6642,Wife
25985,Husband
25985,Not-in-family
25985,Other-relative
25985,Own-child
25985,Unmarried
25985,Wife
8806,Husband
8806,Other-relative
8806,Own-child
8806,Wife
39552,Husband
39552,Not-in-family
39552,Other-relative
39552,Own-child
39552,Unmarried
39552,Wife
6615,Not-in-family
6615,Unmarried
28820,Husband
28820,Other-relative
28820,Own-child
28820,Wife
34412,Husband
34412,Not-in-family
34412,Other-relative
34412,Own-child
34412,Unmarried
34412,Wife
14202,Husband
14202,Not-in-family
14202,Other-relative
14202,Own-child
14202,Unmarried
14202,Wife
41848,Not-in-family
41848,Unmarried
41245,Husband
41245,Not-in-family
41245,Other-relative
41245,Own-child
41245,Unmarried
41245,Wife
544,Husband
544,Not-in-family
544,Other-relative
544,Own-child
544,Unmarried
544,Wife
30851,Husband
30851,Not-in-family
30851,Other-relative
30851,Own-child
30851,Unmarried
30851,Wife
28165,Husband
28165,Not-in-family
28165,Other-relative
28165,Own-child
28165,Unmarried
28165,Wife
8814,Husband
8814,Not-in-family
8814,Other-relative
8814,Own-child
8814,Unmarried
8814,Wife
18366,Husband
18366,Not-in-family
18366,Other-relative
18366,Own-child
18366,Unmarried
18366,Wife
23480,Husband
23480,Not-in-family
23480,Other-relative
23480,Own-child
23480,Unmarried
23480,Wife
23968,Husband
23968,Other-relative
23968,Own-child
23968,Wife
43843,Not-in-family
43843,Unmarried
3249,Husband
3249,Other-relative
3249,Own-child
3249,Wife
40616,Husband
40616,Other-relative
40616,Own-child
40616,Wife
35427,Husband
35427,Other-relative
35427,Own-child
35427,Wife
46359,Husband
46359,Not-in-family
46359,Other-relative
46359,Own-child
46359,Unmarried
46359,Wife
39817,Husband
39817,Not-in-family
39817,Other-relative
39817,Own-child
39817,Unmarried
39817,Wife
37764,Not-in-family
37764,Unmarried
7498,Husband
7498,Other-relative
7498,Own-child
7498,Wife
27717,Husband
27717,Not-in-family
27717,Other-relative
27717,Own-child
27717,Unmarried
27717,Wife
43368,Husband
43368,Not-in-family
43368,Other-relative
43368,Own-child
43368,Unmarried
43368,Wife
43427,Not-in-family
43427,Unmarried
37616,Husband
37616,Other-relative
37616,Own-child
37616,Wife
31565,Husband
31565,Not-in-family
31565,Other-relative
31565,Own-child
31565,Unmarried
31565,Wife
28094,Not-in-family
28094,Unmarried
7717,Husband
7717,Other-relative
7717,Own-child
7717,Wife
18890,Husband
18890,Not-in-family
18890,Other-relative
18890,Own-child
18890,Unmarried
18890,Wife
21635,Husband
21635,Not-in-family
21635,Other-relative
21635,Own-child
21635,Unmarried
21635,Wife
26106,Husband
26106,Other-relative
26106,Own-child
26106,Wife
29636,Husband
29636,Other-relative
29636,Own-child
29636,Wife
43143,Not-in-family
43143,Unmarried
37230,Husband
37230,Not-in-family
37230,Other-relative
37230,Own-child
37230,Unmarried
37230,Wife
42553,Husband
42553,Not-in-family
42553,Other-relative
42553,Own-child
42553,Unmarried
42553,Wife
33748,Husband
33748,Other-relative
33748,Own-child
33748,Wife
46088,Husband
46088,Other-relative
46088,Own-child
46088,Wife
22475,Husband
22475,Not-in-family
22475,Other-relative
22475,Own-child
22475,Unmarried
22475,Wife
10111,Husband
10111,Other-relative
10111,Own-child
10111,Wife
17866,Husband
17866,Other-relative
17866,Own-child
17866,Wife
5726,Husband
5726,Not-in-family
5726,Other-relative
5726,Own-child
5726,Unmarried
5726,Wife
294,Husband
294,Not-in-family
294,Other-relative
294,Own-child
294,Unmarried
294,Wife
48603,Husband
48603,Not-in-family
48603,Other-relative
48603,Own-child
48603,Unmarried
48603,Wife
7911,Husband
7911,Not-in-family
7911,Other-relative
7911,Own-child
7911,Unmarried
7911,Wife
30253,Husband
30253,Other-relative
30253,Own-child
30253,Wife
34338,Husband
34338,Other-relative
34338,Own-child
34338,Wife
27512,Husband
27512,Not-in-family
27512,Other-relative
27512,Own-child
27512,Unmarried
27512,Wife
14986,Husband
14986,Not-in-family
14986,Other-relative
14986,Own-child
14986,Unmarried
14986,Wife
17272,Husband
17272,Other-relative
17272,Own-child
17272,Wife
2255,Husband
2255,Not-in-family
2255,Other-relative
2255,Own-child
2255,Unmarried
2255,Wife
23852,Husband
23852,Not-in-family
23852,Other-relative
23852,Own-child
23852,Unmarried
23852,Wife
18826,Husband
18826,Not-in-family
18826,Other-relative
18826,Own-child
18826,Unmarried
18826,Wife
46228,Husband
46228,Not-in-family
46228,Other-relative
46228,Own-child
46228,Unmarried
46228,Wife
46997,Husband
46997,Not-in-family
46997,Other-relative
46997,Own-child
46997,Unmarried
46997,Wife
31745,Husband
31745,Not-in-family
31745,Other-relative
31745,Own-child
31745,Unmarried
31745,Wife
26185,Husband
26185,Other-relative
26185,Own-child
26185,Wife
34064,Not-in-family
34064,Unmarried
44414,Husband
44414,Other-relative
44414,Own-child
44414,Wife
16353,Not-in-family
16353,Unmarried
39832,Husband
39832,Other-relative
39832,Own-child
39832,Wife
32028,Husband
32028,Other-relative
32028,Own-child
32028,Wife
6001,Not-in-family
6001,Unmarried
27472,Not-in-family
27472,Unmarried
29284,Husband
29284,Not-in-family
29284,Other-relative
29284,Own-child
29284,Unmarried
29284,Wife
36926,Husband
36926,Not-in-family
36926,Other-relative
36926,Own-child
36926,Unmarried
36926,Wife
41720,Husband
41720,Not-in-family
41720,Other-relative
41720,Own-child
41720,Unmarried
41720,Wife
24538,Husband
24538,Not-in-family
24538,Other-relative
24538,Own-child
24538,Unmarried
24538,Wife
25731,Husband
25731,Not-in-family
25731,Other-relative
25731,Own-child
25731,Unmarried
25731,Wife
11207,Husband
11207,Other-relative
11207,Own-child
11207,Wife
41597,Not-in-family
41597,Unmarried
4550,Husband
4550,Other-relative
4550,Own-child
4550,Wife
10497,Husband
10497,Not-in-family
10497,Other-relative
10497,Own-child
10497,Unmarried
10497,Wife
30612,Husband
30612,Not-in-family
30612,Other-relative
30612,Own-child
30612,Unmarried
30612,Wife
47640,Husband
47640,Other-relative
47640,Own-child
47640,Wife
25150,Husband
25150,Not-in-family
25150,Other-relative
25150,Own-child
25150,Unmarried
25150,Wife
48352,Husband
48352,Not-in-family
48352,Other-relative
48352,Own-child
48352,Unmarried
48352,Wife
16162,Husband
16162,Other-relative
16162,Own-child
16162,Wife
22307,Not-in-family
22307,Unmarried
8340,Husband
8340,Not-in-family
8340,Other-relative
8340,Own-child
8340,Unmarried
8340,Wife
24119,Husband
24119,Not-in-family
24119,Other-relative
24119,Own-child
24119,Unmarried
24119,Wife
32571,Husband
32571,Other-relative
32571,Own-child
32571,Wife
46672,Husband
46672,Not-in-family
46672,Other-relative
46672,Own-child
46672,Unmarried
46672,Wife
35081,Husband
35081,Not-in-family
35081,Other-relative
35081,Own-child
35081,Unmarried
35081,Wife
43654,Husband
43654,Not-in-family
43654,Other-relative
43654,Own-child
43654,Unmarried
43654,Wife
44962,Husband
44962,Not-in-family
44962,Other-relative
44962,Own-child
44962,Unmarried
44962,Wife
13326,Husband
13326,Not-in-family
13326,Other-relative
13326,Own-child
13326,Unmarried
13326,Wife
27923,Husband
27923,Other-relative
27923,Own-child
27923,Wife
43225,Not-in-family
43225,Unmarried
21370,Husband
21370,Not-in-family
21370,Other-relative
21370,Own-child
21370,Unmarried
21370,Wife
38419,Husband
38419,Not-in-family
38419,Other-relative
38419,Own-child
38419,Unmarried
38419,Wife
17354,Husband
17354,Not-in-family
17354,Other-relative
17354,Own-child
17354,Unmarried
17354,Wife
14000,Husband
14000,Not-in-family
14000,Other-relative
14000,Own-child
14000,Unmarried
14000,Wife
44875,Husband
44875,Other-relative
44875,Own-child
44875,Wife
15605,Not-in-family
15605,Unmarried
45008,Husband
45008,Other-relative
45008,Own-child
45008,Wife
3578,Husband
3578,Not-in-family
3578,Other-relative
3578,Own-child
3578,Unmarried
3578,Wife
23602,Not-in-family
23602,Unmarried
1222,Husband
1222,Other-relative
1222,Own-child
1222,Wife
7126,Husband
7126,Not-in-family
7126,Other-relative
7126,Own-child
7126,Unmarried
7126,Wife
24075,Husband
24075,Not-in-family
24075,Other-relative
24075,Own-child
24075,Unmarried
24075,Wife
12303,Husband
12303,Not-in-family
12303,Other-relative
12303,Own-child
12303,Unmarried
12303,Wife
3299,Not-in-family
3299,Unmarried
31444,Husband
31444,Other-relative
31444,Own-child
31444,Wife
17684,Husband
17684,Not-in-family
17684,Other-relative
17684,Own-child
17684,Unmarried
17684,Wife
7898,Husband
7898,Other-relative
7898,Own-child
7898,Wife
39885,Husband
39885,Other-relative
39885,Own-child
39885,Wife
48576,Not-in-family
48576,Unmarried
31321,Husband
31321,Not-in-family
31321,Other-relative
31321,Own-child
31321,Unmarried
31321,Wife
40781,Husband
40781,Other-relative
40781,Own-child
40781,Wife
40322,Husband
40322,Not-in-family
40322,Other-relative
40322,Own-child
40322,Unmarried
40322,Wife
38955,Not-in-family
38955,Unmarried
20708,Not-in-family
20708,Unmarried
20867,Husband
20867,Not-in-family
20867,Other-relative
20867,Own-child
20867,Unmarried
20867,Wife
47800,Not-in-family
47800,Unmarried
21578,Husband
21578,Not-in-family
21578,Other-relative
21578,Own-child
21578,Unmarried
21578,Wife
46043,Husband
46043,Other-relative
46043,Own-child
46043,Wife
44659,Husband
44659,Not-in-family
44659,Other-relative
44659,Own-child
44659,Unmarried
44659,Wife
26508,Husband
26508,Not-in-family
26508,Other-relative
26508,Own-child
26508,Unmarried
26508,Wife
13437,Not-in-family
13437,Unmarried
33931,Husband
33931,Not-in-family
33931,Other-relative
33931,Own-child
33931,Unmarried
33931,Wife
10675,Husband
10675,Not-in-family
10675,Other-relative
10675,Own-child
10675,Unmarried
10675,Wife
34241,Husband
34241,Other-relative
34241,Own-child
34241,Wife
12912,Husband
12912,Other-relative
12912,Own-child
12912,Wife
27900,Not-in-family
27900,Unmarried
1055,Husband
1055,Other-relative
1055,Own-child
1055,Wife
13673,Husband
13673,Other-relative
13673,Own-child
13673,Wife
6666,Husband
6666,Other-relative
6666,Own-child
6666,Wife
6094,Not-in-family
6094,Unmarried
30318,Husband
30318,Other-relative
30318,Own-child
30318,Wife
37624,Not-in-family
37624,Unmarried
11447,Not-in-family
11447,Unmarried
6421,Husband
6421,Not-in-family
6421,Other-relative
6421,Own-child
6421,Unmarried
6421,Wife
5703,Husband
5703,Other-relative
5703,Own-child
5703,Wife
22115,Husband
22115,Not-in-family
22115,Other-relative
22115,Own-child
22115,Unmarried
22115,Wife
38416,Husband
38416,Other-relative
38416,Own-child
38416,Wife
27857,Husband
27857,Not-in-family
27857,Other-relative
27857,Own-child
27857,Unmarried
27857,Wife
28349,Husband
28349,Not-in-family
28349,Other-relative
28349,Own-child
28349,Unmarried
28349,Wife
21665,Not-in-family
21665,Unmarried
24790,Husband
24790,Other-relative
24790,Own-child
24790,Wife
11786,Husband
11786,Other-relative
11786,Own-child
11786,Wife
1400,Not-in-family
1400,Unmarried
40748,Husband
40748,Not-in-family
40748,Other-relative
40748,Own-child
40748,Unmarried
40748,Wife
7014,Not-in-family
7014,Unmarried
41087,Husband
41087,Other-relative
41087,Own-child
41087,Wife
42018,Husband
42018,Other-relative
42018,Own-child
42018,Wife
23165,Not-in-family
23165,Unmarried
12998,Husband
12998,Other-relative
12998,Own-child
12998,Wife
12910,Not-in-family
12910,Unmarried
30423,Not-in-family
30423,Unmarried
8759,Husband
8759,Not-in-family
8759,Other-relative
8759,Own-child
8759,Unmarried
8759,Wife
40218,Husband
40218,Not-in-family
40218,Other-relative
40218,Own-child
40218,Unmarried
40218,Wife
46822,Not-in-family
46822,Unmarried
37389,Husband
37389,Not-in-family
37389,Other-relative
37389,Own-child
37389,Unmarried
37389,Wife
30124,Husband
30124,Not-in-family
30124,Other-relative
30124,Own-child
30124,Unmarried
30124,Wife
37836,Not-in-family
37836,Unmarried
39200,Husband
39200,Not-in-family
39200,Other-relative
39200,Own-child
39200,Unmarried
39200,Wife
31976,Husband
31976,Not-in-family
31976,Other-relative
31976,Own-child
31976,Unmarried
31976,Wife
16795,Husband
16795,Other-relative
16795,Own-child
16795,Wife
13313,Husband
13313,Not-in-family
13313,Other-relative
13313,Own-child
13313,Unmarried
13313,Wife
43484,Husband
43484,Not-in-family
43484,Other-relative
43484,Own-child
43484,Unmarried
43484,Wife
45956,Not-in-family
45956,Unmarried
4691,Husband
4691,Not-in-family
4691,Other-relative
4691,Own-child
4691,Unmarried
4691,Wife
21056,Husband
21056,Other-relative
21056,Own-child
21056,Wife
42917,Husband
42917,Not-in-family
42917,Other-relative
42917,Own-child
42917,Unmarried
42917,Wife
36906,Not-in-family
36906,Unmarried
6964,Husband
6964,Not-in-family
6964,Other-relative
6964,Own-child
6964,Unmarried
6964,Wife
26195,Husband
26195,Not-in-family
26195,Other-relative
26195,Own-child
26195,Unmarried
26195,Wife
17782,Not-in-family
17782,Unmarried
12863,Husband
12863,Other-relative
12863,Own-child
12863,Wife
23648,Not-in-family
23648,Unmarried
47523,Husband
47523,Other-relative
47523,Own-child
47523,Wife
48780,Husband
48780,Not-in-family
48780,Other-relative
48780,Own-child
48780,Unmarried
48780,Wife
39510,Husband
39510,Other-relative
39510,Own-child
39510,Wife
1810,Husband
1810,Not-in-family
1810,Other-relative
1810,Own-child
1810,Unmarried
1810,Wife
33046,Not-in-family
33046,Unmarried
4961,Husband
4961,Other-relative
4961,Own-child
4961,Wife
45692,Not-in-family
45692,Unmarried
4363,Husband
4363,Other-relative
4363,Own-child
4363,Wife
38960,Not-in-family
38960,Unmarried
45204,Husband
45204,Not-in-family
45204,Other-relative
45204,Own-child
45204,Unmarried
45204,Wife
26229,Husband
26229,Other-relative
26229,Own-child
26229,Wife
5354,Not-in-family
5354,Unmarried
5738,Husband
5738,Not-in-family
5738,Other-relative
5738,Own-child
5738,Unmarried
5738,Wife
44829,Husband
44829,Other-relative
44829,Own-child
44829,Wife
2841,Husband
2841,Not-in-family
2841,Other-relative
2841,Own-child
2841,Unmarried
2841,Wife
26194,Not-in-family
26194,Unmarried
2948,Husband
2948,Other-relative
2948,Own-child
2948,Wife
40344,Husband
40344,Not-in-family
40344,Other-relative
40344,Own-child
40344,Unmarried
40344,Wife
38949,Husband
38949,Not-in-family
38949,Other-relative
38949,Own-child
38949,Unmarried
38949,Wife
29771,Husband
29771,Other-relative
29771,Own-child
29771,Wife
25394,Not-in-family
25394,Unmarried
26535,Husband
26535,Other-relative
26535,Own-child
26535,Wife
42605,Husband
42605,Not-in-family
42605,Other-relative
42605,Own-child
42605,Unmarried
42605,Wife
28459,Husband
28459,Not-in-family
28459,Other-relative
28459,Own-child
28459,Unmarried
28459,Wife
41252,Husband
41252,Other-relative
41252,Own-child
41252,Wife
5778,Husband
5778,Not-in-family
5778,Other-relative
5778,Own-child
5778,Unmarried
5778,Wife
22669,Husband
22669,Other-relative
22669,Own-child
22669,Wife
33045,Not-in-family
33045,Unmarried
27668,Husband
27668,Other-relative
27668,Own-child
27668,Wife
15691,Husband
15691,Not-in-family
15691,Other-relative
15691,Own-child
15691,Unmarried
15691,Wife
2727,Husband
2727,Not-in-family
2727,Other-relative
2727,Own-child
2727,Unmarried
2727,Wife
46913,Husband
46913,Not-in-family
46913,Other-relative
46913,Own-child
46913,Unmarried
46913,Wife
10568,Not-in-family
10568,Unmarried
11916,Husband
11916,Not-in-family
11916,Other-relative
11916,Own-child
11916,Unmarried
11916,Wife
39130,Not-in-family
39130,Unmarried
18973,Husband
18973,Not-in-family
18973,Other-relative
18973,Own-child
18973,Unmarried
18973,Wife
32383,Not-in-family
32383,Unmarried
6181,Husband
6181,Other-relative
6181,Own-child
6181,Wife
18648,Husband
18648,Other-relative
18648,Own-child
18648,Wife
6056,Husband
6056,Not-in-family
6056,Other-relative
6056,Own-child
6056,Unmarried
6056,Wife
34576,Husband
34576,Not-in-family
34576,Other-relative
34576,Own-child
34576,Unmarried
34576,Wife
26146,Not-in-family
26146,Unmarried
23088,Not-in-family
23088,Unmarried
43796,Husband
43796,Other-relative
43796,Own-child
43796,Wife
602,Not-in-family
602,Unmarried
6637,Not-in-family
6637,Unmarried
22747,Husband
22747,Not-in-family
22747,Other-relative
22747,Own-child
22747,Unmarried
22747,Wife
46966,Husband
46966,Other-relative
46966,Own-child
46966,Wife
41517,Husband
41517,Other-relative
41517,Own-child
41517,Wife
6061,Husband
6061,Other-relative
6061,Own-child
6061,Wife
10462,Not-in-family
10462,Unmarried
567,Not-in-family
567,Unmarried
7950,Husband
7950,Not-in-family
7950,Other-relative
7950,Own-child
7950,Unmarried
7950,Wife
2095,Husband
2095,Not-in-family
2095,Other-relative
2095,Own-child
2095,Unmarried
2095,Wife
5438,Husband
5438,Other-relative
5438,Own-child
5438,Wife
31412,Not-in-family
31412,Unmarried
41328,Husband
41328,Other-relative
41328,Own-child
41328,Wife
4082,Husband
4082,Other-relative
4082,Own-child
4082,Wife
16144,Husband
16144,Not-in-family
16144,Other-relative
16144,Own-child
16144,Unmarried
16144,Wife
11604,Husband
11604,Other-relative
11604,Own-child
11604,Wife
24338,Husband
24338,Not-in-family
24338,Other-relative
24338,Own-child
24338,Unmarried
24338,Wife
22312,Husband
22312,Other-relative
22312,Own-child
22312,Wife
48205,Not-in-family
48205,Unmarried
14861,Husband
14861,Not-in-family
14861,Other-relative
14861,Own-child
14861,Unmarried
14861,Wife
5250,Husband
5250,Not-in-family
5250,Other-relative
5250,Own-child
5250,Unmarried
5250,Wife
34835,Husband
34835,Other-relative
34835,Own-child
34835,Wife
3561,Husband
3561,Other-relative
3561,Own-child
3561,Wife
25639,Husband
25639,Not-in-family
25639,Other-relative
25639,Own-child
25639,Unmarried
25639,Wife
10611,Husband
10611,Other-relative
10611,Own-child
10611,Wife
48694,Husband
48694,Not-in-family
48694,Other-relative
48694,Own-child
48694,Unmarried
48694,Wife
45487,Husband
45487,Not-in-family
45487,Other-relative
45487,Own-child
45487,Unmarried
45487,Wife
29579,Husband
29579,Not-in-family
29579,Other-relative
29579,Own-child
29579,Unmarried
29579,Wife
40054,Husband
40054,Not-in-family
40054,Other-relative
40054,Own-child
40054,Unmarried
40054,Wife
3201,Husband
3201,Not-in-family
3201,Other-relative
3201,Own-child
3201,Unmarried
3201,Wife
8601,Husband
8601,Other-relative
8601,Own-child
8601,Wife
12907,Husband
12907,Other-relative
12907,Own-child
12907,Wife
19678,Husband
19678,Not-in-family
19678,Other-relative
19678,Own-child
19678,Unmarried
19678,Wife
37271,Not-in-family
37271,Unmarried
6697,Husband
6697,Not-in-family
6697,Other-relative
6697,Own-child
6697,Unmarried
6697,Wife
15079,Husband
15079,Other-relative
15079,Own-child
15079,Wife
20784,Not-in-family
20784,Unmarried
29557,Husband
29557,Not-in-family
29557,Other-relative
29557,Own-child
29557,Unmarried
29557,Wife
17110,Husband
17110,Other-relative
17110,Own-child
17110,Wife
6030,Husband
6030,Other-relative
6030,Own-child
6030,Wife
23285,Husband
23285,Not-in-family
23285,Other-relative
23285,Own-child
23285,Unmarried
23285,Wife
33762,Not-in-family
33762,Unmarried
35688,Husband
35688,Not-in-family
35688,Other-relative
35688,Own-child
35688,Unmarried
35688,Wife
29183,Husband
29183,Other-relative
29183,Own-child
29183,Wife
12357,Husband
12357,Other-relative
12357,Own-child
12357,Wife
33117,Husband
33117,Not-in-family
33117,Other-relative
33117,Own-child
33117,Unmarried
33117,Wife
2749,Husband
2749,Other-relative
2749,Own-child
2749,Wife
48724,Husband
48724,Other-relative
48724,Own-child
48724,Wife
16833,Husband
16833,Not-in-family
16833,Other-relative
16833,Own-child
16833,Unmarried
16833,Wife
37278,Husband
37278,Not-in-family
37278,Other-relative
37278,Own-child
37278,Unmarried
37278,Wife
10711,Not-in-family
10711,Unmarried
39000,Husband
39000,Other-relative
39000,Own-child
39000,Wife
18883,Husband
18883,Not-in-family
18883,Other-relative
18883,Own-child
18883,Unmarried
18883,Wife
6566,Husband
6566,Not-in-family
6566,Other-relative
6566,Own-child
6566,Unmarried
6566,Wife
5249,Husband
5249,Other-relative
5249,Own-child
5249,Wife
40957,Husband
40957,Not-in-family
40957,Other-relative
40957,Own-child
40957,Unmarried
40957,Wife
18875,Husband
18875,Other-relative
18875,Own-child
18875,Wife
2882,Husband
2882,Not-in-family
2882,Other-relative
2882,Own-child
2882,Unmarried
2882,Wife
30813,Not-in-family
30813,Unmarried
15118,Husband
15118,Not-in-family
15118,Other-relative
15118,Own-child
15118,Unmarried
15118,Wife
17810,Husband
17810,Not-in-family
17810,Other-relative
17810,Own-child
17810,Unmarried
17810,Wife
8742,Husband
8742,Not-in-family
8742,Other-relative
8742,Own-child
8742,Unmarried
8742,Wife
47182,Husband
47182,Not-in-family
47182,Other-relative
47182,Own-child
47182,Unmarried
47182,Wife
2819,Not-in-family
2819,Unmarried
12588,Husband
12588,Not-in-family
12588,Other-relative
12588,Own-child
12588,Unmarried
12588,Wife
38140,Not-in-family
38140,Unmarried
4016,Husband
4016,Not-in-family
4016,Other-relative
4016,Own-child
4016,Unmarried
4016,Wife
17925,Husband
17925,Not-in-family
17925,Other-relative
17925,Own-child
17925,Unmarried
17925,Wife
3359,Not-in-family
3359,Unmarried
5021,Husband
5021,Other-relative
5021,Own-child
5021,Wife
8811,Husband
8811,Not-in-family
8811,Other-relative
8811,Own-child
8811,Unmarried
8811,Wife
6124,Husband
6124,Other-relative
6124,Own-child
6124,Wife
559,Husband
559,Not-in-family
559,Other-relative
559,Own-child
559,Unmarried
559,Wife
14659,Not-in-family
14659,Unmarried
37548,Husband
37548,Not-in-family
37548,Other-relative
37548,Own-child
37548,Unmarried
37548,Wife
6641,Husband
6641,Other-relative
6641,Own-child
6641,Wife
21738,Husband
21738,Other-relative
21738,Own-child
21738,Wife
41776,Not-in-family
41776,Unmarried
1731,Not-in-family
1731,Unmarried
39199,Husband
39199,Other-relative
39199,Own-child
39199,Wife
37879,Husband
37879,Not-in-family
37879,Other-relative
37879,Own-child
37879,Unmarried
37879,Wife
11266,Husband
11266,Other-relative
11266,Own-child
11266,Wife
31000,Husband
31000,Not-in-family
31000,Other-relative
31000,Own-child
31000,Unmarried
31000,Wife
48559,Husband
48559,Not-in-family
48559,Other-relative
48559,Own-child
48559,Unmarried
48559,Wife
20090,Husband
20090,Other-relative
20090,Own-child
20090,Wife
25222,Husband
25222,Other-relative
25222,Own-child
25222,Wife
33865,Husband
33865,Not-in-family
33865,Other-relative
33865,Own-child
33865,Unmarried
33865,Wife
2459,Husband
2459,Not-in-family
2459,Other-relative
2459,Own-child
2459,Unmarried
2459,Wife
48650,Husband
48650,Not-in-family
48650,Other-relative
48650,Own-child
48650,Unmarried
48650,Wife
10785,Husband
10785,Not-in-family
10785,Other-relative
10785,Own-child
10785,Unmarried
10785,Wife
31353,Husband
31353,Other-relative
31353,Own-child
31353,Wife
803,Husband
803,Not-in-family
803,Other-relative
803,Own-child
803,Unmarried
803,Wife
17946,Husband
17946,Other-relative
17946,Own-child
17946,Wife
47410,Husband
47410,Not-in-family
47410,Other-relative
47410,Own-child
47410,Unmarried
47410,Wife
1932,Husband
1932,Other-relative
1932,Own-child
1932,Wife
14167,Husband
14167,Not-in-family
14167,Other-relative
14167,Own-child
14167,Unmarried
14167,Wife
30801,Husband
30801,Not-in-family
30801,Other-relative
30801,Own-child
30801,Unmarried
30801,Wife
27804,Husband
27804,Not-in-family
27804,Other-relative
27804,Own-child
27804,Unmarried
27804,Wife
194,Husband
194,Other-relative
194,Own-child
194,Wife
45932,Husband
45932,Not-in-family
45932,Other-relative
45932,Own-child
45932,Unmarried
45932,Wife
41186,Husband
41186,Not-in-family
41186,Other-relative
41186,Own-child
41186,Unmarried
41186,Wife
15530,Husband
15530,Not-in-family
15530,Other-relative
15530,Own-child
15530,Unmarried
15530,Wife
9202,Husband
9202,Not-in-family
9202,Other-relative
9202,Own-child
9202,Unmarried
9202,Wife
33148,Husband
33148,Not-in-family
33148,Other-relative
33148,Own-child
33148,Unmarried
33148,Wife
46960,Husband
46960,Not-in-family
46960,Other-relative
46960,Own-child
46960,Unmarried
46960,Wife
41676,Husband
41676,Not-in-family
41676,Other-relative
41676,Own-child
41676,Unmarried
41676,Wife
4496,Husband
4496,Not-in-family
4496,Other-relative
4496,Own-child
4496,Unmarried
4496,Wife
47302,Husband
47302,Other-relative
47302,Own-child
47302,Wife
29816,Husband
29816,Not-in-family
29816,Other-relative
29816,Own-child
29816,Unmarried
29816,Wife
41795,Husband
41795,Not-in-family
41795,Other-relative
41795,Own-child
41795,Unmarried
41795,Wife
15611,Husband
15611,Not-in-family
15611,Other-relative
15611,Own-child
15611,Unmarried
15611,Wife
39101,Husband
39101,Not-in-family
39101,Other-relative
39101,Own-child
39101,Unmarried
39101,Wife
42476,Husband
42476,Not-in-family
42476,Other-relative
42476,Own-child
42476,Unmarried
42476,Wife
22370,Husband
22370,Not-in-family
22370,Other-relative
22370,Own-child
22370,Unmarried
22370,Wife
2942,Husband
2942,Not-in-family
2942,Other-relative
2942,Own-child
2942,Unmarried
2942,Wife
48227,Husband
48227,Not-in-family
48227,Other-relative
48227,Own-child
48227,Unmarried
48227,Wife
13651,Husband
13651,Other-relative
13651,Own-child
13651,Wife
16649,Husband
16649,Other-relative
16649,Own-child
16649,Wife
33157,Husband
33157,Not-in-family
33157,Other-relative
33157,Own-child
33157,Unmarried
33157,Wife
40634,Not-in-family
40634,Unmarried
38263,Husband
38263,Other-relative
38263,Own-child
38263,Wife
26864,Husband
26864,Other-relative
26864,Own-child
26864,Wife
6743,Husband
6743,Other-relative
6743,Own-child
6743,Wife
6765,Husband
6765,Not-in-family
6765,Other-relative
6765,Own-child
6765,Unmarried
6765,Wife
47854,Husband
47854,Other-relative
47854,Own-child
47854,Wife
4947,Husband
4947,Other-relative
4947,Own-child
4947,Wife
5263,Husband
5263,Not-in-family
5263,Other-relative
5263,Own-child
5263,Unmarried
5263,Wife
28653,Husband
28653,Not-in-family
28653,Other-relative
28653,Own-child
28653,Unmarried
28653,Wife
41257,Husband
41257,Other-relative
41257,Own-child
41257,Wife
42835,Husband
42835,Not-in-family
42835,Other-relative
42835,Own-child
42835,Unmarried
42835,Wife
5956,Husband
5956,Not-in-family
5956,Other-relative
5956,Own-child
5956,Unmarried
5956,Wife
43209,Husband
43209,Not-in-family
43209,Other-relative
43209,Own-child
43209,Unmarried
43209,Wife
5016,Not-in-family
5016,Unmarried
25026,Husband
25026,Not-in-family
25026,Other-relative
25026,Own-child
25026,Unmarried
25026,Wife
38339,Husband
38339,Other-relative
38339,Own-child
38339,Wife
30857,Husband
30857,Other-relative
30857,Own-child
30857,Wife
11025,Husband
11025,Not-in-family
11025,Other-relative
11025,Own-child
11025,Unmarried
11025,Wife
43822,Not-in-family
43822,Unmarried
12087,Husband
12087,Other-relative
12087,Own-child
12087,Wife
9094,Not-in-family
9094,Unmarried
14351,Husband
14351,Not-in-family
14351,Other-relative
14351,Own-child
14351,Unmarried
14351,Wife
30963,Not-in-family
30963,Unmarried
30251,Not-in-family
30251,Unmarried
6952,Husband
6952,Not-in-family
6952,Other-relative
6952,Own-child
6952,Unmarried
6952,Wife
5771,Husband
5771,Not-in-family
5771,Other-relative
5771,Own-child
5771,Unmarried
5771,Wife
4701,Husband
4701,Not-in-family
4701,Other-relative
4701,Own-child
4701,Unmarried
4701,Wife
42463,Husband
42463,Not-in-family
42463,Other-relative
42463,Own-child
42463,Unmarried
42463,Wife
43342,Husband
43342,Not-in-family
43342,Other-relative
43342,Own-child
43342,Unmarried
43342,Wife
8091,Husband
8091,Not-in-family
8091,Other-relative
8091,Own-child
8091,Unmarried
8091,Wife
7076,Husband
7076,Not-in-family
7076,Other-relative
7076,Own-child
7076,Unmarried
7076,Wife
33482,Husband
33482,Not-in-family
33482,Other-relative
33482,Own-child
33482,Unmarried
33482,Wife
159,Husband
159,Other-relative
159,Own-child
159,Wife
28363,Husband
28363,Not-in-family
28363,Other-relative
28363,Own-child
28363,Unmarried
28363,Wife
36600,Husband
36600,Not-in-family
36600,Other-relative
36600,Own-child
36600,Unmarried
36600,Wife
41580,Husband
41580,Other-relative
41580,Own-child
41580,Wife
26497,Husband
26497,Other-relative
26497,Own-child
26497,Wife
44459,Husband
44459,Not-in-family
44459,Other-relative
44459,Own-child
44459,Unmarried
44459,Wife
48104,Husband
48104,Not-in-family
48104,Other-relative
48104,Own-child
48104,Unmarried
48104,Wife
35077,Husband
35077,Not-in-family
35077,Other-relative
35077,Own-child
35077,Unmarried
35077,Wife
5566,Husband
5566,Other-relative
5566,Own-child
5566,Wife
11760,Husband
11760,Other-relative
11760,Own-child
11760,Wife
22159,Husband
22159,Other-relative
22159,Own-child
22159,Wife
16462,Husband
16462,Other-relative
16462,Own-child
16462,Wife
9112,Not-in-family
9112,Unmarried
35864,Husband
35864,Not-in-family
35864,Other-relative
35864,Own-child
35864,Unmarried
35864,Wife
14288,Husband
14288,Other-relative
14288,Own-child
14288,Wife
41858,Husband
41858,Not-in-family
41858,Other-relative
41858,Own-child
41858,Unmarried
41858,Wife
23505,Husband
23505,Not-in-family
23505,Other-relative
23505,Own-child
23505,Unmarried
23505,Wife
11441,Husband
11441,Not-in-family
11441,Other-relative
11441,Own-child
11441,Unmarried
11441,Wife
22724,Husband
22724,Not-in-family
22724,Other-relative
22724,Own-child
22724,Unmarried
22724,Wife
28427,Husband
28427,Not-in-family
28427,Other-relative
28427,Own-child
28427,Unmarried
28427,Wife
46498,Husband
46498,Not-in-family
46498,Other-relative
46498,Own-child
46498,Unmarried
46498,Wife
44616,Husband
44616,Other-relative
44616,Own-child
44616,Wife
35955,Husband
35955,Other-relative
35955,Own-child
35955,Wife
29531,Husband
29531,Not-in-family
29531,Other-relative
29531,Own-child
29531,Unmarried
29531,Wife
35893,Husband
35893,Other-relative
35893,Own-child
35893,Wife
37888,Husband
37888,Not-in-family
37888,Other-relative
37888,Own-child
37888,Unmarried
37888,Wife
23365,Husband
23365,Not-in-family
23365,Other-relative
23365,Own-child
23365,Unmarried
23365,Wife
44986,Husband
44986,Not-in-family
44986,Other-relative
44986,Own-child
44986,Unmarried
44986,Wife
1789,Not-in-family
1789,Unmarried
40648,Husband
40648,Other-relative
40648,Own-child
40648,Wife
17365,Husband
17365,Not-in-family
17365,Other-relative
17365,Own-child
17365,Unmarried
17365,Wife
22363,Not-in-family
22363,Unmarried
10055,Husband
10055,Other-relative
10055,Own-child
10055,Wife
47460,Husband
47460,Other-relative
47460,Own-child
47460,Wife
42620,Not-in-family
42620,Unmarried
10004,Husband
10004,Not-in-family
10004,Other-relative
10004,Own-child
10004,Unmarried
10004,Wife
11426,Husband
11426,Other-relative
11426,Own-child
11426,Wife
33576,Husband
33576,Other-relative
33576,Own-child
33576,Wife
31367,Husband
31367,Other-relative
31367,Own-child
31367,Wife
5073,Husband
5073,Not-in-family
5073,Other-relative
5073,Own-child
5073,Unmarried
5073,Wife
28187,Husband
28187,Other-relative
28187,Own-child
28187,Wife
850,Husband
850,Not-in-family
850,Other-relative
850,Own-child
850,Unmarried
850,Wife
6701,Husband
6701,Not-in-family
6701,Other-relative
6701,Own-child
6701,Unmarried
6701,Wife
25699,Husband
25699,Other-relative
25699,Own-child
25699,Wife
47276,Husband
47276,Not-in-family
47276,Other-relative
47276,Own-child
47276,Unmarried
47276,Wife
2261,Husband
2261,Other-relative
2261,Own-child
2261,Wife
12140,Husband
12140,Other-relative
12140,Own-child
12140,Wife
9715,Husband
9715,Other-relative
9715,Own-child
9715,Wife
15005,Husband
15005,Not-in-family
15005,Other-relative
15005,Own-child
15005,Unmarried
15005,Wife
23504,Husband
23504,Other-relative
23504,Own-child
23504,Wife
34221,Husband
34221,Other-relative
34221,Own-child
34221,Wife
11370,Not-in-family
11370,Unmarried
48370,Husband
48370,Not-in-family
48370,Other-relative
48370,Own-child
48370,Unmarried
48370,Wife
35540,Husband
35540,Other-relative
35540,Own-child
35540,Wife
43763,Husband
43763,Not-in-family
43763,Other-relative
43763,Own-child
43763,Unmarried
43763,Wife
44979,Not-in-family
44979,Unmarried
20430,Husband
20430,Other-relative
20430,Own-child
20430,Wife
5667,Husband
5667,Not-in-family
5667,Other-relative
5667,Own-child
5667,Unmarried
5667,Wife
34151,Husband
34151,Other-relative
34151,Own-child
34151,Wife
21875,Husband
21875,Other-relative
21875,Own-child
21875,Wife
29889,Husband
29889,Not-in-family
29889,Other-relative
29889,Own-child
29889,Unmarried
29889,Wife
47536,Husband
47536,Not-in-family
47536,Other-relative
47536,Own-child
47536,Unmarried
47536,Wife
9633,Not-in-family
9633,Unmarried
41258,Husband
41258,Not-in-family
41258,Other-relative
41258,Own-child
41258,Unmarried
41258,Wife
21206,Husband
21206,Not-in-family
21206,Other-relative
21206,Own-child
21206,Unmarried
21206,Wife
15175,Husband
15175,Not-in-family
15175,Other-relative
15175,Own-child
15175,Unmarried
15175,Wife
46908,Not-in-family
46908,Unmarried
11345,Husband
11345,Not-in-family
11345,Other-relative
11345,Own-child
11345,Unmarried
11345,Wife
36676,Husband
36676,Not-in-family
36676,Other-relative
36676,Own-child
36676,Unmarried
36676,Wife
48129,Not-in-family
48129,Unmarried
6512,Husband
6512,Not-in-family
6512,Other-relative
6512,Own-child
6512,Unmarried
6512,Wife
22690,Husband
22690,Other-relative
22690,Own-child
22690,Wife
7868,Husband
7868,Not-in-family
7868,Other-relative
7868,Own-child
7868,Unmarried
7868,Wife
37195,Not-in-family
37195,Unmarried
30876,Not-in-family
30876,Unmarried
34259,Husband
34259,Other-relative
34259,Own-child
34259,Wife
7972,Husband
7972,Not-in-family
7972,Other-relative
7972,Own-child
7972,Unmarried
7972,Wife
48548,Not-in-family
48548,Unmarried
17833,Husband
17833,Not-in-family
17833,Other-relative
17833,Own-child
17833,Unmarried
17833,Wife
16235,Not-in-family
16235,Unmarried
6357,Not-in-family
6357,Unmarried
28805,Not-in-family
28805,Unmarried
36509,Husband
36509,Other-relative
36509,Own-child
36509,Wife
39894,Husband
39894,Other-relative
39894,Own-child
39894,Wife
7406,Husband
7406,Other-relative
7406,Own-child
7406,Wife
41541,Husband
41541,Other-relative
41541,Own-child
41541,Wife
32861,Husband
32861,Not-in-family
32861,Other-relative
32861,Own-child
32861,Unmarried
32861,Wife
6219,Husband
6219,Other-relative
6219,Own-child
6219,Wife
31623,Not-in-family
31623,Unmarried
21758,Husband
21758,Not-in-family
21758,Other-relative
21758,Own-child
21758,Unmarried
21758,Wife
31693,Husband
31693,Not-in-family
31693,Other-relative
31693,Own-child
31693,Unmarried
31693,Wife
21745,Husband
21745,Not-in-family
21745,Other-relative
21745,Own-child
21745,Unmarried
21745,Wife
13064,Husband
13064,Other-relative
13064,Own-child
13064,Wife
9630,Husband
9630,Not-in-family
9630,Other-relative
9630,Own-child
9630,Unmarried
9630,Wife
35304,Husband
35304,Not-in-family
35304,Other-relative
35304,Own-child
35304,Unmarried
35304,Wife
17047,Husband
17047,Other-relative
17047,Own-child
17047,Wife
41882,Husband
41882,Other-relative
41882,Own-child
41882,Wife
3841,Husband
3841,Not-in-family
3841,Other-relative
3841,Own-child
3841,Unmarried
3841,Wife
391,Not-in-family
391,Unmarried
38730,Husband
38730,Not-in-family
38730,Other-relative
38730,Own-child
38730,Unmarried
38730,Wife
7479,Husband
7479,Other-relative
7479,Own-child
7479,Wife
2008,Husband
2008,Not-in-family
2008,Other-relative
2008,Own-child
2008,Unmarried
2008,Wife
35270,Husband
35270,Other-relative
35270,Own-child
35270,Wife
42535,Husband
42535,Other-relative
42535,Own-child
42535,Wife
123,Husband
123,Other-relative
123,Own-child
123,Wife
41653,Not-in-family
41653,Unmarried
1118,Husband
1118,Other-relative
1118,Own-child
1118,Wife
16401,Husband
16401,Not-in-family
16401,Other-relative
16401,Own-child
16401,Unmarried
16401,Wife
29919,Husband
29919,Not-in-family
29919,Other-relative
29919,Own-child
29919,Unmarried
29919,Wife
865,Not-in-family
865,Unmarried
28066,Not-in-family
28066,Unmarried
35658,Husband
35658,Other-relative
35658,Own-child
35658,Wife
14966,Husband
14966,Not-in-family
14966,Other-relative
14966,Own-child
14966,Unmarried
14966,Wife
37676,Husband
37676,Other-relative
37676,Own-child
37676,Wife
3185,Husband
3185,Other-relative
3185,Own-child
3185,Wife
7938,Husband
7938,Not-in-family
7938,Other-relative
7938,Own-child
7938,Unmarried
7938,Wife
45181,Husband
45181,Not-in-family
45181,Other-relative
45181,Own-child
45181,Unmarried
45181,Wife
24858,Husband
24858,Other-relative
24858,Own-child
24858,Wife
28113,Husband
28113,Not-in-family
28113,Other-relative
28113,Own-child
28113,Unmarried
28113,Wife
22078,Husband
22078,Other-relative
22078,Own-child
22078,Wife
11462,Husband
11462,Not-in-family
11462,Other-relative
11462,Own-child
11462,Unmarried
11462,Wife
2950,Husband
2950,Not-in-family
2950,Other-relative
2950,Own-child
2950,Unmarried
2950,Wife
25651,Husband
25651,Not-in-family
25651,Other-relative
25651,Own-child
25651,Unmarried
25651,Wife
40782,Husband
40782,Other-relative
40782,Own-child
40782,Wife
35124,Husband
35124,Not-in-family
35124,Other-relative
35124,Own-child
35124,Unmarried
35124,Wife
46874,Husband
46874,Other-relative
46874,Own-child
46874,Wife
3462,Not-in-family
3462,Unmarried
4350,Husband
4350,Other-relative
4350,Own-child
4350,Wife
16505,Husband
16505,Other-relative
16505,Own-child
16505,Wife
18454,Husband
18454,Other-relative
18454,Own-child
18454,Wife
27306,Husband
27306,Other-relative
27306,Own-child
27306,Wife
16791,Husband
16791,Not-in-family
16791,Other-relative
16791,Own-child
16791,Unmarried
16791,Wife
23298,Husband
23298,Other-relative
23298,Own-child
23298,Wife
45737,Husband
45737,Not-in-family
45737,Other-relative
45737,Own-child
45737,Unmarried
45737,Wife
1833,Not-in-family
1833,Unmarried
38363,Husband
38363,Other-relative
38363,Own-child
38363,Wife
6789,Husband
6789,Other-relative
6789,Own-child
6789,Wife
37094,Husband
37094,Not-in-family
37094,Other-relative
37094,Own-child
37094,Unmarried
37094,Wife
12850,Husband
12850,Other-relative
12850,Own-child
12850,Wife
12542,Husband
12542,Other-relative
12542,Own-child
12542,Wife
23877,Husband
23877,Other-relative
23877,Own-child
23877,Wife
18486,Not-in-family
18486,Unmarried
17136,Husband
17136,Other-relative
17136,Own-child
17136,Wife
39769,Not-in-family
39769,Unmarried
47683,Husband
47683,Not-in-family
47683,Other-relative
47683,Own-child
47683,Unmarried
47683,Wife
23518,Husband
23518,Other-relative
23518,Own-child
23518,Wife
29826,Husband
29826,Other-relative
29826,Own-child
29826,Wife
44026,Not-in-family
44026,Unmarried
37470,Husband
37470,Not-in-family
37470,Other-relative
37470,Own-child
37470,Unmarried
37470,Wife
11750,Husband
11750,Other-relative
11750,Own-child
11750,Wife
13120,Husband
13120,Other-relative
13120,Own-child
13120,Wife
37232,Husband
37232,Other-relative
37232,Own-child
37232,Wife
29121,Husband
29121,Other-relative
29121,Own-child
29121,Wife
11142,Husband
11142,Not-in-family
11142,Other-relative
11142,Own-child
11142,Unmarried
11142,Wife
10031,Husband
10031,Not-in-family
10031,Other-relative
10031,Own-child
10031,Unmarried
10031,Wife
46541,Husband
46541,Other-relative
46541,Own-child
46541,Wife
29896,Not-in-family
29896,Unmarried
1130,Husband
1130,Not-in-family
1130,Other-relative
1130,Own-child
1130,Unmarried
1130,Wife
44477,Husband
44477,Other-relative
44477,Own-child
44477,Wife
13663,Husband
13663,Not-in-family
13663,Other-relative
13663,Own-child
13663,Unmarried
13663,Wife
43885,Not-in-family
43885,Unmarried
28058,Husband
28058,Not-in-family
28058,Other-relative
28058,Own-child
28058,Unmarried
28058,Wife
8600,Not-in-family
8600,Unmarried
23467,Husband
23467,Not-in-family
23467,Other-relative
23467,Own-child
23467,Unmarried
23467,Wife
41655,Husband
41655,Not-in-family
41655,Other-relative
41655,Own-child
41655,Unmarried
41655,Wife
3499,Husband
3499,Not-in-family
3499,Other-relative
3499,Own-child
3499,Unmarried
3499,Wife
39365,Not-in-family
39365,Unmarried
7743,Not-in-family
7743,Unmarried
20461,Not-in-family
20461,Unmarried
35880,Husband
35880,Not-in-family
35880,Other-relative
35880,Own-child
35880,Unmarried
35880,Wife
2146,Husband
2146,Not-in-family
2146,Other-relative
2146,Own-child
2146,Unmarried
2146,Wife
35479,Husband
35479,Not-in-family
35479,Other-relative
35479,Own-child
35479,Unmarried
35479,Wife
38370,Not-in-family
38370,Unmarried
10412,Husband
10412,Not-in-family
10412,Other-relative
10412,Own-child
10412,Unmarried
10412,Wife
17972,Not-in-family
17972,Unmarried
9744,Husband
9744,Other-relative
9744,Own-child
9744,Wife
39654,Husband
39654,Other-relative
39654,Own-child
39654,Wife
19218,Not-in-family
19218,Unmarried
41131,Husband
41131,Not-in-family
41131,Other-relative
41131,Own-child
41131,Unmarried
41131,Wife
32796,Husband
32796,Not-in-family
32796,Other-relative
32796,Own-child
32796,Unmarried
32796,Wife
3753,Not-in-family
3753,Unmarried
38200,Husband
38200,Not-in-family
38200,Other-relative
38200,Own-child
38200,Unmarried
38200,Wife
6049,Husband
6049,Other-relative
6049,Own-child
6049,Wife
15339,Husband
15339,Not-in-family
15339,Other-relative
15339,Own-child
15339,Unmarried
15339,Wife
40871,Not-in-family
40871,Unmarried
6217,Husband
6217,Not-in-family
6217,Other-relative
6217,Own-child
6217,Unmarried
6217,Wife
7960,Husband
7960,Other-relative
7960,Own-child
7960,Wife
33967,Husband
33967,Other-relative
33967,Own-child
33967,Wife
10846,Husband
10846,Not-in-family
10846,Other-relative
10846,Own-child
10846,Unmarried
10846,Wife
36990,Husband
36990,Not-in-family
36990,Other-relative
36990,Own-child
36990,Unmarried
36990,Wife
7996,Husband
7996,Other-relative
7996,Own-child
7996,Wife
38027,Husband
38027,Not-in-family
38027,Other-relative
38027,Own-child
38027,Unmarried
38027,Wife
35870,Husband
35870,Not-in-family
35870,Other-relative
35870,Own-child
35870,Unmarried
35870,Wife
39873,Husband
39873,Other-relative
39873,Own-child
39873,Wife
29202,Husband
29202,Not-in-family
29202,Other-relative
29202,Own-child
29202,Unmarried
29202,Wife
2580,Husband
2580,Not-in-family
2580,Other-relative
2580,Own-child
2580,Unmarried
2580,Wife
36089,Husband
36089,Not-in-family
36089,Other-relative
36089,Own-child
36089,Unmarried
36089,Wife
49,Husband
49,Not-in-family
49,Other-relative
49,Own-child
49,Unmarried
49,Wife
24844,Husband
24844,Not-in-family
24844,Other-relative
24844,Own-child
24844,Unmarried
24844,Wife
31287,Husband
31287,Not-in-family
31287,Other-relative
31287,Own-child
31287,Unmarried
31287,Wife
39652,Husband
39652,Other-relative
39652,Own-child
39652,Wife
28593,Husband
28593,Not-in-family
28593,Other-relative
28593,Own-child
28593,Unmarried
28593,Wife
38992,Not-in-family
38992,Unmarried
9777,Husband
9777,Other-relative
9777,Own-child
9777,Wife
42855,Husband
42855,Not-in-family
42855,Other-relative
42855,Own-child
42855,Unmarried
42855,Wife
5179,Husband
5179,Other-relative
5179,Own-child
5179,Wife
6693,Husband
6693,Other-relative
6693,Own-child
6693,Wife
39226,Husband
39226,Not-in-family
39226,Other-relative
39226,Own-child
39226,Unmarried
39226,Wife
12289,Husband
12289,Other-relative
12289,Own-child
12289,Wife
32114,Husband
32114,Other-relative
32114,Own-child
32114,Wife
13010,Husband
13010,Other-relative
13010,Own-child
13010,Wife
44146,Husband
44146,Not-in-family
44146,Other-relative
44146,Own-child
44146,Unmarried
44146,Wife
15798,Husband
15798,Not-in-family
15798,Other-relative
15798,Own-child
15798,Unmarried
15798,Wife
36966,Not-in-family
36966,Unmarried
9943,Not-in-family
9943,Unmarried
28126,Husband
28126,Not-in-family
28126,Other-relative
28126,Own-child
28126,Unmarried
28126,Wife
22895,Not-in-family
22895,Unmarried
8462,Not-in-family
8462,Unmarried
38954,Husband
38954,Not-in-family
38954,Other-relative
38954,Own-child
38954,Unmarried
38954,Wife
27150,Husband
27150,Other-relative
27150,Own-child
27150,Wife
11853,Husband
11853,Other-relative
11853,Own-child
11853,Wife
10297,Not-in-family
10297,Unmarried
10869,Not-in-family
10869,Unmarried
21521,Husband
21521,Not-in-family
21521,Other-relative
21521,Own-child
21521,Unmarried
21521,Wife
40331,Husband
40331,Other-relative
40331,Own-child
40331,Wife
23655,Husband
23655,Other-relative
23655,Own-child
23655,Wife
47268,Not-in-family
47268,Unmarried
29314,Not-in-family
29314,Unmarried
18595,Husband
18595,Not-in-family
18595,Other-relative
18595,Own-child
18595,Unmarried
18595,Wife
30858,Husband
30858,Not-in-family
30858,Other-relative
30858,Own-child
30858,Unmarried
30858,Wife
11511,Husband
11511,Other-relative
11511,Own-child
11511,Wife
3680,Husband
3680,Other-relative
3680,Own-child
3680,Wife
21838,Husband
21838,Not-in-family
21838,Other-relative
21838,Own-child
21838,Unmarried
21838,Wife
45598,Husband
45598,Not-in-family
45598,Other-relative
45598,Own-child
45598,Unmarried
45598,Wife
28905,Not-in-family
28905,Unmarried
40515,Husband
40515,Not-in-family
40515,Other-relative
40515,Own-child
40515,Unmarried
40515,Wife
48359,Husband
48359,Not-in-family
48359,Other-relative
48359,Own-child
48359,Unmarried
48359,Wife
14372,Husband
14372,Not-in-family
14372,Other-relative
14372,Own-child
14372,Unmarried
14372,Wife
16279,Husband
16279,Other-relative
16279,Own-child
16279,Wife
60,Husband
60,Not-in-family
60,Other-relative
60,Own-child
60,Unmarried
60,Wife
30514,Husband
30514,Other-relative
30514,Own-child
30514,Wife
38442,Not-in-family
38442,Unmarried
7502,Husband
7502,Not-in-family
7502,Other-relative
7502,Own-child
7502,Unmarried
7502,Wife
42305,Husband
42305,Not-in-family
42305,Other-relative
42305,Own-child
42305,Unmarried
42305,Wife
9648,Husband
9648,Other-relative
9648,Own-child
9648,Wife
3428,Husband
3428,Not-in-family
3428,Other-relative
3428,Own-child
3428,Unmarried
3428,Wife
37920,Husband
37920,Other-relative
37920,Own-child
37920,Wife
20092,Husband
20092,Other-relative
20092,Own-child
20092,Wife
28988,Not-in-family
28988,Unmarried
40787,Not-in-family
40787,Unmarried
27809,Husband
27809,Not-in-family
27809,Other-relative
27809,Own-child
27809,Unmarried
27809,Wife
8976,Husband
8976,Not-in-family
8976,Other-relative
8976,Own-child
8976,Unmarried
8976,Wife
33536,Husband
33536,Not-in-family
33536,Other-relative
33536,Own-child
33536,Unmarried
33536,Wife
48340,Husband
48340,Not-in-family
48340,Other-relative
48340,Own-child
48340,Unmarried
48340,Wife
23057,Not-in-family
23057,Unmarried
26362,Husband
26362,Not-in-family
26362,Other-relative
26362,Own-child
26362,Unmarried
26362,Wife
32710,Husband
32710,Not-in-family
32710,Other-relative
32710,Own-child
32710,Unmarried
32710,Wife
43249,Husband
43249,Other-relative
43249,Own-child
43249,Wife
47132,Not-in-family
47132,Unmarried
15137,Husband
15137,Other-relative
15137,Own-child
15137,Wife
47576,Husband
47576,Other-relative
47576,Own-child
47576,Wife
17101,Husband
17101,Other-relative
17101,Own-child
17101,Wife
38008,Husband
38008,Not-in-family
38008,Other-relative
38008,Own-child
38008,Unmarried
38008,Wife
15252,Husband
15252,Not-in-family
15252,Other-relative
15252,Own-child
15252,Unmarried
15252,Wife
35136,Husband
35136,Not-in-family
35136,Other-relative
35136,Own-child
35136,Unmarried
35136,Wife
31837,Husband
31837,Not-in-family
31837,Other-relative
31837,Own-child
31837,Unmarried
31837,Wife
9470,Husband
9470,Other-relative
9470,Own-child
9470,Wife
34730,Husband
34730,Not-in-family
34730,Other-relative
34730,Own-child
34730,Unmarried
34730,Wife
32315,Husband
32315,Other-relative
32315,Own-child
32315,Wife
39301,Husband
39301,Not-in-family
39301,Other-relative
39301,Own-child
39301,Unmarried
39301,Wife
32659,Husband
32659,Other-relative
32659,Own-child
32659,Wife
2715,Husband
2715,Not-in-family
2715,Other-relative
2715,Own-child
2715,Unmarried
2715,Wife
21632,Not-in-family
21632,Unmarried
28338,Husband
28338,Not-in-family
28338,Other-relative
28338,Own-child
28338,Unmarried
28338,Wife
4556,Husband
4556,Not-in-family
4556,Other-relative
4556,Own-child
4556,Unmarried
4556,Wife
16312,Husband
16312,Other-relative
16312,Own-child
16312,Wife
43347,Husband
43347,Not-in-family
43347,Other-relative
43347,Own-child
43347,Unmarried
43347,Wife
23843,Husband
23843,Not-in-family
23843,Other-relative
23843,Own-child
23843,Unmarried
23843,Wife
40565,Husband
40565,Not-in-family
40565,Other-relative
40565,Own-child
40565,Unmarried
40565,Wife
46488,Husband
46488,Not-in-family
46488,Other-relative
46488,Own-child
46488,Unmarried
46488,Wife
47940,Husband
47940,Other-relative
47940,Own-child
47940,Wife
23301,Husband
23301,Not-in-family
23301,Other-relative
23301,Own-child
23301,Unmarried
23301,Wife
12282,Husband
12282,Other-relative
12282,Own-child
12282,Wife
22286,Husband
22286,Other-relative
22286,Own-child
22286,Wife
22923,Husband
22923,Not-in-family
22923,Other-relative
22923,Own-child
22923,Unmarried
22923,Wife
4765,Husband
4765,Other-relative
4765,Own-child
4765,Wife
30237,Husband
30237,Not-in-family
30237,Other-relative
30237,Own-child
30237,Unmarried
30237,Wife
6904,Husband
6904,Other-relative
6904,Own-child
6904,Wife
41167,Husband
41167,Not-in-family
41167,Other-relative
41167,Own-child
41167,Unmarried
41167,Wife
35763,Husband
35763,Other-relative
35763,Own-child
35763,Wife
12515,Husband
12515,Not-in-family
12515,Other-relative
12515,Own-child
12515,Unmarried
12515,Wife
20594,Husband
20594,Other-relative
20594,Own-child
20594,Wife
2007,Husband
2007,Other-relative
2007,Own-child
2007,Wife
32192,Husband
32192,Not-in-family
32192,Other-relative
32192,Own-child
32192,Unmarried
32192,Wife
41634,Husband
41634,Other-relative
41634,Own-child
41634,Wife
39752,Husband
39752,Other-relative
39752,Own-child
39752,Wife
6830,Husband
6830,Other-relative
6830,Own-child
6830,Wife
19098,Husband
19098,Not-in-family
19098,Other-relative
19098,Own-child
19098,Unmarried
19098,Wife
38094,Husband
38094,Other-relative
38094,Own-child
38094,Wife
45663,Husband
45663,Other-relative
45663,Own-child
45663,Wife
43872,Husband
43872,Other-relative
43872,Own-child
43872,Wife
19040,Husband
19040,Other-relative
19040,Own-child
19040,Wife
3302,Husband
3302,Not-in-family
3302,Other-relative
3302,Own-child
3302,Unmarried
3302,Wife
35980,Not-in-family
35980,Unmarried
40619,Husband
40619,Not-in-family
40619,Other-relative
40619,Own-child
40619,Unmarried
40619,Wife
42445,Husband
42445,Other-relative
42445,Own-child
42445,Wife
39913,Husband
39913,Other-relative
39913,Own-child
39913,Wife
20870,Husband
20870,Not-in-family
20870,Other-relative
20870,Own-child
20870,Unmarried
20870,Wife
3227,Husband
3227,Other-relative
3227,Own-child
3227,Wife
32573,Husband
32573,Not-in-family
32573,Other-relative
32573,Own-child
32573,Unmarried
32573,Wife
35882,Husband
35882,Other-relative
35882,Own-child
35882,Wife
26650,Husband
26650,Other-relative
26650,Own-child
26650,Wife
24021,Not-in-family
24021,Unmarried
40186,Husband
40186,Other-relative
40186,Own-child
40186,Wife
48200,Husband
48200,Not-in-family
48200,Other-relative
48200,Own-child
48200,Unmarried
48200,Wife
12116,Husband
12116,Other-relative
12116,Own-child
12116,Wife
42380,Husband
42380,Not-in-family
42380,Other-relative
42380,Own-child
42380,Unmarried
42380,Wife
46454,Husband
46454,Not-in-family
46454,Other-relative
46454,Own-child
46454,Unmarried
46454,Wife
43717,Not-in-family
43717,Unmarried
7008,Husband
7008,Other-relative
7008,Own-child
7008,Wife
3953,Husband
3953,Not-in-family
3953,Other-relative
3953,Own-child
3953,Unmarried
3953,Wife
27261,Husband
27261,Other-relative
27261,Own-child
27261,Wife
44630,Husband
44630,Not-in-family
44630,Other-relative
44630,Own-child
44630,Unmarried
44630,Wife
10270,Not-in-family
10270,Unmarried
1862,Husband
1862,Not-in-family
1862,Other-relative
1862,Own-child
1862,Unmarried
1862,Wife
1081,Not-in-family
1081,Unmarried
2936,Husband
2936,Other-relative
2936,Own-child
2936,Wife
41425,Husband
41425,Other-relative
41425,Own-child
41425,Wife
12475,Husband
12475,Other-relative
12475,Own-child
12475,Wife
20356,Husband
20356,Not-in-family
20356,Other-relative
20356,Own-child
20356,Unmarried
20356,Wife
46453,Husband
46453,Not-in-family
46453,Other-relative
46453,Own-child
46453,Unmarried
46453,Wife
388,Husband
388,Not-in-family
388,Other-relative
388,Own-child
388,Unmarried
388,Wife
29256,Husband
29256,Not-in-family
29256,Other-relative
29256,Own-child
29256,Unmarried
29256,Wife
1260,Husband
1260,Not-in-family
1260,Other-relative
1260,Own-child
1260,Unmarried
1260,Wife
9523,Husband
9523,Other-relative
9523,Own-child
9523,Wife
32895,Husband
32895,Not-in-family
32895,Other-relative
32895,Own-child
32895,Unmarried
32895,Wife
35443,Husband
35443,Not-in-family
35443,Other-relative
35443,Own-child
35443,Unmarried
35443,Wife
25513,Not-in-family
25513,Unmarried
36486,Husband
36486,Other-relative
36486,Own-child
36486,Wife
11660,Husband
11660,Not-in-family
11660,Other-relative
11660,Own-child
11660,Unmarried
11660,Wife
30304,Not-in-family
30304,Unmarried
16606,Husband
16606,Not-in-family
16606,Other-relative
16606,Own-child
16606,Unmarried
16606,Wife
29808,Husband
29808,Other-relative
29808,Own-child
29808,Wife
6303,Husband
6303,Other-relative
6303,Own-child
6303,Wife
19882,Husband
19882,Other-relative
19882,Own-child
19882,Wife
33499,Husband
33499,Not-in-family
33499,Other-relative
33499,Own-child
33499,Unmarried
33499,Wife
20117,Not-in-family
20117,Unmarried
44797,Husband
44797,Not-in-family
44797,Other-relative
44797,Own-child
44797,Unmarried
44797,Wife
29522,Husband
29522,Other-relative
29522,Own-child
29522,Wife
13416,Husband
13416,Not-in-family
13416,Other-relative
13416,Own-child
13416,Unmarried
13416,Wife
4458,Husband
4458,Not-in-family
4458,Other-relative
4458,Own-child
4458,Unmarried
4458,Wife
36467,Husband
36467,Not-in-family
36467,Other-relative
36467,Own-child
36467,Unmarried
36467,Wife
15102,Not-in-family
15102,Unmarried
37316,Husband
37316,Not-in-family
37316,Other-relative
37316,Own-child
37316,Unmarried
37316,Wife
1684,Husband
1684,Other-relative
1684,Own-child
1684,Wife
20462,Husband
20462,Not-in-family
20462,Other-relative
20462,Own-child
20462,Unmarried
20462,Wife
1401,Husband
1401,Not-in-family
1401,Other-relative
1401,Own-child
1401,Unmarried
1401,Wife
15891,Husband
15891,Not-in-family
15891,Other-relative
15891,Own-child
15891,Unmarried
15891,Wife
6214,Husband
6214,Other-relative
6214,Own-child
6214,Wife
45179,Husband
45179,Other-relative
45179,Own-child
45179,Wife
30798,Husband
30798,Not-in-family
30798,Other-relative
30798,Own-child
30798,Unmarried
30798,Wife
17000,Husband
17000,Other-relative
17000,Own-child
17000,Wife
1145,Husband
1145,Other-relative
1145,Own-child
1145,Wife
40629,Husband
40629,Not-in-family
40629,Other-relative
40629,Own-child
40629,Unmarried
40629,Wife
41312,Not-in-family
41312,Unmarried
19149,Husband
19149,Other-relative
19149,Own-child
19149,Wife
9510,Husband
9510,Not-in-family
9510,Other-relative
9510,Own-child
9510,Unmarried
9510,Wife
20041,Husband
20041,Not-in-family
20041,Other-relative
20041,Own-child
20041,Unmarried
20041,Wife
1031,Husband
1031,Other-relative
1031,Own-child
1031,Wife
48369,Husband
48369,Other-relative
48369,Own-child
48369,Wife
23142,Husband
23142,Not-in-family
23142,Other-relative
23142,Own-child
23142,Unmarried
23142,Wife
20929,Husband
20929,Other-relative
20929,Own-child
20929,Wife
39906,Husband
39906,Not-in-family
39906,Other-relative
39906,Own-child
39906,Unmarried
39906,Wife
14822,Husband
14822,Not-in-family
14822,Other-relative
14822,Own-child
14822,Unmarried
14822,Wife
1142,Not-in-family
1142,Unmarried
2024,Husband
2024,Not-in-family
2024,Other-relative
2024,Own-child
2024,Unmarried
2024,Wife
19093,Husband
19093,Not-in-family
19093,Other-relative
19093,Own-child
19093,Unmarried
19093,Wife
28613,Husband
28613,Other-relative
28613,Own-child
28613,Wife
33301,Husband
33301,Not-in-family
33301,Other-relative
33301,Own-child
33301,Unmarried
33301,Wife
37674,Husband
37674,Not-in-family
37674,Other-relative
37674,Own-child
37674,Unmarried
37674,Wife
15244,Husband
15244,Not-in-family
15244,Other-relative
15244,Own-child
15244,Unmarried
15244,Wife
37734,Not-in-family
37734,Unmarried
10596,Husband
10596,Not-in-family
10596,Other-relative
10596,Own-child
10596,Unmarried
10596,Wife
30246,Husband
30246,Other-relative
30246,Own-child
30246,Wife
35035,Husband
35035,Not-in-family
35035,Other-relative
35035,Own-child
35035,Unmarried
35035,Wife
38642,Husband
38642,Not-in-family
38642,Other-relative
38642,Own-child
38642,Unmarried
38642,Wife
42761,Husband
42761,Not-in-family
42761,Other-relative
42761,Own-child
42761,Unmarried
42761,Wife
14695,Husband
14695,Other-relative
14695,Own-child
14695,Wife
26977,Husband
26977,Other-relative
26977,Own-child
26977,Wife
30393,Husband
30393,Other-relative
30393,Own-child
30393,Wife
47076,Husband
47076,Other-relative
47076,Own-child
47076,Wife
43761,Husband
43761,Other-relative
43761,Own-child
43761,Wife
26888,Not-in-family
26888,Unmarried
31331,Husband
31331,Other-relative
31331,Own-child
31331,Wife
46363,Not-in-family
46363,Unmarried
1769,Husband
1769,Other-relative
1769,Own-child
1769,Wife
1668,Husband
1668,Other-relative
1668,Own-child
1668,Wife
27895,Husband
27895,Not-in-family
27895,Other-relative
27895,Own-child
27895,Unmarried
27895,Wife
38270,Not-in-family
38270,Unmarried
5160,Husband
5160,Not-in-family
5160,Other-relative
5160,Own-child
5160,Unmarried
5160,Wife
2872,Husband
2872,Other-relative
2872,Own-child
2872,Wife
23735,Husband
23735,Other-relative
23735,Own-child
23735,Wife
26517,Husband
26517,Other-relative
26517,Own-child
26517,Wife
44435,Husband
44435,Not-in-family
44435,Other-relative
44435,Own-child
44435,Unmarried
44435,Wife
33815,Husband
33815,Not-in-family
33815,Other-relative
33815,Own-child
33815,Unmarried
33815,Wife
11833,Husband
11833,Not-in-family
11833,Other-relative
11833,Own-child
11833,Unmarried
11833,Wife
16473,Husband
16473,Not-in-family
16473,Other-relative
16473,Own-child
16473,Unmarried
16473,Wife
9194,Husband
9194,Not-in-family
9194,Other-relative
9194,Own-child
9194,Unmarried
9194,Wife
12755,Not-in-family
12755,Unmarried
10655,Husband
10655,Not-in-family
10655,Other-relative
10655,Own-child
10655,Unmarried
10655,Wife
27161,Husband
27161,Other-relative
27161,Own-child
27161,Wife
1689,Husband
1689,Other-relative
1689,Own-child
1689,Wife
28864,Husband
28864,Not-in-family
28864,Other-relative
28864,Own-child
28864,Unmarried
28864,Wife
32385,Husband
32385,Other-relative
32385,Own-child
32385,Wife
23210,Husband
23210,Other-relative
23210,Own-child
23210,Wife
13022,Not-in-family
13022,Unmarried
37143,Husband
37143,Not-in-family
37143,Other-relative
37143,Own-child
37143,Unmarried
37143,Wife
31945,Husband
31945,Other-relative
31945,Own-child
31945,Wife
31764,Husband
31764,Other-relative
31764,Own-child
31764,Wife
38488,Not-in-family
38488,Unmarried
22636,Not-in-family
22636,Unmarried
18559,Husband
18559,Not-in-family
18559,Other-relative
18559,Own-child
18559,Unmarried
18559,Wife
10374,Not-in-family
10374,Unmarried
38568,Husband
38568,Not-in-family
38568,Other-relative
38568,Own-child
38568,Unmarried
38568,Wife
3050,Husband
3050,Not-in-family
3050,Other-relative
3050,Own-child
3050,Unmarried
3050,Wife
40057,Not-in-family
40057,Unmarried
14386,Not-in-family
14386,Unmarried
44524,Husband
44524,Other-relative
44524,Own-child
44524,Wife
38003,Husband
38003,Not-in-family
38003,Other-relative
38003,Own-child
38003,Unmarried
38003,Wife
32950,Husband
32950,Not-in-family
32950,Other-relative
32950,Own-child
32950,Unmarried
32950,Wife
14170,Husband
14170,Not-in-family
14170,Other-relative
14170,Own-child
14170,Unmarried
14170,Wife
42638,Husband
42638,Other-relative
42638,Own-child
42638,Wife
1838,Not-in-family
1838,Unmarried
39912,Husband
39912,Not-in-family
39912,Other-relative
39912,Own-child
39912,Unmarried
39912,Wife
26142,Husband
26142,Not-in-family
26142,Other-relative
26142,Own-child
26142,Unmarried
26142,Wife
7412,Husband
7412,Not-in-family
7412,Other-relative
7412,Own-child
7412,Unmarried
7412,Wife
48480,Husband
48480,Not-in-family
48480,Other-relative
48480,Own-child
48480,Unmarried
48480,Wife
45461,Husband
45461,Not-in-family
45461,Other-relative
45461,Own-child
45461,Unmarried
45461,Wife
40463,Not-in-family
40463,Unmarried
9977,Husband
9977,Other-relative
9977,Own-child
9977,Wife
34475,Not-in-family
34475,Unmarried
4316,Husband
4316,Not-in-family
4316,Other-relative
4316,Own-child
4316,Unmarried
4316,Wife
3409,Husband
3409,Not-in-family
3409,Other-relative
3409,Own-child
3409,Unmarried
3409,Wife
19990,Husband
19990,Other-relative
19990,Own-child
19990,Wife
4945,Husband
4945,Other-relative
4945,Own-child
4945,Wife
12859,Husband
12859,Not-in-family
12859,Other-relative
12859,Own-child
12859,Unmarried
12859,Wife
22562,Husband
22562,Not-in-family
22562,Other-relative
22562,Own-child
22562,Unmarried
22562,Wife
34537,Husband
34537,Other-relative
34537,Own-child
34537,Wife
32200,Husband
32200,Not-in-family
32200,Other-relative
32200,Own-child
32200,Unmarried
32200,Wife
44221,Husband
44221,Not-in-family
44221,Other-relative
44221,Own-child
44221,Unmarried
44221,Wife
42394,Husband
42394,Other-relative
42394,Own-child
42394,Wife
7191,Husband
7191,Not-in-family
7191,Other-relative
7191,Own-child
7191,Unmarried
7191,Wife
11086,Not-in-family
11086,Unmarried
28169,Not-in-family
28169,Unmarried
36867,Husband
36867,Not-in-family
36867,Other-relative
36867,Own-child
36867,Unmarried
36867,Wife
43595,Husband
43595,Not-in-family
43595,Other-relative
43595,Own-child
43595,Unmarried
43595,Wife
25667,Husband
25667,Other-relative
25667,Own-child
25667,Wife
18539,Husband
18539,Not-in-family
18539,Other-relative
18539,Own-child
18539,Unmarried
18539,Wife
48797,Husband
48797,Other-relative
48797,Own-child
48797,Wife
7488,Husband
7488,Not-in-family
7488,Other-relative
7488,Own-child
7488,Unmarried
7488,Wife
48531,Husband
48531,Not-in-family
48531,Other-relative
48531,Own-child
48531,Unmarried
48531,Wife
516,Husband
516,Not-in-family
516,Other-relative
516,Own-child
516,Unmarried
516,Wife
25115,Husband
25115,Other-relative
25115,Own-child
25115,Wife
16666,Husband
16666,Not-in-family
16666,Other-relative
16666,Own-child
16666,Unmarried
16666,Wife
40422,Husband
40422,Not-in-family
40422,Other-relative
40422,Own-child
40422,Unmarried
40422,Wife
16390,Husband
16390,Not-in-family
16390,Other-relative
16390,Own-child
16390,Unmarried
16390,Wife
3016,Husband
3016,Other-relative
3016,Own-child
3016,Wife
24600,Husband
24600,Other-relative
24600,Own-child
24600,Wife
25678,Husband
25678,Other-relative
25678,Own-child
25678,Wife
22687,Husband
22687,Other-relative
22687,Own-child
22687,Wife
3687,Husband
3687,Not-in-family
3687,Other-relative
3687,Own-child
3687,Unmarried
3687,Wife
24038,Husband
24038,Other-relative
24038,Own-child
24038,Wife
5981,Husband
5981,Not-in-family
5981,Other-relative
5981,Own-child
5981,Unmarried
5981,Wife
36385,Husband
36385,Not-in-family
36385,Other-relative
36385,Own-child
36385,Unmarried
36385,Wife
26249,Husband
26249,Other-relative
26249,Own-child
26249,Wife
22494,Husband
22494,Other-relative
22494,Own-child
22494,Wife
15442,Not-in-family
15442,Unmarried
1279,Husband
1279,Not-in-family
1279,Other-relative
1279,Own-child
1279,Unmarried
1279,Wife
13931,Husband
13931,Not-in-family
13931,Other-relative
13931,Own-child
13931,Unmarried
13931,Wife
7401,Husband
7401,Other-relative
7401,Own-child
7401,Wife
2595,Husband
2595,Not-in-family
2595,Other-relative
2595,Own-child
2595,Unmarried
2595,Wife
7042,Not-in-family
7042,Unmarried
48287,Not-in-family
48287,Unmarried
40541,Husband
40541,Not-in-family
40541,Other-relative
40541,Own-child
40541,Unmarried
40541,Wife
28709,Husband
28709,Other-relative
28709,Own-child
28709,Wife
38927,Not-in-family
38927,Unmarried
24469,Not-in-family
24469,Unmarried
46719,Husband
46719,Not-in-family
46719,Other-relative
46719,Own-child
46719,Unmarried
46719,Wife
35500,Husband
35500,Not-in-family
35500,Other-relative
35500,Own-child
35500,Unmarried
35500,Wife
6011,Husband
6011,Not-in-family
6011,Other-relative
6011,Own-child
6011,Unmarried
6011,Wife
30349,Husband
30349,Other-relative
30349,Own-child
30349,Wife
24165,Husband
24165,Not-in-family
24165,Other-relative
24165,Own-child
24165,Unmarried
24165,Wife
1881,Husband
1881,Other-relative
1881,Own-child
1881,Wife
9685,Not-in-family
9685,Unmarried
35043,Husband
35043,Not-in-family
35043,Other-relative
35043,Own-child
35043,Unmarried
35043,Wife
5650,Husband
5650,Other-relative
5650,Own-child
5650,Wife
24581,Husband
24581,Not-in-family
24581,Other-relative
24581,Own-child
24581,Unmarried
24581,Wife
47727,Husband
47727,Not-in-family
47727,Other-relative
47727,Own-child
47727,Unmarried
47727,Wife
2575,Husband
2575,Not-in-family
2575,Other-relative
2575,Own-child
2575,Unmarried
2575,Wife
39317,Not-in-family
39317,Unmarried
28563,Husband
28563,Other-relative
28563,Own-child
28563,Wife
6070,Husband
6070,Other-relative
6070,Own-child
6070,Wife
25676,Husband
25676,Not-in-family
25676,Other-relative
25676,Own-child
25676,Unmarried
25676,Wife
12458,Not-in-family
12458,Unmarried
23733,Husband
23733,Not-in-family
23733,Other-relative
23733,Own-child
23733,Unmarried
23733,Wife
5336,Not-in-family
5336,Unmarried
41092,Not-in-family
41092,Unmarried
40120,Husband
40120,Not-in-family
40120,Other-relative
40120,Own-child
40120,Unmarried
40120,Wife
7730,Husband
7730,Not-in-family
7730,Other-relative
7730,Own-child
7730,Unmarried
7730,Wife
41017,Not-in-family
41017,Unmarried
46428,Not-in-family
46428,Unmarried
444,Husband
444,Not-in-family
444,Other-relative
444,Own-child
444,Unmarried
444,Wife
13285,Husband
13285,Not-in-family
13285,Other-relative
13285,Own-child
13285,Unmarried
13285,Wife
18633,Husband
18633,Not-in-family
18633,Other-relative
18633,Own-child
18633,Unmarried
18633,Wife
44937,Husband
44937,Other-relative
44937,Own-child
44937,Wife
24404,Husband
24404,Not-in-family
24404,Other-relative
24404,Own-child
24404,Unmarried
24404,Wife
10918,Husband
10918,Not-in-family
10918,Other-relative
10918,Own-child
10918,Unmarried
10918,Wife
28446,Husband
28446,Not-in-family
28446,Other-relative
28446,Own-child
28446,Unmarried
28446,Wife
1471,Husband
1471,Other-relative
1471,Own-child
1471,Wife
2019,Husband
2019,Other-relative
2019,Own-child
2019,Wife
36631,Husband
36631,Other-relative
36631,Own-child
36631,Wife
39362,Not-in-family
39362,Unmarried
36640,Husband
36640,Other-relative
36640,Own-child
36640,Wife
39150,Husband
39150,Other-relative
39150,Own-child
39150,Wife
10545,Husband
10545,Not-in-family
10545,Other-relative
10545,Own-child
10545,Unmarried
10545,Wife
32909,Husband
32909,Not-in-family
32909,Other-relative
32909,Own-child
32909,Unmarried
32909,Wife
16843,Husband
16843,Other-relative
16843,Own-child
16843,Wife
45652,Not-in-family
45652,Unmarried
31288,Husband
31288,Other-relative
31288,Own-child
31288,Wife
10223,Husband
10223,Other-relative
10223,Own-child
10223,Wife
48421,Husband
48421,Not-in-family
48421,Other-relative
48421,Own-child
48421,Unmarried
48421,Wife
33564,Not-in-family
33564,Unmarried
22622,Not-in-family
22622,Unmarried
42032,Husband
42032,Not-in-family
42032,Other-relative
42032,Own-child
42032,Unmarried
42032,Wife
18734,Husband
18734,Not-in-family
18734,Other-relative
18734,Own-child
18734,Unmarried
18734,Wife
3540,Husband
3540,Other-relative
3540,Own-child
3540,Wife
20519,Husband
20519,Not-in-family
20519,Other-relative
20519,Own-child
20519,Unmarried
20519,Wife
48729,Husband
48729,Not-in-family
48729,Other-relative
48729,Own-child
48729,Unmarried
48729,Wife
7439,Husband
7439,Not-in-family
7439,Other-relative
7439,Own-child
7439,Unmarried
7439,Wife
45616,Husband
45616,Other-relative
45616,Own-child
45616,Wife
38953,Not-in-family
38953,Unmarried
20317,Husband
20317,Not-in-family
20317,Other-relative
20317,Own-child
20317,Unmarried
20317,Wife
30086,Husband
30086,Not-in-family
30086,Other-relative
30086,Own-child
30086,Unmarried
30086,Wife
48663,Not-in-family
48663,Unmarried
19527,Husband
19527,Not-in-family
19527,Other-relative
19527,Own-child
19527,Unmarried
19527,Wife
45804,Not-in-family
45804,Unmarried
20150,Husband
20150,Not-in-family
20150,Other-relative
20150,Own-child
20150,Unmarried
20150,Wife
35931,Husband
35931,Other-relative
35931,Own-child
35931,Wife
35608,Husband
35608,Other-relative
35608,Own-child
35608,Wife
5781,Husband
5781,Not-in-family
5781,Other-relative
5781,Own-child
5781,Unmarried
5781,Wife
13083,Not-in-family
13083,Unmarried
45765,Husband
45765,Other-relative
45765,Own-child
45765,Wife
12662,Husband
12662,Not-in-family
12662,Other-relative
12662,Own-child
12662,Unmarried
12662,Wife
16742,Not-in-family
16742,Unmarried
40145,Husband
40145,Not-in-family
40145,Other-relative
40145,Own-child
40145,Unmarried
40145,Wife
37516,Husband
37516,Other-relative
37516,Own-child
37516,Wife
22911,Husband
22911,Other-relative
22911,Own-child
22911,Wife
21470,Husband
21470,Other-relative
21470,Own-child
21470,Wife
35366,Husband
35366,Other-relative
35366,Own-child
35366,Wife
36577,Husband
36577,Other-relative
36577,Own-child
36577,Wife
42350,Husband
42350,Not-in-family
42350,Other-relative
42350,Own-child
42350,Unmarried
42350,Wife
41592,Husband
41592,Other-relative
41592,Own-child
41592,Wife
14373,Husband
14373,Not-in-family
14373,Other-relative
14373,Own-child
14373,Unmarried
14373,Wife
32425,Husband
32425,Other-relative
32425,Own-child
32425,Wife
44271,Husband
44271,Other-relative
44271,Own-child
44271,Wife
13340,Husband
13340,Not-in-family
13340,Other-relative
13340,Own-child
13340,Unmarried
13340,Wife
10444,Husband
10444,Not-in-family
10444,Other-relative
10444,Own-child
10444,Unmarried
10444,Wife
47459,Husband
47459,Not-in-family
47459,Other-relative
47459,Own-child
47459,Unmarried
47459,Wife
2132,Not-in-family
2132,Unmarried
2608,Not-in-family
2608,Unmarried
23473,Husband
23473,Not-in-family
23473,Other-relative
23473,Own-child
23473,Unmarried
23473,Wife
35020,Husband
35020,Not-in-family
35020,Other-relative
35020,Own-child
35020,Unmarried
35020,Wife
43009,Husband
43009,Not-in-family
43009,Other-relative
43009,Own-child
43009,Unmarried
43009,Wife
11757,Husband
11757,Not-in-family
11757,Other-relative
11757,Own-child
11757,Unmarried
11757,Wife
18568,Husband
18568,Not-in-family
18568,Other-relative
18568,Own-child
18568,Unmarried
18568,Wife
7800,Husband
7800,Not-in-family
7800,Other-relative
7800,Own-child
7800,Unmarried
7800,Wife
17680,Husband
17680,Not-in-family
17680,Other-relative
17680,Own-child
17680,Unmarried
17680,Wife
4886,Not-in-family
4886,Unmarried
29652,Not-in-family
29652,Unmarried
42431,Husband
42431,Not-in-family
42431,Other-relative
42431,Own-child
42431,Unmarried
42431,Wife
44390,Husband
44390,Not-in-family
44390,Other-relative
44390,Own-child
44390,Unmarried
44390,Wife
20363,Husband
20363,Other-relative
20363,Own-child
20363,Wife
45174,Husband
45174,Not-in-family
45174,Other-relative
45174,Own-child
45174,Unmarried
45174,Wife
19810,Husband
19810,Other-relative
19810,Own-child
19810,Wife
33137,Husband
33137,Not-in-family
33137,Other-relative
33137,Own-child
33137,Unmarried
33137,Wife
25704,Husband
25704,Not-in-family
25704,Other-relative
25704,Own-child
25704,Unmarried
25704,Wife
30964,Husband
30964,Not-in-family
30964,Other-relative
30964,Own-child
30964,Unmarried
30964,Wife
34322,Husband
34322,Other-relative
34322,Own-child
34322,Wife
21030,Husband
21030,Other-relative
21030,Own-child
21030,Wife
13431,Husband
13431,Other-relative
13431,Own-child
13431,Wife
2828,Husband
2828,Other-relative
2828,Own-child
2828,Wife
24488,Not-in-family
24488,Unmarried
29149,Husband
29149,Other-relative
29149,Own-child
29149,Wife
47990,Husband
47990,Other-relative
47990,Own-child
47990,Wife
41625,Husband
41625,Not-in-family
41625,Other-relative
41625,Own-child
41625,Unmarried
41625,Wife
5230,Husband
5230,Not-in-family
5230,Other-relative
5230,Own-child
5230,Unmarried
5230,Wife
11052,Not-in-family
11052,Unmarried
38722,Husband
38722,Not-in-family
38722,Other-relative
38722,Own-child
38722,Unmarried
38722,Wife
48032,Husband
48032,Not-in-family
48032,Other-relative
48032,Own-child
48032,Unmarried
48032,Wife
30322,Husband
30322,Other-relative
30322,Own-child
30322,Wife
23782,Husband
23782,Other-relative
23782,Own-child
23782,Wife
10930,Husband
10930,Other-relative
10930,Own-child
10930,Wife
43212,Not-in-family
43212,Unmarried
22767,Husband
22767,Other-relative
22767,Own-child
22767,Wife
46910,Husband
46910,Not-in-family
46910,Other-relative
46910,Own-child
46910,Unmarried
46910,Wife
34460,Husband
34460,Not-in-family
34460,Other-relative
34460,Own-child
34460,Unmarried
34460,Wife
36599,Husband
36599,Not-in-family
36599,Other-relative
36599,Own-child
36599,Unmarried
36599,Wife
13749,Not-in-family
13749,Unmarried
36570,Husband
36570,Not-in-family
36570,Other-relative
36570,Own-child
36570,Unmarried
36570,Wife
47159,Husband
47159,Other-relative
47159,Own-child
47159,Wife
18667,Not-in-family
18667,Unmarried
46633,Not-in-family
46633,Unmarried
42869,Not-in-family
42869,Unmarried
7195,Husband
7195,Other-relative
7195,Own-child
7195,Wife
27103,Husband
27103,Other-relative
27103,Own-child
27103,Wife
32149,Husband
32149,Not-in-family
32149,Other-relative
32149,Own-child
32149,Unmarried
32149,Wife
37371,Husband
37371,Not-in-family
37371,Other-relative
37371,Own-child
37371,Unmarried
37371,Wife
11375,Husband
11375,Other-relative
11375,Own-child
11375,Wife
11940,Husband
11940,Other-relative
11940,Own-child
11940,Wife
2088,Husband
2088,Other-relative
2088,Own-child
2088,Wife
36803,Husband
36803,Not-in-family
36803,Other-relative
36803,Own-child
36803,Unmarried
36803,Wife
10415,Husband
10415,Other-relative
10415,Own-child
10415,Wife
16071,Husband
16071,Not-in-family
16071,Other-relative
16071,Own-child
16071,Unmarried
16071,Wife
45806,Not-in-family
45806,Unmarried
17480,Husband
17480,Not-in-family
17480,Other-relative
17480,Own-child
17480,Unmarried
17480,Wife
10339,Husband
10339,Not-in-family
10339,Other-relative
10339,Own-child
10339,Unmarried
10339,Wife
15768,Husband
15768,Other-relative
15768,Own-child
15768,Wife
12201,Not-in-family
12201,Unmarried
3212,Husband
3212,Other-relative
3212,Own-child
3212,Wife
45356,Not-in-family
45356,Unmarried
2719,Husband
2719,Other-relative
2719,Own-child
2719,Wife
22995,Husband
22995,Not-in-family
22995,Other-relative
22995,Own-child
22995,Unmarried
22995,Wife
33204,Husband
33204,Not-in-family
33204,Other-relative
33204,Own-child
33204,Unmarried
33204,Wife
29349,Husband
29349,Not-in-family
29349,Other-relative
29349,Own-child
29349,Unmarried
29349,Wife
32719,Not-in-family
32719,Unmarried
31311,Husband
31311,Not-in-family
31311,Other-relative
31311,Own-child
31311,Unmarried
31311,Wife
44818,Not-in-family
44818,Unmarried
19865,Husband
19865,Not-in-family
19865,Other-relative
19865,Own-child
19865,Unmarried
19865,Wife
22817,Husband
22817,Other-relative
22817,Own-child
22817,Wife
27556,Husband
27556,Not-in-family
27556,Other-relative
27556,Own-child
27556,Unmarried
27556,Wife
30433,Husband
30433,Other-relative
30433,Own-child
30433,Wife
20216,Husband
20216,Not-in-family
20216,Other-relative
20216,Own-child
20216,Unmarried
20216,Wife
21330,Not-in-family
21330,Unmarried
20355,Husband
20355,Other-relative
20355,Own-child
20355,Wife
18507,Husband
18507,Other-relative
18507,Own-child
18507,Wife
7852,Not-in-family
7852,Unmarried
5136,Husband
5136,Other-relative
5136,Own-child
5136,Wife
18895,Husband
18895,Other-relative
18895,Own-child
18895,Wife
13772,Husband
13772,Not-in-family
13772,Other-relative
13772,Own-child
13772,Unmarried
13772,Wife
20810,Husband
20810,Not-in-family
20810,Other-relative
20810,Own-child
20810,Unmarried
20810,Wife
22055,Husband
22055,Not-in-family
22055,Other-relative
22055,Own-child
22055,Unmarried
22055,Wife
31363,Not-in-family
31363,Unmarried
30978,Husband
30978,Not-in-family
30978,Other-relative
30978,Own-child
30978,Unmarried
30978,Wife
8770,Husband
8770,Not-in-family
8770,Other-relative
8770,Own-child
8770,Unmarried
8770,Wife
43018,Husband
43018,Other-relative
43018,Own-child
43018,Wife
11167,Husband
11167,Not-in-family
11167,Other-relative
11167,Own-child
11167,Unmarried
11167,Wife
6717,Husband
6717,Other-relative
6717,Own-child
6717,Wife
41962,Not-in-family
41962,Unmarried
38217,Husband
38217,Other-relative
38217,Own-child
38217,Wife
29838,Husband
29838,Not-in-family
29838,Other-relative
29838,Own-child
29838,Unmarried
29838,Wife
15608,Husband
15608,Other-relative
15608,Own-child
15608,Wife
11105,Husband
11105,Other-relative
11105,Own-child
11105,Wife
35242,Husband
35242,Not-in-family
35242,Other-relative
35242,Own-child
35242,Unmarried
35242,Wife
46345,Husband
46345,Other-relative
46345,Own-child
46345,Wife
23572,Husband
23572,Not-in-family
23572,Other-relative
23572,Own-child
23572,Unmarried
23572,Wife
42019,Husband
42019,Other-relative
42019,Own-child
42019,Wife
36425,Husband
36425,Other-relative
36425,Own-child
36425,Wife
36474,Husband
36474,Other-relative
36474,Own-child
36474,Wife
19687,Husband
19687,Other-relative
19687,Own-child
19687,Wife
46096,Husband
46096,Not-in-family
46096,Other-relative
46096,Own-child
46096,Unmarried
46096,Wife
30472,Husband
30472,Not-in-family
30472,Other-relative
30472,Own-child
30472,Unmarried
30472,Wife
43246,Husband
43246,Not-in-family
43246,Other-relative
43246,Own-child
43246,Unmarried
43246,Wife
4763,Not-in-family
4763,Unmarried
34788,Not-in-family
34788,Unmarried
13666,Husband
13666,Not-in-family
13666,Other-relative
13666,Own-child
13666,Unmarried
13666,Wife
4081,Husband
4081,Other-relative
4081,Own-child
4081,Wife
17398,Husband
17398,Not-in-family
17398,Other-relative
17398,Own-child
17398,Unmarried
17398,Wife
42047,Husband
42047,Not-in-family
42047,Other-relative
42047,Own-child
42047,Unmarried
42047,Wife
28822,Husband
28822,Other-relative
28822,Own-child
28822,Wife
455,Husband
455,Not-in-family
455,Other-relative
455,Own-child
455,Unmarried
455,Wife
7465,Husband
7465,Not-in-family
7465,Other-relative
7465,Own-child
7465,Unmarried
7465,Wife
17978,Husband
17978,Not-in-family
17978,Other-relative
17978,Own-child
17978,Unmarried
17978,Wife
21266,Husband
21266,Other-relative
21266,Own-child
21266,Wife
29300,Husband
29300,Not-in-family
29300,Other-relative
29300,Own-child
29300,Unmarried
29300,Wife
19672,Husband
19672,Not-in-family
19672,Other-relative
19672,Own-child
19672,Unmarried
19672,Wife
39604,Husband
39604,Other-relative
39604,Own-child
39604,Wife
45948,Husband
45948,Other-relative
45948,Own-child
45948,Wife
40441,Husband
40441,Not-in-family
40441,Other-relative
40441,Own-child
40441,Unmarried
40441,Wife
37397,Not-in-family
37397,Unmarried
5886,Husband
5886,Other-relative
5886,Own-child
5886,Wife
45246,Not-in-family
45246,Unmarried
46706,Husband
46706,Not-in-family
46706,Other-relative
46706,Own-child
46706,Unmarried
46706,Wife
39243,Not-in-family
39243,Unmarried
10980,Husband
10980,Other-relative
10980,Own-child
10980,Wife
40458,Husband
40458,Other-relative
40458,Own-child
40458,Wife
33472,Husband
33472,Other-relative
33472,Own-child
33472,Wife
31318,Husband
31318,Not-in-family
31318,Other-relative
31318,Own-child
31318,Unmarried
31318,Wife
11685,Husband
11685,Other-relative
11685,Own-child
11685,Wife
14056,Husband
14056,Not-in-family
14056,Other-relative
14056,Own-child
14056,Unmarried
14056,Wife
34391,Husband
34391,Other-relative
34391,Own-child
34391,Wife
14101,Husband
14101,Not-in-family
14101,Other-relative
14101,Own-child
14101,Unmarried
14101,Wife
26475,Husband
26475,Not-in-family
26475,Other-relative
26475,Own-child
26475,Unmarried
26475,Wife
39701,Husband
39701,Other-relative
39701,Own-child
39701,Wife
29364,Husband
29364,Not-in-family
29364,Other-relative
29364,Own-child
29364,Unmarried
29364,Wife
42820,Husband
42820,Not-in-family
42820,Other-relative
42820,Own-child
42820,Unmarried
42820,Wife
8623,Husband
8623,Other-relative
8623,Own-child
8623,Wife
11138,Husband
11138,Other-relative
11138,Own-child
11138,Wife
44097,Husband
44097,Not-in-family
44097,Other-relative
44097,Own-child
44097,Unmarried
44097,Wife
18235,Husband
18235,Not-in-family
18235,Other-relative
18235,Own-child
18235,Unmarried
18235,Wife
14935,Husband
14935,Not-in-family
14935,Other-relative
14935,Own-child
14935,Unmarried
14935,Wife
44515,Husband
44515,Not-in-family
44515,Other-relative
44515,Own-child
44515,Unmarried
44515,Wife
19793,Husband
19793,Not-in-family
19793,Other-relative
19793,Own-child
19793,Unmarried
19793,Wife
41945,Husband
41945,Other-relative
41945,Own-child
41945,Wife
41120,Husband
41120,Not-in-family
41120,Other-relative
41120,Own-child
41120,Unmarried
41120,Wife
8034,Husband
8034,Not-in-family
8034,Other-relative
8034,Own-child
8034,Unmarried
8034,Wife
27404,Not-in-family
27404,Unmarried
30405,Husband
30405,Not-in-family
30405,Other-relative
30405,Own-child
30405,Unmarried
30405,Wife
30047,Not-in-family
30047,Unmarried
46391,Husband
46391,Not-in-family
46391,Other-relative
46391,Own-child
46391,Unmarried
46391,Wife
23106,Husband
23106,Other-relative
23106,Own-child
23106,Wife
33396,Not-in-family
33396,Unmarried
42010,Not-in-family
42010,Unmarried
37519,Husband
37519,Not-in-family
37519,Other-relative
37519,Own-child
37519,Unmarried
37519,Wife
5391,Husband
5391,Not-in-family
5391,Other-relative
5391,Own-child
5391,Unmarried
5391,Wife
20304,Husband
20304,Not-in-family
20304,Other-relative
20304,Own-child
20304,Unmarried
20304,Wife
24669,Husband
24669,Other-relative
24669,Own-child
24669,Wife
29880,Husband
29880,Not-in-family
29880,Other-relative
29880,Own-child
29880,Unmarried
29880,Wife
18436,Husband
18436,Other-relative
18436,Own-child
18436,Wife
40382,Husband
40382,Not-in-family
40382,Other-relative
40382,Own-child
40382,Unmarried
40382,Wife
30771,Husband
30771,Other-relative
30771,Own-child
30771,Wife
29223,Husband
29223,Not-in-family
29223,Other-relative
29223,Own-child
29223,Unmarried
29223,Wife
28022,Husband
28022,Not-in-family
28022,Other-relative
28022,Own-child
28022,Unmarried
28022,Wife
37891,Husband
37891,Not-in-family
37891,Other-relative
37891,Own-child
37891,Unmarried
37891,Wife
6486,Husband
6486,Not-in-family
6486,Other-relative
6486,Own-child
6486,Unmarried
6486,Wife
14422,Husband
14422,Not-in-family
14422,Other-relative
14422,Own-child
14422,Unmarried
14422,Wife
23151,Husband
23151,Other-relative
23151,Own-child
23151,Wife
38118,Husband
38118,Not-in-family
38118,Other-relative
38118,Own-child
38118,Unmarried
38118,Wife
5852,Husband
5852,Not-in-family
5852,Other-relative
5852,Own-child
5852,Unmarried
5852,Wife
32549,Husband
32549,Other-relative
32549,Own-child
32549,Wife
7568,Husband
7568,Not-in-family
7568,Other-relative
7568,Own-child
7568,Unmarried
7568,Wife
31700,Husband
31700,Not-in-family
31700,Other-relative
31700,Own-child
31700,Unmarried
31700,Wife
38460,Husband
38460,Not-in-family
38460,Other-relative
38460,Own-child
38460,Unmarried
38460,Wife
11912,Husband
11912,Other-relative
11912,Own-child
11912,Wife
12625,Husband
12625,Other-relative
12625,Own-child
12625,Wife
38078,Husband
38078,Other-relative
38078,Own-child
38078,Wife
26956,Not-in-family
26956,Unmarried
23374,Not-in-family
23374,Unmarried
3871,Husband
3871,Other-relative
3871,Own-child
3871,Wife
40278,Husband
40278,Not-in-family
40278,Other-relative
40278,Own-child
40278,Unmarried
40278,Wife
5133,Not-in-family
5133,Unmarried
13540,Not-in-family
13540,Unmarried
47924,Husband
47924,Not-in-family
47924,Other-relative
47924,Own-child
47924,Unmarried
47924,Wife
10948,Husband
10948,Other-relative
10948,Own-child
10948,Wife
17712,Husband
17712,Not-in-family
17712,Other-relative
17712,Own-child
17712,Unmarried
17712,Wife
32019,Husband
32019,Not-in-family
32019,Other-relative
32019,Own-child
32019,Unmarried
32019,Wife
22140,Husband
22140,Not-in-family
22140,Other-relative
22140,Own-child
22140,Unmarried
22140,Wife
2737,Husband
2737,Other-relative
2737,Own-child
2737,Wife
18032,Husband
18032,Not-in-family
18032,Other-relative
18032,Own-child
18032,Unmarried
18032,Wife
15494,Husband
15494,Not-in-family
15494,Other-relative
15494,Own-child
15494,Unmarried
15494,Wife
20050,Not-in-family
20050,Unmarried
24537,Husband
24537,Not-in-family
24537,Other-relative
24537,Own-child
24537,Unmarried
24537,Wife
27458,Husband
27458,Not-in-family
27458,Other-relative
27458,Own-child
27458,Unmarried
27458,Wife
16120,Not-in-family
16120,Unmarried
42134,Husband
42134,Not-in-family
42134,Other-relative
42134,Own-child
42134,Unmarried
42134,Wife
35411,Husband
35411,Other-relative
35411,Own-child
35411,Wife
12497,Husband
12497,Other-relative
12497,Own-child
12497,Wife
47349,Husband
47349,Not-in-family
47349,Other-relative
47349,Own-child
47349,Unmarried
47349,Wife
28609,Husband
28609,Not-in-family
28609,Other-relative
28609,Own-child
28609,Unmarried
28609,Wife
3277,Husband
3277,Other-relative
3277,Own-child
3277,Wife
12544,Not-in-family
12544,Unmarried
28281,Not-in-family
28281,Unmarried
2294,Husband
2294,Not-in-family
2294,Other-relative
2294,Own-child
2294,Unmarried
2294,Wife
30379,Husband
30379,Not-in-family
30379,Other-relative
30379,Own-child
30379,Unmarried
30379,Wife
39012,Husband
39012,Not-in-family
39012,Other-relative
39012,Own-child
39012,Unmarried
39012,Wife
20220,Husband
20220,Not-in-family
20220,Other-relative
20220,Own-child
20220,Unmarried
20220,Wife
28557,Husband
28557,Other-relative
28557,Own-child
28557,Wife
4774,Not-in-family
4774,Unmarried
8593,Husband
8593,Other-relative
8593,Own-child
8593,Wife
37487,Husband
37487,Not-in-family
37487,Other-relative
37487,Own-child
37487,Unmarried
37487,Wife
8187,Husband
8187,Not-in-family
8187,Other-relative
8187,Own-child
8187,Unmarried
8187,Wife
16836,Husband
16836,Other-relative
16836,Own-child
16836,Wife
33775,Husband
33775,Other-relative
33775,Own-child
33775,Wife
9454,Husband
9454,Not-in-family
9454,Other-relative
9454,Own-child
9454,Unmarried
9454,Wife
34794,Husband
34794,Other-relative
34794,Own-child
34794,Wife
39825,Husband
39825,Not-in-family
39825,Other-relative
39825,Own-child
39825,Unmarried
39825,Wife
5313,Husband
5313,Not-in-family
5313,Other-relative
5313,Own-child
5313,Unmarried
5313,Wife
44685,Husband
44685,Other-relative
44685,Own-child
44685,Wife
42691,Husband
42691,Other-relative
42691,Own-child
42691,Wife
944,Husband
944,Other-relative
944,Own-child
944,Wife
6196,Husband
6196,Not-in-family
6196,Other-relative
6196,Own-child
6196,Unmarried
6196,Wife
17923,Husband
17923,Not-in-family
17923,Other-relative
17923,Own-child
17923,Unmarried
17923,Wife
41492,Husband
41492,Other-relative
41492,Own-child
41492,Wife
16385,Husband
16385,Other-relative
16385,Own-child
16385,Wife
20758,Husband
20758,Other-relative
20758,Own-child
20758,Wife
17910,Husband
17910,Not-in-family
17910,Other-relative
17910,Own-child
17910,Unmarried
17910,Wife
12639,Not-in-family
12639,Unmarried
30171,Not-in-family
30171,Unmarried
17720,Husband
17720,Not-in-family
17720,Other-relative
17720,Own-child
17720,Unmarried
17720,Wife
22337,Husband
22337,Not-in-family
22337,Other-relative
22337,Own-child
22337,Unmarried
22337,Wife
33659,Husband
33659,Not-in-family
33659,Other-relative
33659,Own-child
33659,Unmarried
33659,Wife
24770,Husband
24770,Not-in-family
24770,Other-relative
24770,Own-child
24770,Unmarried
24770,Wife
44129,Husband
44129,Not-in-family
44129,Other-relative
44129,Own-child
44129,Unmarried
44129,Wife
16165,Husband
16165,Other-relative
16165,Own-child
16165,Wife
46089,Husband
46089,Not-in-family
46089,Other-relative
46089,Own-child
46089,Unmarried
46089,Wife
29125,Husband
29125,Other-relative
29125,Own-child
29125,Wife
6408,Husband
6408,Not-in-family
6408,Other-relative
6408,Own-child
6408,Unmarried
6408,Wife
10491,Husband
10491,Not-in-family
10491,Other-relative
10491,Own-child
10491,Unmarried
10491,Wife
19838,Husband
19838,Not-in-family
19838,Other-relative
19838,Own-child
19838,Unmarried
19838,Wife
27540,Husband
27540,Not-in-family
27540,Other-relative
27540,Own-child
27540,Unmarried
27540,Wife
27017,Not-in-family
27017,Unmarried
33936,Husband
33936,Other-relative
33936,Own-child
33936,Wife
45873,Husband
45873,Not-in-family
45873,Other-relative
45873,Own-child
45873,Unmarried
45873,Wife
35398,Husband
35398,Not-in-family
35398,Other-relative
35398,Own-child
35398,Unmarried
35398,Wife
43930,Husband
43930,Not-in-family
43930,Other-relative
43930,Own-child
43930,Unmarried
43930,Wife
46302,Not-in-family
46302,Unmarried
33637,Not-in-family
33637,Unmarried
28574,Not-in-family
28574,Unmarried
30491,Husband
30491,Not-in-family
30491,Other-relative
30491,Own-child
30491,Unmarried
30491,Wife
42689,Husband
42689,Not-in-family
42689,Other-relative
42689,Own-child
42689,Unmarried
42689,Wife
20631,Husband
20631,Not-in-family
20631,Other-relative
20631,Own-child
20631,Unmarried
20631,Wife
23217,Husband
23217,Not-in-family
23217,Other-relative
23217,Own-child
23217,Unmarried
23217,Wife
33352,Not-in-family
33352,Unmarried
20243,Husband
20243,Not-in-family
20243,Other-relative
20243,Own-child
20243,Unmarried
20243,Wife
43128,Husband
43128,Other-relative
43128,Own-child
43128,Wife
3719,Husband
3719,Not-in-family
3719,Other-relative
3719,Own-child
3719,Unmarried
3719,Wife
20222,Husband
20222,Other-relative
20222,Own-child
20222,Wife
15935,Not-in-family
15935,Unmarried
31420,Husband
31420,Other-relative
31420,Own-child
31420,Wife
18799,Husband
18799,Not-in-family
18799,Other-relative
18799,Own-child
18799,Unmarried
18799,Wife
48094,Husband
48094,Other-relative
48094,Own-child
48094,Wife
34841,Husband
34841,Not-in-family
34841,Other-relative
34841,Own-child
34841,Unmarried
34841,Wife
39976,Not-in-family
39976,Unmarried
27737,Husband
27737,Other-relative
27737,Own-child
27737,Wife
21100,Husband
21100,Not-in-family
21100,Other-relative
21100,Own-child
21100,Unmarried
21100,Wife
46292,Husband
46292,Other-relative
46292,Own-child
46292,Wife
42109,Husband
42109,Not-in-family
42109,Other-relative
42109,Own-child
42109,Unmarried
42109,Wife
6740,Husband
6740,Other-relative
6740,Own-child
6740,Wife
45760,Husband
45760,Other-relative
45760,Own-child
45760,Wife
8327,Husband
8327,Not-in-family
8327,Other-relative
8327,Own-child
8327,Unmarried
8327,Wife
6573,Husband
6573,Other-relative
6573,Own-child
6573,Wife
47190,Not-in-family
47190,Unmarried
40324,Husband
40324,Other-relative
40324,Own-child
40324,Wife
1747,Husband
1747,Not-in-family
1747,Other-relative
1747,Own-child
1747,Unmarried
1747,Wife
12108,Husband
12108,Other-relative
12108,Own-child
12108,Wife
2899,Husband
2899,Not-in-family
2899,Other-relative
2899,Own-child
2899,Unmarried
2899,Wife
9718,Husband
9718,Not-in-family
9718,Other-relative
9718,Own-child
9718,Unmarried
9718,Wife
24597,Husband
24597,Not-in-family
24597,Other-relative
24597,Own-child
24597,Unmarried
24597,Wife
43571,Husband
43571,Not-in-family
43571,Other-relative
43571,Own-child
43571,Unmarried
43571,Wife
11199,Not-in-family
11199,Unmarried
6415,Husband
6415,Not-in-family
6415,Other-relative
6415,Own-child
6415,Unmarried
6415,Wife
30300,Husband
30300,Other-relative
30300,Own-child
30300,Wife
34881,Husband
34881,Not-in-family
34881,Other-relative
34881,Own-child
34881,Unmarried
34881,Wife
13471,Husband
13471,Not-in-family
13471,Other-relative
13471,Own-child
13471,Unmarried
13471,Wife
5112,Husband
5112,Other-relative
5112,Own-child
5112,Wife
18574,Husband
18574,Other-relative
18574,Own-child
18574,Wife
47759,Husband
47759,Not-in-family
47759,Other-relative
47759,Own-child
47759,Unmarried
47759,Wife
42563,Husband
42563,Other-relative
42563,Own-child
42563,Wife
42594,Husband
42594,Other-relative
42594,Own-child
42594,Wife
13398,Husband
13398,Not-in-family
13398,Other-relative
13398,Own-child
13398,Unmarried
13398,Wife
32799,Husband
32799,Not-in-family
32799,Other-relative
32799,Own-child
32799,Unmarried
32799,Wife
13459,Husband
13459,Not-in-family
13459,Other-relative
13459,Own-child
13459,Unmarried
13459,Wife
20665,Husband
20665,Not-in-family
20665,Other-relative
20665,Own-child
20665,Unmarried
20665,Wife
2724,Husband
2724,Not-in-family
2724,Other-relative
2724,Own-child
2724,Unmarried
2724,Wife
29769,Husband
29769,Not-in-family
29769,Other-relative
29769,Own-child
29769,Unmarried
29769,Wife
34115,Husband
34115,Not-in-family
34115,Other-relative
34115,Own-child
34115,Unmarried
34115,Wife
24588,Husband
24588,Not-in-family
24588,Other-relative
24588,Own-child
24588,Unmarried
24588,Wife
14143,Husband
14143,Not-in-family
14143,Other-relative
14143,Own-child
14143,Unmarried
14143,Wife
18135,Husband
18135,Not-in-family
18135,Other-relative
18135,Own-child
18135,Unmarried
18135,Wife
29378,Husband
29378,Not-in-family
29378,Other-relative
29378,Own-child
29378,Unmarried
29378,Wife
45570,Husband
45570,Other-relative
45570,Own-child
45570,Wife
23583,Husband
23583,Not-in-family
23583,Other-relative
23583,Own-child
23583,Unmarried
23583,Wife
6673,Husband
6673,Not-in-family
6673,Other-relative
6673,Own-child
6673,Unmarried
6673,Wife
9434,Not-in-family
9434,Unmarried
21049,Husband
21049,Not-in-family
21049,Other-relative
21049,Own-child
21049,Unmarried
21049,Wife
14690,Husband
14690,Not-in-family
14690,Other-relative
14690,Own-child
14690,Unmarried
14690,Wife
27828,Husband
27828,Not-in-family
27828,Other-relative
27828,Own-child
27828,Unmarried
27828,Wife
45205,Husband
45205,Not-in-family
45205,Other-relative
45205,Own-child
45205,Unmarried
45205,Wife
5018,Not-in-family
5018,Unmarried
35324,Husband
35324,Not-in-family
35324,Other-relative
35324,Own-child
35324,Unmarried
35324,Wife
30949,Not-in-family
30949,Unmarried
1476,Husband
1476,Not-in-family
1476,Other-relative
1476,Own-child
1476,Unmarried
1476,Wife
4591,Husband
4591,Other-relative
4591,Own-child
4591,Wife
30103,Husband
30103,Not-in-family
30103,Other-relative
30103,Own-child
30103,Unmarried
30103,Wife
19567,Husband
19567,Other-relative
19567,Own-child
19567,Wife
10885,Husband
10885,Not-in-family
10885,Other-relative
10885,Own-child
10885,Unmarried
10885,Wife
3095,Husband
3095,Not-in-family
3095,Other-relative
3095,Own-child
3095,Unmarried
3095,Wife
18315,Not-in-family
18315,Unmarried
22156,Husband
22156,Not-in-family
22156,Other-relative
22156,Own-child
22156,Unmarried
22156,Wife
19143,Husband
19143,Not-in-family
19143,Other-relative
19143,Own-child
19143,Unmarried
19143,Wife
12235,Husband
12235,Not-in-family
12235,Other-relative
12235,Own-child
12235,Unmarried
12235,Wife
23053,Not-in-family
23053,Unmarried
30981,Not-in-family
30981,Unmarried
30015,Not-in-family
30015,Unmarried
44649,Husband
44649,Not-in-family
44649,Other-relative
44649,Own-child
44649,Unmarried
44649,Wife
37956,Not-in-family
37956,Unmarried
43701,Husband
43701,Not-in-family
43701,Other-relative
43701,Own-child
43701,Unmarried
43701,Wife
19942,Not-in-family
19942,Unmarried
30989,Not-in-family
30989,Unmarried
24340,Husband
24340,Not-in-family
24340,Other-relative
24340,Own-child
24340,Unmarried
24340,Wife
47551,Husband
47551,Not-in-family
47551,Other-relative
47551,Own-child
47551,Unmarried
47551,Wife
1216,Husband
1216,Not-in-family
1216,Other-relative
1216,Own-child
1216,Unmarried
1216,Wife
18288,Husband
18288,Other-relative
18288,Own-child
18288,Wife
15802,Husband
15802,Not-in-family
15802,Other-relative
15802,Own-child
15802,Unmarried
15802,Wife
46881,Husband
46881,Not-in-family
46881,Other-relative
46881,Own-child
46881,Unmarried
46881,Wife
31458,Husband
31458,Not-in-family
31458,Other-relative
31458,Own-child
31458,Unmarried
31458,Wife
2426,Husband
2426,Other-relative
2426,Own-child
2426,Wife
23119,Husband
23119,Not-in-family
23119,Other-relative
23119,Own-child
23119,Unmarried
23119,Wife
45108,Husband
45108,Not-in-family
45108,Other-relative
45108,Own-child
45108,Unmarried
45108,Wife
41127,Not-in-family
41127,Unmarried
17056,Husband
17056,Other-relative
17056,Own-child
17056,Wife
43694,Husband
43694,Not-in-family
43694,Other-relative
43694,Own-child
43694,Unmarried
43694,Wife
47313,Husband
47313,Not-in-family
47313,Other-relative
47313,Own-child
47313,Unmarried
47313,Wife
4257,Husband
4257,Other-relative
4257,Own-child
4257,Wife
48442,Husband
48442,Not-in-family
48442,Other-relative
48442,Own-child
48442,Unmarried
48442,Wife
6438,Husband
6438,Not-in-family
6438,Other-relative
6438,Own-child
6438,Unmarried
6438,Wife
15924,Husband
15924,Not-in-family
15924,Other-relative
15924,Own-child
15924,Unmarried
15924,Wife
48560,Husband
48560,Not-in-family
48560,Other-relative
48560,Own-child
48560,Unmarried
48560,Wife
19244,Not-in-family
19244,Unmarried
41129,Husband
41129,Not-in-family
41129,Other-relative
41129,Own-child
41129,Unmarried
41129,Wife
22066,Husband
22066,Not-in-family
22066,Other-relative
22066,Own-child
22066,Unmarried
22066,Wife
28410,Husband
28410,Not-in-family
28410,Other-relative
28410,Own-child
28410,Unmarried
28410,Wife
10579,Husband
10579,Not-in-family
10579,Other-relative
10579,Own-child
10579,Unmarried
10579,Wife
1367,Husband
1367,Not-in-family
1367,Other-relative
1367,Own-child
1367,Unmarried
1367,Wife
32516,Not-in-family
32516,Unmarried
34935,Not-in-family
34935,Unmarried
43189,Husband
43189,Not-in-family
43189,Other-relative
43189,Own-child
43189,Unmarried
43189,Wife
14350,Husband
14350,Not-in-family
14350,Other-relative
14350,Own-child
14350,Unmarried
14350,Wife
43526,Husband
43526,Not-in-family
43526,Other-relative
43526,Own-child
43526,Unmarried
43526,Wife
5517,Husband
5517,Other-relative
5517,Own-child
5517,Wife
36237,Husband
36237,Not-in-family
36237,Other-relative
36237,Own-child
36237,Unmarried
36237,Wife
26417,Husband
26417,Not-in-family
26417,Other-relative
26417,Own-child
26417,Unmarried
26417,Wife
42674,Husband
42674,Not-in-family
42674,Other-relative
42674,Own-child
42674,Unmarried
42674,Wife
26706,Husband
26706,Not-in-family
26706,Other-relative
26706,Own-child
26706,Unmarried
26706,Wife
21557,Husband
21557,Other-relative
21557,Own-child
21557,Wife
7789,Not-in-family
7789,Unmarried
32982,Not-in-family
32982,Unmarried
4839,Husband
4839,Not-in-family
4839,Other-relative
4839,Own-child
4839,Unmarried
4839,Wife
28067,Husband
28067,Not-in-family
28067,Other-relative
28067,Own-child
28067,Unmarried
28067,Wife
40098,Husband
40098,Other-relative
40098,Own-child
40098,Wife
20600,Husband
20600,Not-in-family
20600,Other-relative
20600,Own-child
20600,Unmarried
20600,Wife
45872,Not-in-family
45872,Unmarried
17041,Husband
17041,Not-in-family
17041,Other-relative
17041,Own-child
17041,Unmarried
17041,Wife
2287,Husband
2287,Other-relative
2287,Own-child
2287,Wife
10130,Husband
10130,Not-in-family
10130,Other-relative
10130,Own-child
10130,Unmarried
10130,Wife
3389,Husband
3389,Other-relative
3389,Own-child
3389,Wife
22886,Not-in-family
22886,Unmarried
34163,Husband
34163,Not-in-family
34163,Other-relative
34163,Own-child
34163,Unmarried
34163,Wife
12050,Husband
12050,Not-in-family
12050,Other-relative
12050,Own-child
12050,Unmarried
12050,Wife
23999,Husband
23999,Not-in-family
23999,Other-relative
23999,Own-child
23999,Unmarried
23999,Wife
1107,Husband
1107,Not-in-family
1107,Other-relative
1107,Own-child
1107,Unmarried
1107,Wife
16696,Husband
16696,Not-in-family
16696,Other-relative
16696,Own-child
16696,Unmarried
16696,Wife
43013,Husband
43013,Other-relative
43013,Own-child
43013,Wife
6443,Husband
6443,Other-relative
6443,Own-child
6443,Wife
9315,Husband
9315,Not-in-family
9315,Other-relative
9315,Own-child
9315,Unmarried
9315,Wife
29485,Not-in-family
29485,Unmarried
29892,Husband
29892,Not-in-family
29892,Other-relative
29892,Own-child
29892,Unmarried
29892,Wife
36900,Not-in-family
36900,Unmarried
42565,Husband
42565,Other-relative
42565,Own-child
42565,Wife
46599,Husband
46599,Not-in-family
46599,Other-relative
46599,Own-child
46599,Unmarried
46599,Wife
43433,Husband
43433,Not-in-family
43433,Other-relative
43433,Own-child
43433,Unmarried
43433,Wife
9259,Husband
9259,Not-in-family
9259,Other-relative
9259,Own-child
9259,Unmarried
9259,Wife
9666,Husband
9666,Not-in-family
9666,Other-relative
9666,Own-child
9666,Unmarried
9666,Wife
46403,Husband
46403,Other-relative
46403,Own-child
46403,Wife
48237,Husband
48237,Not-in-family
48237,Other-relative
48237,Own-child
48237,Unmarried
48237,Wife
11834,Husband
11834,Not-in-family
11834,Other-relative
11834,Own-child
11834,Unmarried
11834,Wife
39061,Husband
39061,Other-relative
39061,Own-child
39061,Wife
39152,Husband
39152,Not-in-family
39152,Other-relative
39152,Own-child
39152,Unmarried
39152,Wife
19888,Husband
19888,Not-in-family
19888,Other-relative
19888,Own-child
19888,Unmarried
19888,Wife
16357,Husband
16357,Not-in-family
16357,Other-relative
16357,Own-child
16357,Unmarried
16357,Wife
40756,Husband
40756,Not-in-family
40756,Other-relative
40756,Own-child
40756,Unmarried
40756,Wife
21985,Not-in-family
21985,Unmarried
13575,Husband
13575,Other-relative
13575,Own-child
13575,Wife
31333,Husband
31333,Other-relative
31333,Own-child
31333,Wife
33551,Husband
33551,Other-relative
33551,Own-child
33551,Wife
8670,Husband
8670,Other-relative
8670,Own-child
8670,Wife
24825,Husband
24825,Other-relative
24825,Own-child
24825,Wife
16816,Husband
16816,Not-in-family
16816,Other-relative
16816,Own-child
16816,Unmarried
16816,Wife
15183,Husband
15183,Other-relative
15183,Own-child
15183,Wife
35648,Husband
35648,Not-in-family
35648,Other-relative
35648,Own-child
35648,Unmarried
35648,Wife
13071,Husband
13071,Other-relative
13071,Own-child
13071,Wife
38433,Not-in-family
38433,Unmarried
36860,Husband
36860,Not-in-family
36860,Other-relative
36860,Own-child
36860,Unmarried
36860,Wife
17003,Husband
17003,Not-in-family
17003,Other-relative
17003,Own-child
17003,Unmarried
17003,Wife
46077,Not-in-family
46077,Unmarried
42067,Husband
42067,Not-in-family
42067,Other-relative
42067,Own-child
42067,Unmarried
42067,Wife
27477,Husband
27477,Not-in-family
27477,Other-relative
27477,Own-child
27477,Unmarried
27477,Wife
10725,Husband
10725,Not-in-family
10725,Other-relative
10725,Own-child
10725,Unmarried
10725,Wife
43457,Husband
43457,Not-in-family
43457,Other-relative
43457,Own-child
43457,Unmarried
43457,Wife
25141,Husband
25141,Other-relative
25141,Own-child
25141,Wife
11784,Husband
11784,Other-relative
11784,Own-child
11784,Wife
41646,Not-in-family
41646,Unmarried
17796,Husband
17796,Other-relative
17796,Own-child
17796,Wife
41162,Husband
41162,Not-in-family
41162,Other-relative
41162,Own-child
41162,Unmarried
41162,Wife
11061,Husband
11061,Not-in-family
11061,Other-relative
11061,Own-child
11061,Unmarried
11061,Wife
42159,Not-in-family
42159,Unmarried
12342,Husband
12342,Not-in-family
12342,Other-relative
12342,Own-child
12342,Unmarried
12342,Wife
21706,Husband
21706,Other-relative
21706,Own-child
21706,Wife
14111,Not-in-family
14111,Unmarried
38298,Husband
38298,Other-relative
38298,Own-child
38298,Wife
47760,Husband
47760,Other-relative
47760,Own-child
47760,Wife
7299,Husband
7299,Not-in-family
7299,Other-relative
7299,Own-child
7299,Unmarried
7299,Wife
43652,Husband
43652,Other-relative
43652,Own-child
43652,Wife
14612,Husband
14612,Other-relative
14612,Own-child
14612,Wife
36119,Not-in-family
36119,Unmarried
5441,Husband
5441,Other-relative
5441,Own-child
5441,Wife
41146,Husband
41146,Not-in-family
41146,Other-relative
41146,Own-child
41146,Unmarried
41146,Wife
47327,Husband
47327,Not-in-family
47327,Other-relative
47327,Own-child
47327,Unmarried
47327,Wife
11224,Husband
11224,Not-in-family
11224,Other-relative
11224,Own-child
11224,Unmarried
11224,Wife
25561,Husband
25561,Not-in-family
25561,Other-relative
25561,Own-child
25561,Unmarried
25561,Wife
32076,Husband
32076,Not-in-family
32076,Other-relative
32076,Own-child
32076,Unmarried
32076,Wife
23864,Husband
23864,Not-in-family
23864,Other-relative
23864,Own-child
23864,Unmarried
23864,Wife
21177,Husband
21177,Other-relative
21177,Own-child
21177,Wife
25468,Husband
25468,Not-in-family
25468,Other-relative
25468,Own-child
25468,Unmarried
25468,Wife
18592,Husband
18592,Other-relative
18592,Own-child
18592,Wife
30136,Husband
30136,Other-relative
30136,Own-child
30136,Wife
6565,Husband
6565,Not-in-family
6565,Other-relative
6565,Own-child
6565,Unmarried
6565,Wife
14100,Not-in-family
14100,Unmarried
20449,Husband
20449,Not-in-family
20449,Other-relative
20449,Own-child
20449,Unmarried
20449,Wife
30294,Husband
30294,Not-in-family
30294,Other-relative
30294,Own-child
30294,Unmarried
30294,Wife
11626,Husband
11626,Other-relative
11626,Own-child
11626,Wife
39364,Husband
39364,Not-in-family
39364,Other-relative
39364,Own-child
39364,Unmarried
39364,Wife
9726,Husband
9726,Not-in-family
9726,Other-relative
9726,Own-child
9726,Unmarried
9726,Wife
7270,Husband
7270,Not-in-family
7270,Other-relative
7270,Own-child
7270,Unmarried
7270,Wife
3983,Husband
3983,Other-relative
3983,Own-child
3983,Wife
3193,Not-in-family
3193,Unmarried
46561,Husband
46561,Other-relative
46561,Own-child
46561,Wife
31196,Husband
31196,Not-in-family
31196,Other-relative
31196,Own-child
31196,Unmarried
31196,Wife
22516,Husband
22516,Other-relative
22516,Own-child
22516,Wife
10767,Husband
10767,Not-in-family
10767,Other-relative
10767,Own-child
10767,Unmarried
10767,Wife
39562,Not-in-family
39562,Unmarried
46124,Husband
46124,Other-relative
46124,Own-child
46124,Wife
12961,Husband
12961,Not-in-family
12961,Other-relative
12961,Own-child
12961,Unmarried
12961,Wife
17233,Husband
17233,Not-in-family
17233,Other-relative
17233,Own-child
17233,Unmarried
17233,Wife
16326,Husband
16326,Not-in-family
16326,Other-relative
16326,Own-child
16326,Unmarried
16326,Wife
1501,Husband
1501,Not-in-family
1501,Other-relative
1501,Own-child
1501,Unmarried
1501,Wife
38989,Not-in-family
38989,Unmarried
4457,Husband
4457,Other-relative
4457,Own-child
4457,Wife
32897,Not-in-family
32897,Unmarried
22141,Not-in-family
22141,Unmarried
5860,Husband
5860,Other-relative
5860,Own-child
5860,Wife
6568,Husband
6568,Not-in-family
6568,Other-relative
6568,Own-child
6568,Unmarried
6568,Wife
9773,Husband
9773,Not-in-family
9773,Other-relative
9773,Own-child
9773,Unmarried
9773,Wife
14764,Husband
14764,Not-in-family
14764,Other-relative
14764,Own-child
14764,Unmarried
14764,Wife
34093,Husband
34093,Not-in-family
34093,Other-relative
34093,Own-child
34093,Unmarried
34093,Wife
28104,Not-in-family
28104,Unmarried
2049,Husband
2049,Other-relative
2049,Own-child
2049,Wife
33251,Husband
33251,Other-relative
33251,Own-child
33251,Wife
31483,Husband
31483,Other-relative
31483,Own-child
31483,Wife
22450,Husband
22450,Not-in-family
22450,Other-relative
22450,Own-child
22450,Unmarried
22450,Wife
17377,Husband
17377,Not-in-family
17377,Other-relative
17377,Own-child
17377,Unmarried
17377,Wife
10385,Husband
10385,Other-relative
10385,Own-child
10385,Wife
47297,Husband
47297,Other-relative
47297,Own-child
47297,Wife
41793,Husband
41793,Not-in-family
41793,Other-relative
41793,Own-child
41793,Unmarried
41793,Wife
18151,Husband
18151,Not-in-family
18151,Other-relative
18151,Own-child
18151,Unmarried
18151,Wife
44800,Husband
44800,Other-relative
44800,Own-child
44800,Wife
43537,Husband
43537,Not-in-family
43537,Other-relative
43537,Own-child
43537,Unmarried
43537,Wife
8417,Not-in-family
8417,Unmarried
34053,Husband
34053,Not-in-family
34053,Other-relative
34053,Own-child
34053,Unmarried
34053,Wife
29972,Husband
29972,Other-relative
29972,Own-child
29972,Wife
18570,Not-in-family
18570,Unmarried
8852,Husband
8852,Not-in-family
8852,Other-relative
8852,Own-child
8852,Unmarried
8852,Wife
13707,Husband
13707,Other-relative
13707,Own-child
13707,Wife
10215,Husband
10215,Not-in-family
10215,Other-relative
10215,Own-child
10215,Unmarried
10215,Wife
14443,Husband
14443,Not-in-family
14443,Other-relative
14443,Own-child
14443,Unmarried
14443,Wife
35869,Husband
35869,Not-in-family
35869,Other-relative
35869,Own-child
35869,Unmarried
35869,Wife
3479,Husband
3479,Not-in-family
3479,Other-relative
3479,Own-child
3479,Unmarried
3479,Wife
25979,Not-in-family
25979,Unmarried
11082,Husband
11082,Not-in-family
11082,Other-relative
11082,Own-child
11082,Unmarried
11082,Wife
32242,Husband
32242,Not-in-family
32242,Other-relative
32242,Own-child
32242,Unmarried
32242,Wife
2410,Husband
2410,Other-relative
2410,Own-child
2410,Wife
14998,Husband
14998,Other-relative
14998,Own-child
14998,Wife
34130,Husband
34130,Not-in-family
34130,Other-relative
34130,Own-child
34130,Unmarried
34130,Wife
9642,Husband
9642,Other-relative
9642,Own-child
9642,Wife
42490,Husband
42490,Other-relative
42490,Own-child
42490,Wife
18944,Husband
18944,Not-in-family
18944,Other-relative
18944,Own-child
18944,Unmarried
18944,Wife
33313,Husband
33313,Not-in-family
33313,Other-relative
33313,Own-child
33313,Unmarried
33313,Wife
36886,Husband
36886,Other-relative
36886,Own-child
36886,Wife
38590,Husband
38590,Other-relative
38590,Own-child
38590,Wife
31539,Not-in-family
31539,Unmarried
46684,Not-in-family
46684,Unmarried
5148,Husband
5148,Not-in-family
5148,Other-relative
5148,Own-child
5148,Unmarried
5148,Wife
807,Husband
807,Not-in-family
807,Other-relative
807,Own-child
807,Unmarried
807,Wife
36379,Not-in-family
36379,Unmarried
4751,Husband
4751,Other-relative
4751,Own-child
4751,Wife
3337,Husband
3337,Not-in-family
3337,Other-relative
3337,Own-child
3337,Unmarried
3337,Wife
42800,Husband
42800,Other-relative
42800,Own-child
42800,Wife
32755,Husband
32755,Not-in-family
32755,Other-relative
32755,Own-child
32755,Unmarried
32755,Wife
30381,Not-in-family
30381,Unmarried
16345,Not-in-family
16345,Unmarried
23435,Husband
23435,Not-in-family
23435,Other-relative
23435,Own-child
23435,Unmarried
23435,Wife
48057,Not-in-family
48057,Unmarried
25274,Husband
25274,Other-relative
25274,Own-child
25274,Wife
3101,Husband
3101,Other-relative
3101,Own-child
3101,Wife
27643,Husband
27643,Not-in-family
27643,Other-relative
27643,Own-child
27643,Unmarried
27643,Wife
32751,Husband
32751,Not-in-family
32751,Other-relative
32751,Own-child
32751,Unmarried
32751,Wife
18772,Not-in-family
18772,Unmarried
26593,Husband
26593,Not-in-family
26593,Other-relative
26593,Own-child
26593,Unmarried
26593,Wife
47726,Husband
47726,Other-relative
47726,Own-child
47726,Wife
15506,Husband
15506,Not-in-family
15506,Other-relative
15506,Own-child
15506,Unmarried
15506,Wife
47464,Husband
47464,Not-in-family
47464,Other-relative
47464,Own-child
47464,Unmarried
47464,Wife
32590,Not-in-family
32590,Unmarried
11612,Husband
11612,Not-in-family
11612,Other-relative
11612,Own-child
11612,Unmarried
11612,Wife
20804,Husband
20804,Not-in-family
20804,Other-relative
20804,Own-child
20804,Unmarried
20804,Wife
26941,Husband
26941,Other-relative
26941,Own-child
26941,Wife
22512,Husband
22512,Other-relative
22512,Own-child
22512,Wife
15054,Husband
15054,Not-in-family
15054,Other-relative
15054,Own-child
15054,Unmarried
15054,Wife
38192,Husband
38192,Not-in-family
38192,Other-relative
38192,Own-child
38192,Unmarried
38192,Wife
28911,Husband
28911,Other-relative
28911,Own-child
28911,Wife
20509,Husband
20509,Not-in-family
20509,Other-relative
20509,Own-child
20509,Unmarried
20509,Wife
9240,Husband
9240,Not-in-family
9240,Other-relative
9240,Own-child
9240,Unmarried
9240,Wife
12653,Not-in-family
12653,Unmarried
32709,Husband
32709,Not-in-family
32709,Other-relative
32709,Own-child
32709,Unmarried
32709,Wife
7258,Husband
7258,Not-in-family
7258,Other-relative
7258,Own-child
7258,Unmarried
7258,Wife
30788,Husband
30788,Other-relative
30788,Own-child
30788,Wife
21907,Husband
21907,Other-relative
21907,Own-child
21907,Wife
48521,Husband
48521,Other-relative
48521,Own-child
48521,Wife
6826,Husband
6826,Not-in-family
6826,Other-relative
6826,Own-child
6826,Unmarried
6826,Wife
1783,Husband
1783,Other-relative
1783,Own-child
1783,Wife
17576,Husband
17576,Not-in-family
17576,Other-relative
17576,Own-child
17576,Unmarried
17576,Wife
10590,Husband
10590,Not-in-family
10590,Other-relative
10590,Own-child
10590,Unmarried
10590,Wife
142,Husband
142,Not-in-family
142,Other-relative
142,Own-child
142,Unmarried
142,Wife
19535,Not-in-family
19535,Unmarried
31258,Husband
31258,Other-relative
31258,Own-child
31258,Wife
17839,Husband
17839,Other-relative
17839,Own-child
17839,Wife
23667,Husband
23667,Not-in-family
23667,Other-relative
23667,Own-child
23667,Unmarried
23667,Wife
45003,Husband
45003,Not-in-family
45003,Other-relative
45003,Own-child
45003,Unmarried
45003,Wife
9220,Not-in-family
9220,Unmarried
5409,Not-in-family
5409,Unmarried
40868,Husband
40868,Not-in-family
40868,Other-relative
40868,Own-child
40868,Unmarried
40868,Wife
18075,Husband
18075,Not-in-family
18075,Other-relative
18075,Own-child
18075,Unmarried
18075,Wife
46097,Husband
46097,Not-in-family
46097,Other-relative
46097,Own-child
46097,Unmarried
46097,Wife
35597,Husband
35597,Not-in-family
35597,Other-relative
35597,Own-child
35597,Unmarried
35597,Wife
11084,Husband
11084,Not-in-family
11084,Other-relative
11084,Own-child
11084,Unmarried
11084,Wife
9239,Husband
9239,Other-relative
9239,Own-child
9239,Wife
14212,Husband
14212,Not-in-family
14212,Other-relative
14212,Own-child
14212,Unmarried
14212,Wife
42792,Husband
42792,Other-relative
42792,Own-child
42792,Wife
11110,Not-in-family
11110,Unmarried
14652,Husband
14652,Not-in-family
14652,Other-relative
14652,Own-child
14652,Unmarried
14652,Wife
35551,Husband
35551,Other-relative
35551,Own-child
35551,Wife
25564,Not-in-family
25564,Unmarried
223,Husband
223,Other-relative
223,Own-child
223,Wife
26274,Husband
26274,Not-in-family
26274,Other-relative
26274,Own-child
26274,Unmarried
26274,Wife
41056,Husband
41056,Not-in-family
41056,Other-relative
41056,Own-child
41056,Unmarried
41056,Wife
29619,Husband
29619,Other-relative
29619,Own-child
29619,Wife
18025,Husband
18025,Not-in-family
18025,Other-relative
18025,Own-child
18025,Unmarried
18025,Wife
11107,Husband
11107,Not-in-family
11107,Other-relative
11107,Own-child
11107,Unmarried
11107,Wife
47600,Husband
47600,Not-in-family
47600,Other-relative
47600,Own-child
47600,Unmarried
47600,Wife
10993,Husband
10993,Not-in-family
10993,Other-relative
10993,Own-child
10993,Unmarried
10993,Wife
46682,Husband
46682,Other-relative
46682,Own-child
46682,Wife
29473,Husband
29473,Other-relative
29473,Own-child
29473,Wife
37438,Husband
37438,Not-in-family
37438,Other-relative
37438,Own-child
37438,Unmarried
37438,Wife
25932,Husband
25932,Not-in-family
25932,Other-relative
25932,Own-child
25932,Unmarried
25932,Wife
41141,Husband
41141,Not-in-family
41141,Other-relative
41141,Own-child
41141,Unmarried
41141,Wife
33296,Husband
33296,Other-relative
33296,Own-child
33296,Wife
40179,Husband
40179,Not-in-family
40179,Other-relative
40179,Own-child
40179,Unmarried
40179,Wife
14828,Husband
14828,Not-in-family
14828,Other-relative
14828,Own-child
14828,Unmarried
14828,Wife
5155,Husband
5155,Not-in-family
5155,Other-relative
5155,Own-child
5155,Unmarried
5155,Wife
29689,Husband
29689,Other-relative
29689,Own-child
29689,Wife
42754,Husband
42754,Other-relative
42754,Own-child
42754,Wife
35799,Husband
35799,Other-relative
35799,Own-child
35799,Wife
1545,Husband
1545,Other-relative
1545,Own-child
1545,Wife
18520,Husband
18520,Not-in-family
18520,Other-relative
18520,Own-child
18520,Unmarried
18520,Wife
35007,Husband
35007,Not-in-family
35007,Other-relative
35007,Own-child
35007,Unmarried
35007,Wife
18063,Husband
18063,Not-in-family
18063,Other-relative
18063,Own-child
18063,Unmarried
18063,Wife
25236,Husband
25236,Not-in-family
25236,Other-relative
25236,Own-child
25236,Unmarried
25236,Wife
10865,Husband
10865,Not-in-family
10865,Other-relative
10865,Own-child
10865,Unmarried
10865,Wife
37844,Husband
37844,Other-relative
37844,Own-child
37844,Wife
46475,Husband
46475,Other-relative
46475,Own-child
46475,Wife
8588,Husband
8588,Other-relative
8588,Own-child
8588,Wife
17962,Husband
17962,Other-relative
17962,Own-child
17962,Wife
47543,Not-in-family
47543,Unmarried
22810,Husband
22810,Other-relative
22810,Own-child
22810,Wife
34558,Husband
34558,Not-in-family
34558,Other-relative
34558,Own-child
34558,Unmarried
34558,Wife
41501,Husband
41501,Other-relative
41501,Own-child
41501,Wife
20533,Husband
20533,Not-in-family
20533,Other-relative
20533,Own-child
20533,Unmarried
20533,Wife
29971,Husband
29971,Other-relative
29971,Own-child
29971,Wife
21780,Husband
21780,Not-in-family
21780,Other-relative
21780,Own-child
21780,Unmarried
21780,Wife
1743,Husband
1743,Other-relative
1743,Own-child
1743,Wife
28390,Husband
28390,Other-relative
28390,Own-child
28390,Wife
5059,Not-in-family
5059,Unmarried
8036,Husband
8036,Not-in-family
8036,Other-relative
8036,Own-child
8036,Unmarried
8036,Wife
14705,Husband
14705,Not-in-family
14705,Other-relative
14705,Own-child
14705,Unmarried
14705,Wife
9272,Husband
9272,Other-relative
9272,Own-child
9272,Wife
47633,Husband
47633,Not-in-family
47633,Other-relative
47633,Own-child
47633,Unmarried
47633,Wife
173,Not-in-family
173,Unmarried
26162,Husband
26162,Other-relative
26162,Own-child
26162,Wife
12294,Not-in-family
12294,Unmarried
44783,Husband
44783,Not-in-family
44783,Other-relative
44783,Own-child
44783,Unmarried
44783,Wife
18163,Husband
18163,Not-in-family
18163,Other-relative
18163,Own-child
18163,Unmarried
18163,Wife
1369,Husband
1369,Not-in-family
1369,Other-relative
1369,Own-child
1369,Unmarried
1369,Wife
21750,Husband
21750,Other-relative
21750,Own-child
21750,Wife
22832,Husband
22832,Not-in-family
22832,Other-relative
22832,Own-child
22832,Unmarried
22832,Wife
14832,Husband
14832,Other-relative
14832,Own-child
14832,Wife
43059,Husband
43059,Not-in-family
43059,Other-relative
43059,Own-child
43059,Unmarried
43059,Wife
14228,Husband
14228,Not-in-family
14228,Other-relative
14228,Own-child
14228,Unmarried
14228,Wife
11373,Husband
11373,Other-relative
11373,Own-child
11373,Wife
21236,Husband
21236,Other-relative
21236,Own-child
21236,Wife
5546,Not-in-family
5546,Unmarried
6621,Not-in-family
6621,Unmarried
24126,Husband
24126,Not-in-family
24126,Other-relative
24126,Own-child
24126,Unmarried
24126,Wife
27862,Husband
27862,Not-in-family
27862,Other-relative
27862,Own-child
27862,Unmarried
27862,Wife
41012,Husband
41012,Not-in-family
41012,Other-relative
41012,Own-child
41012,Unmarried
41012,Wife
31389,Husband
31389,Other-relative
31389,Own-child
31389,Wife
10325,Husband
10325,Other-relative
10325,Own-child
10325,Wife
40378,Not-in-family
40378,Unmarried
39328,Husband
39328,Not-in-family
39328,Other-relative
39328,Own-child
39328,Unmarried
39328,Wife
11559,Not-in-family
11559,Unmarried
45668,Husband
45668,Not-in-family
45668,Other-relative
45668,Own-child
45668,Unmarried
45668,Wife
17966,Husband
17966,Other-relative
17966,Own-child
17966,Wife
36810,Husband
36810,Not-in-family
36810,Other-relative
36810,Own-child
36810,Unmarried
36810,Wife
4535,Husband
4535,Other-relative
4535,Own-child
4535,Wife
33586,Husband
33586,Not-in-family
33586,Other-relative
33586,Own-child
33586,Unmarried
33586,Wife
4815,Husband
4815,Not-in-family
4815,Other-relative
4815,Own-child
4815,Unmarried
4815,Wife
9627,Husband
9627,Not-in-family
9627,Other-relative
9627,Own-child
9627,Unmarried
9627,Wife
40341,Not-in-family
40341,Unmarried
15265,Not-in-family
15265,Unmarried
8495,Husband
8495,Other-relative
8495,Own-child
8495,Wife
11019,Not-in-family
11019,Unmarried
18020,Husband
18020,Not-in-family
18020,Other-relative
18020,Own-child
18020,Unmarried
18020,Wife
37588,Husband
37588,Other-relative
37588,Own-child
37588,Wife
53,Not-in-family
53,Unmarried
47946,Husband
47946,Not-in-family
47946,Other-relative
47946,Own-child
47946,Unmarried
47946,Wife
21055,Not-in-family
21055,Unmarried
25975,Husband
25975,Not-in-family
25975,Other-relative
25975,Own-child
25975,Unmarried
25975,Wife
43087,Husband
43087,Other-relative
43087,Own-child
43087,Wife
28696,Husband
28696,Not-in-family
28696,Other-relative
28696,Own-child
28696,Unmarried
28696,Wife
8478,Husband
8478,Other-relative
8478,Own-child
8478,Wife
537,Not-in-family
537,Unmarried
35574,Husband
35574,Other-relative
35574,Own-child
35574,Wife
24395,Husband
24395,Not-in-family
24395,Other-relative
24395,Own-child
24395,Unmarried
24395,Wife
35790,Husband
35790,Not-in-family
35790,Other-relative
35790,Own-child
35790,Unmarried
35790,Wife
47294,Husband
47294,Other-relative
47294,Own-child
47294,Wife
46014,Husband
46014,Not-in-family
46014,Other-relative
46014,Own-child
46014,Unmarried
46014,Wife
18150,Not-in-family
18150,Unmarried
26083,Husband
26083,Not-in-family
26083,Other-relative
26083,Own-child
26083,Unmarried
26083,Wife
3106,Husband
3106,Other-relative
3106,Own-child
3106,Wife
709,Husband
709,Other-relative
709,Own-child
709,Wife
10523,Husband
10523,Other-relative
10523,Own-child
10523,Wife
41610,Husband
41610,Other-relative
41610,Own-child
41610,Wife
35712,Husband
35712,Not-in-family
35712,Other-relative
35712,Own-child
35712,Unmarried
35712,Wife
40729,Husband
40729,Other-relative
40729,Own-child
40729,Wife
29491,Husband
29491,Not-in-family
29491,Other-relative
29491,Own-child
29491,Unmarried
29491,Wife
35949,Husband
35949,Other-relative
35949,Own-child
35949,Wife
36097,Husband
36097,Other-relative
36097,Own-child
36097,Wife
31402,Not-in-family
31402,Unmarried
27381,Husband
27381,Not-in-family
27381,Other-relative
27381,Own-child
27381,Unmarried
27381,Wife
10737,Husband
10737,Other-relative
10737,Own-child
10737,Wife
29711,Husband
29711,Other-relative
29711,Own-child
29711,Wife
12302,Husband
12302,Not-in-family
12302,Other-relative
12302,Own-child
12302,Unmarried
12302,Wife
26987,Husband
26987,Other-relative
26987,Own-child
26987,Wife
16393,Husband
16393,Not-in-family
16393,Other-relative
16393,Own-child
16393,Unmarried
16393,Wife
48043,Husband
48043,Not-in-family
48043,Other-relative
48043,Own-child
48043,Unmarried
48043,Wife
18645,Husband
18645,Other-relative
18645,Own-child
18645,Wife
35943,Husband
35943,Not-in-family
35943,Other-relative
35943,Own-child
35943,Unmarried
35943,Wife
45846,Husband
45846,Not-in-family
45846,Other-relative
45846,Own-child
45846,Unmarried
45846,Wife
42796,Husband
42796,Other-relative
42796,Own-child
42796,Wife
24064,Husband
24064,Other-relative
24064,Own-child
24064,Wife
18351,Husband
18351,Not-in-family
18351,Other-relative
18351,Own-child
18351,Unmarried
18351,Wife
25857,Husband
25857,Not-in-family
25857,Other-relative
25857,Own-child
25857,Unmarried
25857,Wife
5541,Husband
5541,Not-in-family
5541,Other-relative
5541,Own-child
5541,Unmarried
5541,Wife
36263,Husband
36263,Not-in-family
36263,Other-relative
36263,Own-child
36263,Unmarried
36263,Wife
18139,Husband
18139,Not-in-family
18139,Other-relative
18139,Own-child
18139,Unmarried
18139,Wife
7339,Husband
7339,Other-relative
7339,Own-child
7339,Wife
1242,Husband
1242,Not-in-family
1242,Other-relative
1242,Own-child
1242,Unmarried
1242,Wife
36416,Husband
36416,Not-in-family
36416,Other-relative
36416,Own-child
36416,Unmarried
36416,Wife
22177,Not-in-family
22177,Unmarried
47029,Not-in-family
47029,Unmarried
27599,Husband
27599,Not-in-family
27599,Other-relative
27599,Own-child
27599,Unmarried
27599,Wife
11090,Not-in-family
11090,Unmarried
45698,Husband
45698,Not-in-family
45698,Other-relative
45698,Own-child
45698,Unmarried
45698,Wife
5693,Husband
5693,Not-in-family
5693,Other-relative
5693,Own-child
5693,Unmarried
5693,Wife
9859,Husband
9859,Other-relative
9859,Own-child
9859,Wife
1495,Husband
1495,Other-relative
1495,Own-child
1495,Wife
48674,Not-in-family
48674,Unmarried
8965,Husband
8965,Not-in-family
8965,Other-relative
8965,Own-child
8965,Unmarried
8965,Wife
8620,Husband
8620,Other-relative
8620,Own-child
8620,Wife
32337,Not-in-family
32337,Unmarried
27807,Not-in-family
27807,Unmarried
24961,Husband
24961,Not-in-family
24961,Other-relative
24961,Own-child
24961,Unmarried
24961,Wife
14078,Husband
14078,Other-relative
14078,Own-child
14078,Wife
12980,Husband
12980,Other-relative
12980,Own-child
12980,Wife
27901,Husband
27901,Not-in-family
27901,Other-relative
27901,Own-child
27901,Unmarried
27901,Wife
26168,Husband
26168,Not-in-family
26168,Other-relative
26168,Own-child
26168,Unmarried
26168,Wife
41136,Husband
41136,Other-relative
41136,Own-child
41136,Wife
46070,Not-in-family
46070,Unmarried
7275,Husband
7275,Not-in-family
7275,Other-relative
7275,Own-child
7275,Unmarried
7275,Wife
9980,Not-in-family
9980,Unmarried
42139,Husband
42139,Not-in-family
42139,Other-relative
42139,Own-child
42139,Unmarried
42139,Wife
28462,Husband
28462,Not-in-family
28462,Other-relative
28462,Own-child
28462,Unmarried
28462,Wife
38741,Husband
38741,Not-in-family
38741,Other-relative
38741,Own-child
38741,Unmarried
38741,Wife
36170,Husband
36170,Other-relative
36170,Own-child
36170,Wife
39993,Husband
39993,Other-relative
39993,Own-child
39993,Wife
10067,Husband
10067,Not-in-family
10067,Other-relative
10067,Own-child
10067,Unmarried
10067,Wife
23973,Husband
23973,Other-relative
23973,Own-child
23973,Wife
9906,Husband
9906,Other-relative
9906,Own-child
9906,Wife
43281,Husband
43281,Other-relative
43281,Own-child
43281,Wife
41682,Husband
41682,Not-in-family
41682,Other-relative
41682,Own-child
41682,Unmarried
41682,Wife
22099,Not-in-family
22099,Unmarried
45914,Husband
45914,Not-in-family
45914,Other-relative
45914,Own-child
45914,Unmarried
45914,Wife
8174,Husband
8174,Not-in-family
8174,Other-relative
8174,Own-child
8174,Unmarried
8174,Wife
39347,Husband
39347,Not-in-family
39347,Other-relative
39347,Own-child
39347,Unmarried
39347,Wife
45030,Husband
45030,Other-relative
45030,Own-child
45030,Wife
29418,Husband
29418,Other-relative
29418,Own-child
29418,Wife
36606,Husband
36606,Other-relative
36606,Own-child
36606,Wife
39529,Not-in-family
39529,Unmarried
24630,Husband
24630,Other-relative
24630,Own-child
24630,Wife
45350,Husband
45350,Not-in-family
45350,Other-relative
45350,Own-child
45350,Unmarried
45350,Wife
28492,Husband
28492,Other-relative
28492,Own-child
28492,Wife
30927,Husband
30927,Other-relative
30927,Own-child
30927,Wife
17389,Husband
17389,Not-in-family
17389,Other-relative
17389,Own-child
17389,Unmarried
17389,Wife
24223,Husband
24223,Not-in-family
24223,Other-relative
24223,Own-child
24223,Unmarried
24223,Wife
737,Husband
737,Not-in-family
737,Other-relative
737,Own-child
737,Unmarried
737,Wife
27633,Husband
27633,Not-in-family
27633,Other-relative
27633,Own-child
27633,Unmarried
27633,Wife
19970,Husband
19970,Other-relative
19970,Own-child
19970,Wife
9621,Husband
9621,Not-in-family
9621,Other-relative
9621,Own-child
9621,Unmarried
9621,Wife
46437,Not-in-family
46437,Unmarried
31757,Not-in-family
31757,Unmarried
23459,Husband
23459,Other-relative
23459,Own-child
23459,Wife
48787,Husband
48787,Other-relative
48787,Own-child
48787,Wife
25232,Not-in-family
25232,Unmarried
47828,Husband
47828,Other-relative
47828,Own-child
47828,Wife
1267,Husband
1267,Other-relative
1267,Own-child
1267,Wife
4444,Husband
4444,Other-relative
4444,Own-child
4444,Wife
45721,Not-in-family
45721,Unmarried
4995,Husband
4995,Not-in-family
4995,Other-relative
4995,Own-child
4995,Unmarried
4995,Wife
41481,Husband
41481,Not-in-family
41481,Other-relative
41481,Own-child
41481,Unmarried
41481,Wife
3488,Not-in-family
3488,Unmarried
681,Husband
681,Not-in-family
681,Other-relative
681,Own-child
681,Unmarried
681,Wife
1156,Husband
1156,Other-relative
1156,Own-child
1156,Wife
26116,Husband
26116,Not-in-family
26116,Other-relative
26116,Own-child
26116,Unmarried
26116,Wife
16373,Husband
16373,Not-in-family
16373,Other-relative
16373,Own-child
16373,Unmarried
16373,Wife
904,Husband
904,Not-in-family
904,Other-relative
904,Own-child
904,Unmarried
904,Wife
4808,Husband
4808,Other-relative
4808,Own-child
4808,Wife
26821,Husband
26821,Not-in-family
26821,Other-relative
26821,Own-child
26821,Unmarried
26821,Wife
16127,Husband
16127,Not-in-family
16127,Other-relative
16127,Own-child
16127,Unmarried
16127,Wife
35228,Husband
35228,Other-relative
35228,Own-child
35228,Wife
12776,Not-in-family
12776,Unmarried
46774,Husband
46774,Not-in-family
46774,Other-relative
46774,Own-child
46774,Unmarried
46774,Wife
43208,Husband
43208,Other-relative
43208,Own-child
43208,Wife
27813,Husband
27813,Not-in-family
27813,Other-relative
27813,Own-child
27813,Unmarried
27813,Wife
45738,Not-in-family
45738,Unmarried
21257,Husband
21257,Other-relative
21257,Own-child
21257,Wife
31543,Husband
31543,Not-in-family
31543,Other-relative
31543,Own-child
31543,Unmarried
31543,Wife
32430,Husband
32430,Other-relative
32430,Own-child
32430,Wife
28083,Husband
28083,Other-relative
28083,Own-child
28083,Wife
9143,Husband
9143,Other-relative
9143,Own-child
9143,Wife
42657,Husband
42657,Not-in-family
42657,Other-relative
42657,Own-child
42657,Unmarried
42657,Wife
46196,Husband
46196,Other-relative
46196,Own-child
46196,Wife
4107,Not-in-family
4107,Unmarried
17830,Not-in-family
17830,Unmarried
3621,Husband
3621,Not-in-family
3621,Other-relative
3621,Own-child
3621,Unmarried
3621,Wife
3591,Husband
3591,Other-relative
3591,Own-child
3591,Wife
14957,Husband
14957,Other-relative
14957,Own-child
14957,Wife
6496,Husband
6496,Other-relative
6496,Own-child
6496,Wife
8362,Husband
8362,Other-relative
8362,Own-child
8362,Wife
30879,Husband
30879,Other-relative
30879,Own-child
30879,Wife
48044,Husband
48044,Not-in-family
48044,Other-relative
48044,Own-child
48044,Unmarried
48044,Wife
25195,Husband
25195,Other-relative
25195,Own-child
25195,Wife
25160,Husband
25160,Not-in-family
25160,Other-relative
25160,Own-child
25160,Unmarried
25160,Wife
43375,Husband
43375,Not-in-family
43375,Other-relative
43375,Own-child
43375,Unmarried
43375,Wife
48364,Husband
48364,Not-in-family
48364,Other-relative
48364,Own-child
48364,Unmarried
48364,Wife
27801,Husband
27801,Not-in-family
27801,Other-relative
27801,Own-child
27801,Unmarried
27801,Wife
19369,Not-in-family
19369,Unmarried
418,Husband
418,Not-in-family
418,Other-relative
418,Own-child
418,Unmarried
418,Wife
28005,Husband
28005,Not-in-family
28005,Other-relative
28005,Own-child
28005,Unmarried
28005,Wife
33708,Husband
33708,Not-in-family
33708,Other-relative
33708,Own-child
33708,Unmarried
33708,Wife
11560,Not-in-family
11560,Unmarried
43547,Husband
43547,Not-in-family
43547,Other-relative
43547,Own-child
43547,Unmarried
43547,Wife
941,Husband
941,Other-relative
941,Own-child
941,Wife
4988,Husband
4988,Not-in-family
4988,Other-relative
4988,Own-child
4988,Unmarried
4988,Wife
18843,Husband
18843,Not-in-family
18843,Other-relative
18843,Own-child
18843,Unmarried
18843,Wife
44022,Husband
44022,Other-relative
44022,Own-child
44022,Wife
14894,Husband
14894,Not-in-family
14894,Other-relative
14894,Own-child
14894,Unmarried
14894,Wife
27945,Not-in-family
27945,Unmarried
45168,Husband
45168,Other-relative
45168,Own-child
45168,Wife
26752,Husband
26752,Not-in-family
26752,Other-relative
26752,Own-child
26752,Unmarried
26752,Wife
47762,Husband
47762,Not-in-family
47762,Other-relative
47762,Own-child
47762,Unmarried
47762,Wife
30576,Husband
30576,Not-in-family
30576,Other-relative
30576,Own-child
30576,Unmarried
30576,Wife
37867,Husband
37867,Other-relative
37867,Own-child
37867,Wife
22325,Husband
22325,Other-relative
22325,Own-child
22325,Wife
4192,Husband
4192,Not-in-family
4192,Other-relative
4192,Own-child
4192,Unmarried
4192,Wife
34600,Husband
34600,Not-in-family
34600,Other-relative
34600,Own-child
34600,Unmarried
34600,Wife
30083,Husband
30083,Not-in-family
30083,Other-relative
30083,Own-child
30083,Unmarried
30083,Wife
10308,Husband
10308,Not-in-family
10308,Other-relative
10308,Own-child
10308,Unmarried
10308,Wife
3478,Husband
3478,Not-in-family
3478,Other-relative
3478,Own-child
3478,Unmarried
3478,Wife
7570,Not-in-family
7570,Unmarried
27324,Husband
27324,Not-in-family
27324,Other-relative
27324,Own-child
27324,Unmarried
27324,Wife
16347,Husband
16347,Not-in-family
16347,Other-relative
16347,Own-child
16347,Unmarried
16347,Wife
45970,Husband
45970,Not-in-family
45970,Other-relative
45970,Own-child
45970,Unmarried
45970,Wife
22520,Husband
22520,Other-relative
22520,Own-child
22520,Wife
48574,Husband
48574,Not-in-family
48574,Other-relative
48574,Own-child
48574,Unmarried
48574,Wife
39725,Husband
39725,Not-in-family
39725,Other-relative
39725,Own-child
39725,Unmarried
39725,Wife
11000,Husband
11000,Other-relative
11000,Own-child
11000,Wife
33532,Husband
33532,Other-relative
33532,Own-child
33532,Wife
46285,Not-in-family
46285,Unmarried
4190,Husband
4190,Not-in-family
4190,Other-relative
4190,Own-child
4190,Unmarried
4190,Wife
20813,Husband
20813,Not-in-family
20813,Other-relative
20813,Own-child
20813,Unmarried
20813,Wife
44024,Not-in-family
44024,Unmarried
11425,Husband
11425,Other-relative
11425,Own-child
11425,Wife
19586,Husband
19586,Other-relative
19586,Own-child
19586,Wife
22667,Husband
22667,Not-in-family
22667,Other-relative
22667,Own-child
22667,Unmarried
22667,Wife
16894,Not-in-family
16894,Unmarried
7951,Husband
7951,Other-relative
7951,Own-child
7951,Wife
17288,Husband
17288,Not-in-family
17288,Other-relative
17288,Own-child
17288,Unmarried
17288,Wife
39416,Husband
39416,Not-in-family
39416,Other-relative
39416,Own-child
39416,Unmarried
39416,Wife
31586,Not-in-family
31586,Unmarried
7708,Husband
7708,Not-in-family
7708,Other-relative
7708,Own-child
7708,Unmarried
7708,Wife
12085,Husband
12085,Other-relative
12085,Own-child
12085,Wife
18872,Husband
18872,Other-relative
18872,Own-child
18872,Wife
18134,Husband
18134,Not-in-family
18134,Other-relative
18134,Own-child
18134,Unmarried
18134,Wife
22321,Husband
22321,Not-in-family
22321,Other-relative
22321,Own-child
22321,Unmarried
22321,Wife
46179,Husband
46179,Not-in-family
46179,Other-relative
46179,Own-child
46179,Unmarried
46179,Wife
15681,Husband
15681,Not-in-family
15681,Other-relative
15681,Own-child
15681,Unmarried
15681,Wife
5733,Husband
5733,Not-in-family
5733,Other-relative
5733,Own-child
5733,Unmarried
5733,Wife
6234,Husband
6234,Not-in-family
6234,Other-relative
6234,Own-child
6234,Unmarried
6234,Wife
35351,Husband
35351,Other-relative
35351,Own-child
35351,Wife
13675,Husband
13675,Other-relative
13675,Own-child
13675,Wife
33883,Husband
33883,Not-in-family
33883,Other-relative
33883,Own-child
33883,Unmarried
33883,Wife
26985,Husband
26985,Other-relative
26985,Own-child
26985,Wife
26121,Husband
26121,Not-in-family
26121,Other-relative
26121,Own-child
26121,Unmarried
26121,Wife
27926,Husband
27926,Other-relative
27926,Own-child
27926,Wife
3162,Husband
3162,Not-in-family
3162,Other-relative
3162,Own-child
3162,Unmarried
3162,Wife
13131,Not-in-family
13131,Unmarried
2236,Husband
2236,Not-in-family
2236,Other-relative
2236,Own-child
2236,Unmarried
2236,Wife
35137,Husband
35137,Not-in-family
35137,Other-relative
35137,Own-child
35137,Unmarried
35137,Wife
17940,Husband
17940,Not-in-family
17940,Other-relative
17940,Own-child
17940,Unmarried
17940,Wife
24342,Husband
24342,Other-relative
24342,Own-child
24342,Wife
31326,Husband
31326,Not-in-family
31326,Other-relative
31326,Own-child
31326,Unmarried
31326,Wife
48006,Not-in-family
48006,Unmarried
18272,Husband
18272,Other-relative
18272,Own-child
18272,Wife
43010,Husband
43010,Other-relative
43010,Own-child
43010,Wife
2458,Not-in-family
2458,Unmarried
33170,Not-in-family
33170,Unmarried
9535,Husband
9535,Not-in-family
9535,Other-relative
9535,Own-child
9535,Unmarried
9535,Wife
12230,Husband
12230,Other-relative
12230,Own-child
12230,Wife
37756,Not-in-family
37756,Unmarried
12591,Husband
12591,Other-relative
12591,Own-child
12591,Wife
38321,Husband
38321,Other-relative
38321,Own-child
38321,Wife
43712,Husband
43712,Not-in-family
43712,Other-relative
43712,Own-child
43712,Unmarried
43712,Wife
16423,Husband
16423,Not-in-family
16423,Other-relative
16423,Own-child
16423,Unmarried
16423,Wife
355,Husband
355,Other-relative
355,Own-child
355,Wife
30676,Husband
30676,Not-in-family
30676,Other-relative
30676,Own-child
30676,Unmarried
30676,Wife
8767,Husband
8767,Not-in-family
8767,Other-relative
8767,Own-child
8767,Unmarried
8767,Wife
8916,Not-in-family
8916,Unmarried
23983,Husband
23983,Other-relative
23983,Own-child
23983,Wife
30104,Husband
30104,Not-in-family
30104,Other-relative
30104,Own-child
30104,Unmarried
30104,Wife
13567,Husband
13567,Not-in-family
13567,Other-relative
13567,Own-child
13567,Unmarried
13567,Wife
42191,Not-in-family
42191,Unmarried
19744,Not-in-family
19744,Unmarried
43665,Husband
43665,Not-in-family
43665,Other-relative
43665,Own-child
43665,Unmarried
43665,Wife
39898,Husband
39898,Other-relative
39898,Own-child
39898,Wife
21351,Husband
21351,Other-relative
21351,Own-child
21351,Wife
3104,Husband
3104,Not-in-family
3104,Other-relative
3104,Own-child
3104,Unmarried
3104,Wife
30238,Husband
30238,Not-in-family
30238,Other-relative
30238,Own-child
30238,Unmarried
30238,Wife
1652,Husband
1652,Not-in-family
1652,Other-relative
1652,Own-child
1652,Unmarried
1652,Wife
23695,Husband
23695,Other-relative
23695,Own-child
23695,Wife
43903,Husband
43903,Not-in-family
43903,Other-relative
43903,Own-child
43903,Unmarried
43903,Wife
48316,Not-in-family
48316,Unmarried
11238,Husband
11238,Other-relative
11238,Own-child
11238,Wife
29004,Husband
29004,Not-in-family
29004,Other-relative
29004,Own-child
29004,Unmarried
29004,Wife
42871,Not-in-family
42871,Unmarried
7015,Husband
7015,Other-relative
7015,Own-child
7015,Wife
29224,Husband
29224,Not-in-family
29224,Other-relative
29224,Own-child
29224,Unmarried
29224,Wife
1214,Husband
1214,Other-relative
1214,Own-child
1214,Wife
22357,Husband
22357,Not-in-family
22357,Other-relative
22357,Own-child
22357,Unmarried
22357,Wife
17068,Husband
17068,Other-relative
17068,Own-child
17068,Wife
41939,Not-in-family
41939,Unmarried
39954,Husband
39954,Not-in-family
39954,Other-relative
39954,Own-child
39954,Unmarried
39954,Wife
32055,Not-in-family
32055,Unmarried
18430,Husband
18430,Not-in-family
18430,Other-relative
18430,Own-child
18430,Unmarried
18430,Wife
18608,Not-in-family
18608,Unmarried
10925,Husband
10925,Not-in-family
10925,Other-relative
10925,Own-child
10925,Unmarried
10925,Wife
45560,Husband
45560,Not-in-family
45560,Other-relative
45560,Own-child
45560,Unmarried
45560,Wife
17229,Husband
17229,Not-in-family
17229,Other-relative
17229,Own-child
17229,Unmarried
17229,Wife
36340,Husband
36340,Not-in-family
36340,Other-relative
36340,Own-child
36340,Unmarried
36340,Wife
33000,Husband
33000,Not-in-family
33000,Other-relative
33000,Own-child
33000,Unmarried
33000,Wife
17624,Husband
17624,Not-in-family
17624,Other-relative
17624,Own-child
17624,Unmarried
17624,Wife
12309,Husband
12309,Other-relative
12309,Own-child
12309,Wife
20746,Husband
20746,Not-in-family
20746,Other-relative
20746,Own-child
20746,Unmarried
20746,Wife
48093,Husband
48093,Other-relative
48093,Own-child
48093,Wife
3362,Husband
3362,Not-in-family
3362,Other-relative
3362,Own-child
3362,Unmarried
3362,Wife
39092,Husband
39092,Not-in-family
39092,Other-relative
39092,Own-child
39092,Unmarried
39092,Wife
27237,Husband
27237,Other-relative
27237,Own-child
27237,Wife
3032,Husband
3032,Other-relative
3032,Own-child
3032,Wife
26629,Husband
26629,Not-in-family
26629,Other-relative
26629,Own-child
26629,Unmarried
26629,Wife
46857,Husband
46857,Not-in-family
46857,Other-relative
46857,Own-child
46857,Unmarried
46857,Wife
5034,Husband
5034,Other-relative
5034,Own-child
5034,Wife
19022,Husband
19022,Other-relative
19022,Own-child
19022,Wife
9976,Not-in-family
9976,Unmarried
43423,Husband
43423,Other-relative
43423,Own-child
43423,Wife
47639,Husband
47639,Not-in-family
47639,Other-relative
47639,Own-child
47639,Unmarried
47639,Wife
15949,Husband
15949,Other-relative
15949,Own-child
15949,Wife
15129,Not-in-family
15129,Unmarried
17043,Husband
17043,Not-in-family
17043,Other-relative
17043,Own-child
17043,Unmarried
17043,Wife
45416,Husband
45416,Not-in-family
45416,Other-relative
45416,Own-child
45416,Unmarried
45416,Wife
29940,Husband
29940,Not-in-family
29940,Other-relative
29940,Own-child
29940,Unmarried
29940,Wife
5984,Not-in-family
5984,Unmarried
19375,Husband
19375,Not-in-family
19375,Other-relative
19375,Own-child
19375,Unmarried
19375,Wife
10190,Husband
10190,Not-in-family
10190,Other-relative
10190,Own-child
10190,Unmarried
10190,Wife
10551,Husband
10551,Other-relative
10551,Own-child
10551,Wife
34950,Husband
34950,Not-in-family
34950,Other-relative
34950,Own-child
34950,Unmarried
34950,Wife
6291,Husband
6291,Other-relative
6291,Own-child
6291,Wife
6173,Husband
6173,Other-relative
6173,Own-child
6173,Wife
44930,Husband
44930,Not-in-family
44930,Other-relative
44930,Own-child
44930,Unmarried
44930,Wife
14119,Husband
14119,Not-in-family
14119,Other-relative
14119,Own-child
14119,Unmarried
14119,Wife
11077,Husband
11077,Not-in-family
11077,Other-relative
11077,Own-child
11077,Unmarried
11077,Wife
48487,Husband
48487,Not-in-family
48487,Other-relative
48487,Own-child
48487,Unmarried
48487,Wife
13276,Husband
13276,Not-in-family
13276,Other-relative
13276,Own-child
13276,Unmarried
13276,Wife
27167,Husband
27167,Not-in-family
27167,Other-relative
27167,Own-child
27167,Unmarried
27167,Wife
4856,Not-in-family
4856,Unmarried
40314,Not-in-family
40314,Unmarried
26339,Husband
26339,Not-in-family
26339,Other-relative
26339,Own-child
26339,Unmarried
26339,Wife
26604,Husband
26604,Not-in-family
26604,Other-relative
26604,Own-child
26604,Unmarried
26604,Wife
22866,Husband
22866,Other-relative
22866,Own-child
22866,Wife
14704,Husband
14704,Other-relative
14704,Own-child
14704,Wife
43888,Husband
43888,Other-relative
43888,Own-child
43888,Wife
26969,Husband
26969,Other-relative
26969,Own-child
26969,Wife
11661,Husband
11661,Not-in-family
11661,Other-relative
11661,Own-child
11661,Unmarried
11661,Wife
1828,Husband
1828,Not-in-family
1828,Other-relative
1828,Own-child
1828,Unmarried
1828,Wife
42776,Husband
42776,Not-in-family
42776,Other-relative
42776,Own-child
42776,Unmarried
42776,Wife
30186,Husband
30186,Other-relative
30186,Own-child
30186,Wife
3229,Not-in-family
3229,Unmarried
23851,Husband
23851,Not-in-family
23851,Other-relative
23851,Own-child
23851,Unmarried
23851,Wife
19824,Husband
19824,Other-relative
19824,Own-child
19824,Wife
21248,Husband
21248,Other-relative
21248,Own-child
21248,Wife
18953,Husband
18953,Other-relative
18953,Own-child
18953,Wife
21744,Husband
21744,Not-in-family
21744,Other-relative
21744,Own-child
21744,Unmarried
21744,Wife
29609,Husband
29609,Not-in-family
29609,Other-relative
29609,Own-child
29609,Unmarried
29609,Wife
8372,Not-in-family
8372,Unmarried
21783,Husband
21783,Not-in-family
21783,Other-relative
21783,Own-child
21783,Unmarried
21783,Wife
29095,Not-in-family
29095,Unmarried
36805,Husband
36805,Not-in-family
36805,Other-relative
36805,Own-child
36805,Unmarried
36805,Wife
19192,Not-in-family
19192,Unmarried
19592,Husband
19592,Not-in-family
19592,Other-relative
19592,Own-child
19592,Unmarried
19592,Wife
41473,Husband
41473,Not-in-family
41473,Other-relative
41473,Own-child
41473,Unmarried
41473,Wife
10039,Husband
10039,Other-relative
10039,Own-child
10039,Wife
40043,Husband
40043,Not-in-family
40043,Other-relative
40043,Own-child
40043,Unmarried
40043,Wife
45397,Not-in-family
45397,Unmarried
27041,Husband
27041,Other-relative
27041,Own-child
27041,Wife
3329,Not-in-family
3329,Unmarried
23181,Husband
23181,Other-relative
23181,Own-child
23181,Wife
10825,Husband
10825,Not-in-family
10825,Other-relative
10825,Own-child
10825,Unmarried
10825,Wife
26364,Not-in-family
26364,Unmarried
21703,Husband
21703,Not-in-family
21703,Other-relative
21703,Own-child
21703,Unmarried
21703,Wife
48514,Not-in-family
48514,Unmarried
38743,Husband
38743,Other-relative
38743,Own-child
38743,Wife
21585,Not-in-family
21585,Unmarried
31833,Husband
31833,Other-relative
31833,Own-child
31833,Wife
16005,Husband
16005,Not-in-family
16005,Other-relative
16005,Own-child
16005,Unmarried
16005,Wife
8437,Husband
8437,Not-in-family
8437,Other-relative
8437,Own-child
8437,Unmarried
8437,Wife
47371,Husband
47371,Other-relative
47371,Own-child
47371,Wife
26741,Husband
26741,Not-in-family
26741,Other-relative
26741,Own-child
26741,Unmarried
26741,Wife
32421,Husband
32421,Other-relative
32421,Own-child
32421,Wife
23118,Husband
23118,Not-in-family
23118,Other-relative
23118,Own-child
23118,Unmarried
23118,Wife
16424,Husband
16424,Not-in-family
16424,Other-relative
16424,Own-child
16424,Unmarried
16424,Wife
25102,Husband
25102,Other-relative
25102,Own-child
25102,Wife
16869,Husband
16869,Not-in-family
16869,Other-relative
16869,Own-child
16869,Unmarried
16869,Wife
47175,Husband
47175,Not-in-family
47175,Other-relative
47175,Own-child
47175,Unmarried
47175,Wife
30003,Husband
30003,Other-relative
30003,Own-child
30003,Wife
21977,Husband
21977,Other-relative
21977,Own-child
21977,Wife
7382,Husband
7382,Not-in-family
7382,Other-relative
7382,Own-child
7382,Unmarried
7382,Wife
24827,Husband
24827,Not-in-family
24827,Other-relative
24827,Own-child
24827,Unmarried
24827,Wife
34791,Husband
34791,Not-in-family
34791,Other-relative
34791,Own-child
34791,Unmarried
34791,Wife
19573,Husband
19573,Not-in-family
19573,Other-relative
19573,Own-child
19573,Unmarried
19573,Wife
39809,Husband
39809,Not-in-family
39809,Other-relative
39809,Own-child
39809,Unmarried
39809,Wife
20075,Not-in-family
20075,Unmarried
37164,Husband
37164,Not-in-family
37164,Other-relative
37164,Own-child
37164,Unmarried
37164,Wife
2280,Not-in-family
2280,Unmarried
3938,Husband
3938,Not-in-family
3938,Other-relative
3938,Own-child
3938,Unmarried
3938,Wife
44179,Husband
44179,Other-relative
44179,Own-child
44179,Wife
38374,Not-in-family
38374,Unmarried
6899,Not-in-family
6899,Unmarried
23224,Husband
23224,Not-in-family
23224,Other-relative
23224,Own-child
23224,Unmarried
23224,Wife
23362,Husband
23362,Other-relative
23362,Own-child
23362,Wife
6308,Not-in-family
6308,Unmarried
4313,Husband
4313,Other-relative
4313,Own-child
4313,Wife
27720,Not-in-family
27720,Unmarried
35074,Husband
35074,Other-relative
35074,Own-child
35074,Wife
11549,Husband
11549,Not-in-family
11549,Other-relative
11549,Own-child
11549,Unmarried
11549,Wife
11172,Not-in-family
11172,Unmarried
3261,Not-in-family
3261,Unmarried
27795,Husband
27795,Not-in-family
27795,Other-relative
27795,Own-child
27795,Unmarried
27795,Wife
44709,Husband
44709,Other-relative
44709,Own-child
44709,Wife
47951,Not-in-family
47951,Unmarried
29999,Husband
29999,Not-in-family
29999,Other-relative
29999,Own-child
29999,Unmarried
29999,Wife
20095,Husband
20095,Not-in-family
20095,Other-relative
20095,Own-child
20095,Unmarried
20095,Wife
29914,Not-in-family
29914,Unmarried
13623,Husband
13623,Not-in-family
13623,Other-relative
13623,Own-child
13623,Unmarried
13623,Wife
40890,Husband
40890,Other-relative
40890,Own-child
40890,Wife
19094,Husband
19094,Other-relative
19094,Own-child
19094,Wife
1675,Husband
1675,Not-in-family
1675,Other-relative
1675,Own-child
1675,Unmarried
1675,Wife
24393,Husband
24393,Not-in-family
24393,Other-relative
24393,Own-child
24393,Unmarried
24393,Wife
16610,Husband
16610,Other-relative
16610,Own-child
16610,Wife
33710,Husband
33710,Not-in-family
33710,Other-relative
33710,Own-child
33710,Unmarried
33710,Wife
27605,Husband
27605,Other-relative
27605,Own-child
27605,Wife
22,Husband
22,Other-relative
22,Own-child
22,Wife
29130,Husband
29130,Not-in-family
29130,Other-relative
29130,Own-child
29130,Unmarried
29130,Wife
44997,Husband
44997,Other-relative
44997,Own-child
44997,Wife
7927,Not-in-family
7927,Unmarried
5815,Husband
5815,Not-in-family
5815,Other-relative
5815,Own-child
5815,Unmarried
5815,Wife
11867,Not-in-family
11867,Unmarried
21773,Husband
21773,Not-in-family
21773,Other-relative
21773,Own-child
21773,Unmarried
21773,Wife
44327,Husband
44327,Not-in-family
44327,Other-relative
44327,Own-child
44327,Unmarried
44327,Wife
44032,Husband
44032,Not-in-family
44032,Other-relative
44032,Own-child
44032,Unmarried
44032,Wife
16580,Husband
16580,Not-in-family
16580,Other-relative
16580,Own-child
16580,Unmarried
16580,Wife
34688,Husband
34688,Not-in-family
34688,Other-relative
34688,Own-child
34688,Unmarried
34688,Wife
43376,Husband
43376,Not-in-family
43376,Other-relative
43376,Own-child
43376,Unmarried
43376,Wife
28010,Not-in-family
28010,Unmarried
22143,Not-in-family
22143,Unmarried
26966,Husband
26966,Other-relative
26966,Own-child
26966,Wife
18193,Husband
18193,Not-in-family
18193,Other-relative
18193,Own-child
18193,Unmarried
18193,Wife
19393,Not-in-family
19393,Unmarried
1845,Husband
1845,Not-in-family
1845,Other-relative
1845,Own-child
1845,Unmarried
1845,Wife
43052,Husband
43052,Not-in-family
43052,Other-relative
43052,Own-child
43052,Unmarried
43052,Wife
4538,Husband
4538,Other-relative
4538,Own-child
4538,Wife
45196,Husband
45196,Not-in-family
45196,Other-relative
45196,Own-child
45196,Unmarried
45196,Wife
16498,Not-in-family
16498,Unmarried
30721,Not-in-family
30721,Unmarried
20175,Not-in-family
20175,Unmarried
28815,Husband
28815,Not-in-family
28815,Other-relative
28815,Own-child
28815,Unmarried
28815,Wife
1661,Husband
1661,Other-relative
1661,Own-child
1661,Wife
1995,Husband
1995,Not-in-family
1995,Other-relative
1995,Own-child
1995,Unmarried
1995,Wife
23628,Husband
23628,Other-relative
23628,Own-child
23628,Wife
41533,Husband
41533,Not-in-family
41533,Other-relative
41533,Own-child
41533,Unmarried
41533,Wife
30187,Husband
30187,Not-in-family
30187,Other-relative
30187,Own-child
30187,Unmarried
30187,Wife
18357,Husband
18357,Other-relative
18357,Own-child
18357,Wife
14747,Not-in-family
14747,Unmarried
47627,Husband
47627,Not-in-family
47627,Other-relative
47627,Own-child
47627,Unmarried
47627,Wife
34659,Husband
34659,Not-in-family
34659,Other-relative
34659,Own-child
34659,Unmarried
34659,Wife
17540,Husband
17540,Not-in-family
17540,Other-relative
17540,Own-child
17540,Unmarried
17540,Wife
44921,Not-in-family
44921,Unmarried
20823,Husband
20823,Other-relative
20823,Own-child
20823,Wife
17706,Husband
17706,Not-in-family
17706,Other-relative
17706,Own-child
17706,Unmarried
17706,Wife
35577,Husband
35577,Other-relative
35577,Own-child
35577,Wife
8172,Husband
8172,Not-in-family
8172,Other-relative
8172,Own-child
8172,Unmarried
8172,Wife
15501,Husband
15501,Not-in-family
15501,Other-relative
15501,Own-child
15501,Unmarried
15501,Wife
46628,Not-in-family
46628,Unmarried
20990,Not-in-family
20990,Unmarried
31083,Husband
31083,Not-in-family
31083,Other-relative
31083,Own-child
31083,Unmarried
31083,Wife
4324,Husband
4324,Not-in-family
4324,Other-relative
4324,Own-child
4324,Unmarried
4324,Wife
38763,Husband
38763,Not-in-family
38763,Other-relative
38763,Own-child
38763,Unmarried
38763,Wife
34957,Husband
34957,Other-relative
34957,Own-child
34957,Wife
43540,Husband
43540,Other-relative
43540,Own-child
43540,Wife
47254,Husband
47254,Not-in-family
47254,Other-relative
47254,Own-child
47254,Unmarried
47254,Wife
37780,Husband
37780,Other-relative
37780,Own-child
37780,Wife
28772,Husband
28772,Not-in-family
28772,Other-relative
28772,Own-child
28772,Unmarried
28772,Wife
34317,Husband
34317,Not-in-family
34317,Other-relative
34317,Own-child
34317,Unmarried
34317,Wife
16007,Not-in-family
16007,Unmarried
42529,Husband
42529,Other-relative
42529,Own-child
42529,Wife
47021,Husband
47021,Not-in-family
47021,Other-relative
47021,Own-child
47021,Unmarried
47021,Wife
12677,Husband
12677,Other-relative
12677,Own-child
12677,Wife
21530,Husband
21530,Other-relative
21530,Own-child
21530,Wife
14607,Husband
14607,Not-in-family
14607,Other-relative
14607,Own-child
14607,Unmarried
14607,Wife
43473,Husband
43473,Not-in-family
43473,Other-relative
43473,Own-child
43473,Unmarried
43473,Wife
2302,Husband
2302,Not-in-family
2302,Other-relative
2302,Own-child
2302,Unmarried
2302,Wife
36899,Husband
36899,Not-in-family
36899,Other-relative
36899,Own-child
36899,Unmarried
36899,Wife
9464,Husband
9464,Not-in-family
9464,Other-relative
9464,Own-child
9464,Unmarried
9464,Wife
31949,Husband
31949,Not-in-family
31949,Other-relative
31949,Own-child
31949,Unmarried
31949,Wife
1256,Not-in-family
1256,Unmarried
30746,Husband
30746,Not-in-family
30746,Other-relative
30746,Own-child
30746,Unmarried
30746,Wife
7959,Husband
7959,Other-relative
7959,Own-child
7959,Wife
27684,Husband
27684,Not-in-family
27684,Other-relative
27684,Own-child
27684,Unmarried
27684,Wife
2996,Not-in-family
2996,Unmarried
35003,Husband
35003,Not-in-family
35003,Other-relative
35003,Own-child
35003,Unmarried
35003,Wife
20178,Husband
20178,Not-in-family
20178,Other-relative
20178,Own-child
20178,Unmarried
20178,Wife
18756,Husband
18756,Not-in-family
18756,Other-relative
18756,Own-child
18756,Unmarried
18756,Wife
44825,Husband
44825,Other-relative
44825,Own-child
44825,Wife
33969,Husband
33969,Not-in-family
33969,Other-relative
33969,Own-child
33969,Unmarried
33969,Wife
14060,Not-in-family
14060,Unmarried
14509,Husband
14509,Not-in-family
14509,Other-relative
14509,Own-child
14509,Unmarried
14509,Wife
42728,Husband
42728,Other-relative
42728,Own-child
42728,Wife
15491,Husband
15491,Not-in-family
15491,Other-relative
15491,Own-child
15491,Unmarried
15491,Wife
35252,Husband
35252,Not-in-family
35252,Other-relative
35252,Own-child
35252,Unmarried
35252,Wife
35963,Husband
35963,Not-in-family
35963,Other-relative
35963,Own-child
35963,Unmarried
35963,Wife
6245,Husband
6245,Other-relative
6245,Own-child
6245,Wife
37395,Husband
37395,Other-relative
37395,Own-child
37395,Wife
38883,Husband
38883,Other-relative
38883,Own-child
38883,Wife
19138,Husband
19138,Other-relative
19138,Own-child
19138,Wife
13411,Husband
13411,Not-in-family
13411,Other-relative
13411,Own-child
13411,Unmarried
13411,Wife
19296,Husband
19296,Other-relative
19296,Own-child
19296,Wife
745,Husband
745,Not-in-family
745,Other-relative
745,Own-child
745,Unmarried
745,Wife
44423,Husband
44423,Not-in-family
44423,Other-relative
44423,Own-child
44423,Unmarried
44423,Wife
5508,Husband
5508,Not-in-family
5508,Other-relative
5508,Own-child
5508,Unmarried
5508,Wife
47343,Husband
47343,Not-in-family
47343,Other-relative
47343,Own-child
47343,Unmarried
47343,Wife
35757,Husband
35757,Not-in-family
35757,Other-relative
35757,Own-child
35757,Unmarried
35757,Wife
44570,Husband
44570,Other-relative
44570,Own-child
44570,Wife
18177,Husband
18177,Other-relative
18177,Own-child
18177,Wife
41404,Husband
41404,Other-relative
41404,Own-child
41404,Wife
14146,Husband
14146,Not-in-family
14146,Other-relative
14146,Own-child
14146,Unmarried
14146,Wife
14633,Husband
14633,Other-relative
14633,Own-child
14633,Wife
5435,Husband
5435,Not-in-family
5435,Other-relative
5435,Own-child
5435,Unmarried
5435,Wife
21795,Husband
21795,Not-in-family
21795,Other-relative
21795,Own-child
21795,Unmarried
21795,Wife
19961,Husband
19961,Not-in-family
19961,Other-relative
19961,Own-child
19961,Unmarried
19961,Wife
18543,Husband
18543,Not-in-family
18543,Other-relative
18543,Own-child
18543,Unmarried
18543,Wife
35259,Husband
35259,Not-in-family
35259,Other-relative
35259,Own-child
35259,Unmarried
35259,Wife
26389,Not-in-family
26389,Unmarried
42515,Husband
42515,Not-in-family
42515,Other-relative
42515,Own-child
42515,Unmarried
42515,Wife
48501,Not-in-family
48501,Unmarried
24554,Husband
24554,Other-relative
24554,Own-child
24554,Wife
12950,Husband
12950,Not-in-family
12950,Other-relative
12950,Own-child
12950,Unmarried
12950,Wife
2669,Not-in-family
2669,Unmarried
35808,Husband
35808,Other-relative
35808,Own-child
35808,Wife
14983,Husband
14983,Not-in-family
14983,Other-relative
14983,Own-child
14983,Unmarried
14983,Wife
352,Husband
352,Not-in-family
352,Other-relative
352,Own-child
352,Unmarried
352,Wife
6912,Husband
6912,Other-relative
6912,Own-child
6912,Wife
45278,Not-in-family
45278,Unmarried
27961,Husband
27961,Other-relative
27961,Own-child
27961,Wife
33642,Husband
33642,Not-in-family
33642,Other-relative
33642,Own-child
33642,Unmarried
33642,Wife
27315,Husband
27315,Not-in-family
27315,Other-relative
27315,Own-child
27315,Unmarried
27315,Wife
9373,Husband
9373,Other-relative
9373,Own-child
9373,Wife
15409,Husband
15409,Other-relative
15409,Own-child
15409,Wife
6757,Husband
6757,Other-relative
6757,Own-child
6757,Wife
6295,Husband
6295,Not-in-family
6295,Other-relative
6295,Own-child
6295,Unmarried
6295,Wife
3959,Husband
3959,Not-in-family
3959,Other-relative
3959,Own-child
3959,Unmarried
3959,Wife
44871,Not-in-family
44871,Unmarried
9852,Husband
9852,Other-relative
9852,Own-child
9852,Wife
47647,Husband
47647,Not-in-family
47647,Other-relative
47647,Own-child
47647,Unmarried
47647,Wife
11250,Husband
11250,Not-in-family
11250,Other-relative
11250,Own-child
11250,Unmarried
11250,Wife
40128,Husband
40128,Other-relative
40128,Own-child
40128,Wife
23379,Husband
23379,Not-in-family
23379,Other-relative
23379,Own-child
23379,Unmarried
23379,Wife
8163,Husband
8163,Not-in-family
8163,Other-relative
8163,Own-child
8163,Unmarried
8163,Wife
3496,Husband
3496,Not-in-family
3496,Other-relative
3496,Own-child
3496,Unmarried
3496,Wife
2661,Husband
2661,Other-relative
2661,Own-child
2661,Wife
1106,Husband
1106,Not-in-family
1106,Other-relative
1106,Own-child
1106,Unmarried
1106,Wife
31679,Not-in-family
31679,Unmarried
38035,Husband
38035,Not-in-family
38035,Other-relative
38035,Own-child
38035,Unmarried
38035,Wife
38577,Husband
38577,Not-in-family
38577,Other-relative
38577,Own-child
38577,Unmarried
38577,Wife
37680,Not-in-family
37680,Unmarried
25874,Husband
25874,Other-relative
25874,Own-child
25874,Wife
37570,Husband
37570,Other-relative
37570,Own-child
37570,Wife
6122,Husband
6122,Other-relative
6122,Own-child
6122,Wife
609,Husband
609,Not-in-family
609,Other-relative
609,Own-child
609,Unmarried
609,Wife
990,Not-in-family
990,Unmarried
43222,Husband
43222,Not-in-family
43222,Other-relative
43222,Own-child
43222,Unmarried
43222,Wife
43334,Husband
43334,Not-in-family
43334,Other-relative
43334,Own-child
43334,Unmarried
43334,Wife
34407,Husband
34407,Other-relative
34407,Own-child
34407,Wife
31980,Not-in-family
31980,Unmarried
13657,Husband
13657,Not-in-family
13657,Other-relative
13657,Own-child
13657,Unmarried
13657,Wife
28308,Husband
28308,Other-relative
28308,Own-child
28308,Wife
15415,Husband
15415,Other-relative
15415,Own-child
15415,Wife
24640,Husband
24640,Other-relative
24640,Own-child
24640,Wife
13417,Husband
13417,Other-relative
13417,Own-child
13417,Wife
35329,Husband
35329,Other-relative
35329,Own-child
35329,Wife
5353,Husband
5353,Not-in-family
5353,Other-relative
5353,Own-child
5353,Unmarried
5353,Wife
6230,Husband
6230,Not-in-family
6230,Other-relative
6230,Own-child
6230,Unmarried
6230,Wife
18524,Husband
18524,Not-in-family
18524,Other-relative
18524,Own-child
18524,Unmarried
18524,Wife
7138,Husband
7138,Not-in-family
7138,Other-relative
7138,Own-child
7138,Unmarried
7138,Wife
30211,Husband
30211,Other-relative
30211,Own-child
30211,Wife
24739,Husband
24739,Other-relative
24739,Own-child
24739,Wife
22451,Husband
22451,Other-relative
22451,Own-child
22451,Wife
31445,Husband
31445,Not-in-family
31445,Other-relative
31445,Own-child
31445,Unmarried
31445,Wife
433,Husband
433,Other-relative
433,Own-child
433,Wife
27015,Husband
27015,Other-relative
27015,Own-child
27015,Wife
33714,Husband
33714,Not-in-family
33714,Other-relative
33714,Own-child
33714,Unmarried
33714,Wife
40715,Husband
40715,Not-in-family
40715,Other-relative
40715,Own-child
40715,Unmarried
40715,Wife
43516,Not-in-family
43516,Unmarried
9730,Husband
9730,Not-in-family
9730,Other-relative
9730,Own-child
9730,Unmarried
9730,Wife
18371,Not-in-family
18371,Unmarried
41558,Husband
41558,Not-in-family
41558,Other-relative
41558,Own-child
41558,Unmarried
41558,Wife
35545,Husband
35545,Other-relative
35545,Own-child
35545,Wife
33065,Husband
33065,Not-in-family
33065,Other-relative
33065,Own-child
33065,Unmarried
33065,Wife
41624,Not-in-family
41624,Unmarried
13507,Husband
13507,Other-relative
13507,Own-child
13507,Wife
34193,Husband
34193,Other-relative
34193,Own-child
34193,Wife
7837,Husband
7837,Not-in-family
7837,Other-relative
7837,Own-child
7837,Unmarried
7837,Wife
8138,Husband
8138,Not-in-family
8138,Other-relative
8138,Own-child
8138,Unmarried
8138,Wife
30489,Husband
30489,Not-in-family
30489,Other-relative
30489,Own-child
30489,Unmarried
30489,Wife
44944,Husband
44944,Not-in-family
44944,Other-relative
44944,Own-child
44944,Unmarried
44944,Wife
28142,Husband
28142,Not-in-family
28142,Other-relative
28142,Own-child
28142,Unmarried
28142,Wife
10936,Husband
10936,Other-relative
10936,Own-child
10936,Wife
42456,Husband
42456,Not-in-family
42456,Other-relative
42456,Own-child
42456,Unmarried
42456,Wife
14804,Husband
14804,Not-in-family
14804,Other-relative
14804,Own-child
14804,Unmarried
14804,Wife
1492,Husband
1492,Other-relative
1492,Own-child
1492,Wife
24246,Not-in-family
24246,Unmarried
37644,Husband
37644,Not-in-family
37644,Other-relative
37644,Own-child
37644,Unmarried
37644,Wife
12387,Husband
12387,Other-relative
12387,Own-child
12387,Wife
15704,Husband
15704,Not-in-family
15704,Other-relative
15704,Own-child
15704,Unmarried
15704,Wife
35726,Husband
35726,Other-relative
35726,Own-child
35726,Wife
35538,Not-in-family
35538,Unmarried
47528,Not-in-family
47528,Unmarried
24836,Husband
24836,Other-relative
24836,Own-child
24836,Wife
32455,Husband
32455,Other-relative
32455,Own-child
32455,Wife
27373,Husband
27373,Other-relative
27373,Own-child
27373,Wife
16159,Husband
16159,Other-relative
16159,Own-child
16159,Wife
18219,Husband
18219,Not-in-family
18219,Other-relative
18219,Own-child
18219,Unmarried
18219,Wife
7207,Husband
7207,Other-relative
7207,Own-child
7207,Wife
41106,Husband
41106,Other-relative
41106,Own-child
41106,Wife
48192,Not-in-family
48192,Unmarried
45547,Husband
45547,Not-in-family
45547,Other-relative
45547,Own-child
45547,Unmarried
45547,Wife
41721,Husband
41721,Other-relative
41721,Own-child
41721,Wife
14286,Not-in-family
14286,Unmarried
47111,Husband
47111,Not-in-family
47111,Other-relative
47111,Own-child
47111,Unmarried
47111,Wife
8114,Husband
8114,Not-in-family
8114,Other-relative
8114,Own-child
8114,Unmarried
8114,Wife
18715,Husband
18715,Other-relative
18715,Own-child
18715,Wife
10463,Not-in-family
10463,Unmarried
5431,Husband
5431,Other-relative
5431,Own-child
5431,Wife
28789,Not-in-family
28789,Unmarried
46721,Husband
46721,Not-in-family
46721,Other-relative
46721,Own-child
46721,Unmarried
46721,Wife
39896,Husband
39896,Other-relative
39896,Own-child
39896,Wife
4111,Husband
4111,Not-in-family
4111,Other-relative
4111,Own-child
4111,Unmarried
4111,Wife
17064,Husband
17064,Not-in-family
17064,Other-relative
17064,Own-child
17064,Unmarried
17064,Wife
42986,Husband
42986,Not-in-family
42986,Other-relative
42986,Own-child
42986,Unmarried
42986,Wife
7226,Husband
7226,Not-in-family
7226,Other-relative
7226,Own-child
7226,Unmarried
7226,Wife
6289,Husband
6289,Other-relative
6289,Own-child
6289,Wife
45946,Husband
45946,Other-relative
45946,Own-child
45946,Wife
37671,Husband
37671,Not-in-family
37671,Other-relative
37671,Own-child
37671,Unmarried
37671,Wife
29794,Not-in-family
29794,Unmarried
24789,Husband
24789,Not-in-family
24789,Other-relative
24789,Own-child
24789,Unmarried
24789,Wife
20086,Not-in-family
20086,Unmarried
31613,Husband
31613,Not-in-family
31613,Other-relative
31613,Own-child
31613,Unmarried
31613,Wife
39102,Husband
39102,Other-relative
39102,Own-child
39102,Wife
33133,Husband
33133,Not-in-family
33133,Other-relative
33133,Own-child
33133,Unmarried
33133,Wife
12472,Not-in-family
12472,Unmarried
39771,Husband
39771,Other-relative
39771,Own-child
39771,Wife
23837,Husband
23837,Other-relative
23837,Own-child
23837,Wife
37963,Husband
37963,Other-relative
37963,Own-child
37963,Wife
16437,Husband
16437,Not-in-family
16437,Other-relative
16437,Own-child
16437,Unmarried
16437,Wife
42512,Not-in-family
42512,Unmarried
47120,Husband
47120,Not-in-family
47120,Other-relative
47120,Own-child
47120,Unmarried
47120,Wife
39425,Husband
39425,Not-in-family
39425,Other-relative
39425,Own-child
39425,Unmarried
39425,Wife
20846,Husband
20846,Not-in-family
20846,Other-relative
20846,Own-child
20846,Unmarried
20846,Wife
17761,Husband
17761,Not-in-family
17761,Other-relative
17761,Own-child
17761,Unmarried
17761,Wife
20789,Not-in-family
20789,Unmarried
29502,Husband
29502,Not-in-family
29502,Other-relative
29502,Own-child
29502,Unmarried
29502,Wife
4352,Husband
4352,Not-in-family
4352,Other-relative
4352,Own-child
4352,Unmarried
4352,Wife
38236,Husband
38236,Not-in-family
38236,Other-relative
38236,Own-child
38236,Unmarried
38236,Wife
5253,Husband
5253,Not-in-family
5253,Other-relative
5253,Own-child
5253,Unmarried
5253,Wife
33030,Husband
33030,Other-relative
33030,Own-child
33030,Wife
37563,Husband
37563,Not-in-family
37563,Other-relative
37563,Own-child
37563,Unmarried
37563,Wife
4725,Husband
4725,Not-in-family
4725,Other-relative
4725,Own-child
4725,Unmarried
4725,Wife
24583,Not-in-family
24583,Unmarried
34057,Husband
34057,Other-relative
34057,Own-child
34057,Wife
12952,Husband
12952,Other-relative
12952,Own-child
12952,Wife
29644,Husband
29644,Not-in-family
29644,Other-relative
29644,Own-child
29644,Unmarried
29644,Wife
26902,Husband
26902,Not-in-family
26902,Other-relative
26902,Own-child
26902,Unmarried
26902,Wife
30633,Husband
30633,Other-relative
30633,Own-child
30633,Wife
11347,Husband
11347,Not-in-family
11347,Other-relative
11347,Own-child
11347,Unmarried
11347,Wife
38430,Not-in-family
38430,Unmarried
26691,Husband
26691,Not-in-family
26691,Other-relative
26691,Own-child
26691,Unmarried
26691,Wife
12664,Husband
12664,Not-in-family
12664,Other-relative
12664,Own-child
12664,Unmarried
12664,Wife
12298,Husband
12298,Other-relative
12298,Own-child
12298,Wife
9762,Husband
9762,Not-in-family
9762,Other-relative
9762,Own-child
9762,Unmarried
9762,Wife
24030,Not-in-family
24030,Unmarried
2333,Not-in-family
2333,Unmarried
29032,Husband
29032,Not-in-family
29032,Other-relative
29032,Own-child
29032,Unmarried
29032,Wife
43089,Husband
43089,Not-in-family
43089,Other-relative
43089,Own-child
43089,Unmarried
43089,Wife
42203,Not-in-family
42203,Unmarried
19649,Not-in-family
19649,Unmarried
44441,Husband
44441,Other-relative
44441,Own-child
44441,Wife
18839,Husband
18839,Other-relative
18839,Own-child
18839,Wife
16109,Husband
16109,Other-relative
16109,Own-child
16109,Wife
30267,Husband
30267,Other-relative
30267,Own-child
30267,Wife
15595,Husband
15595,Not-in-family
15595,Other-relative
15595,Own-child
15595,Unmarried
15595,Wife
41173,Husband
41173,Not-in-family
41173,Other-relative
41173,Own-child
41173,Unmarried
41173,Wife
12101,Husband
12101,Not-in-family
12101,Other-relative
12101,Own-child
12101,Unmarried
12101,Wife
24575,Husband
24575,Not-in-family
24575,Other-relative
24575,Own-child
24575,Unmarried
24575,Wife
34731,Not-in-family
34731,Unmarried
16756,Husband
16756,Not-in-family
16756,Other-relative
16756,Own-child
16756,Unmarried
16756,Wife
18840,Husband
18840,Not-in-family
18840,Other-relative
18840,Own-child
18840,Unmarried
18840,Wife
10063,Husband
10063,Not-in-family
10063,Other-relative
10063,Own-child
10063,Unmarried
10063,Wife
27632,Husband
27632,Other-relative
27632,Own-child
27632,Wife
26555,Husband
26555,Other-relative
26555,Own-child
26555,Wife
43599,Husband
43599,Not-in-family
43599,Other-relative
43599,Own-child
43599,Unmarried
43599,Wife
19426,Husband
19426,Not-in-family
19426,Other-relative
19426,Own-child
19426,Unmarried
19426,Wife
7168,Not-in-family
7168,Unmarried
24956,Husband
24956,Not-in-family
24956,Other-relative
24956,Own-child
24956,Unmarried
24956,Wife
41811,Husband
41811,Not-in-family
41811,Other-relative
41811,Own-child
41811,Unmarried
41811,Wife
34743,Not-in-family
34743,Unmarried
19280,Husband
19280,Not-in-family
19280,Other-relative
19280,Own-child
19280,Unmarried
19280,Wife
34101,Not-in-family
34101,Unmarried
22406,Husband
22406,Other-relative
22406,Own-child
22406,Wife
25479,Not-in-family
25479,Unmarried
22111,Not-in-family
22111,Unmarried
808,Husband
808,Other-relative
808,Own-child
808,Wife
41952,Husband
41952,Other-relative
41952,Own-child
41952,Wife
8523,Husband
8523,Not-in-family
8523,Other-relative
8523,Own-child
8523,Unmarried
8523,Wife
38875,Husband
38875,Other-relative
38875,Own-child
38875,Wife
26337,Husband
26337,Other-relative
26337,Own-child
26337,Wife
21103,Not-in-family
21103,Unmarried
19236,Husband
19236,Not-in-family
19236,Other-relative
19236,Own-child
19236,Unmarried
19236,Wife
34993,Husband
34993,Not-in-family
34993,Other-relative
34993,Own-child
34993,Unmarried
34993,Wife
27841,Husband
27841,Other-relative
27841,Own-child
27841,Wife
11394,Husband
11394,Not-in-family
11394,Other-relative
11394,Own-child
11394,Unmarried
11394,Wife
17816,Not-in-family
17816,Unmarried
27623,Not-in-family
27623,Unmarried
18227,Husband
18227,Not-in-family
18227,Other-relative
18227,Own-child
18227,Unmarried
18227,Wife
41788,Husband
41788,Not-in-family
41788,Other-relative
41788,Own-child
41788,Unmarried
41788,Wife
46390,Husband
46390,Other-relative
46390,Own-child
46390,Wife
45277,Husband
45277,Not-in-family
45277,Other-relative
45277,Own-child
45277,Unmarried
45277,Wife
44787,Husband
44787,Not-in-family
44787,Other-relative
44787,Own-child
44787,Unmarried
44787,Wife
37761,Not-in-family
37761,Unmarried
46342,Husband
46342,Other-relative
46342,Own-child
46342,Wife
43726,Husband
43726,Other-relative
43726,Own-child
43726,Wife
31167,Husband
31167,Not-in-family
31167,Other-relative
31167,Own-child
31167,Unmarried
31167,Wife
43628,Husband
43628,Other-relative
43628,Own-child
43628,Wife
30536,Husband
30536,Not-in-family
30536,Other-relative
30536,Own-child
30536,Unmarried
30536,Wife
3763,Not-in-family
3763,Unmarried
36302,Husband
36302,Not-in-family
36302,Other-relative
36302,Own-child
36302,Unmarried
36302,Wife
2309,Husband
2309,Not-in-family
2309,Other-relative
2309,Own-child
2309,Unmarried
2309,Wife
19861,Husband
19861,Not-in-family
19861,Other-relative
19861,Own-child
19861,Unmarried
19861,Wife
40407,Husband
40407,Other-relative
40407,Own-child
40407,Wife
12734,Husband
12734,Other-relative
12734,Own-child
12734,Wife
41936,Husband
41936,Other-relative
41936,Own-child
41936,Wife
39647,Husband
39647,Not-in-family
39647,Other-relative
39647,Own-child
39647,Unmarried
39647,Wife
2671,Husband
2671,Other-relative
2671,Own-child
2671,Wife
17897,Husband
17897,Other-relative
17897,Own-child
17897,Wife
5094,Not-in-family
5094,Unmarried
8942,Not-in-family
8942,Unmarried
18998,Not-in-family
18998,Unmarried
5326,Husband
5326,Not-in-family
5326,Other-relative
5326,Own-child
5326,Unmarried
5326,Wife
28353,Husband
28353,Not-in-family
28353,Other-relative
28353,Own-child
28353,Unmarried
28353,Wife
1998,Husband
1998,Other-relative
1998,Own-child
1998,Wife
48018,Husband
48018,Other-relative
48018,Own-child
48018,Wife
17062,Husband
17062,Not-in-family
17062,Other-relative
17062,Own-child
17062,Unmarried
17062,Wife
24027,Not-in-family
24027,Unmarried
38680,Husband
38680,Other-relative
38680,Own-child
38680,Wife
5493,Not-in-family
5493,Unmarried
35898,Husband
35898,Other-relative
35898,Own-child
35898,Wife
2001,Husband
2001,Other-relative
2001,Own-child
2001,Wife
45955,Husband
45955,Other-relative
45955,Own-child
45955,Wife
25989,Husband
25989,Not-in-family
25989,Other-relative
25989,Own-child
25989,Unmarried
25989,Wife
659,Husband
659,Not-in-family
659,Other-relative
659,Own-child
659,Unmarried
659,Wife
14921,Husband
14921,Other-relative
14921,Own-child
14921,Wife
41385,Husband
41385,Other-relative
41385,Own-child
41385,Wife
35759,Husband
35759,Not-in-family
35759,Other-relative
35759,Own-child
35759,Unmarried
35759,Wife
1343,Husband
1343,Not-in-family
1343,Other-relative
1343,Own-child
1343,Unmarried
1343,Wife
38774,Not-in-family
38774,Unmarried
9185,Husband
9185,Not-in-family
9185,Other-relative
9185,Own-child
9185,Unmarried
9185,Wife
14738,Not-in-family
14738,Unmarried
40598,Husband
40598,Not-in-family
40598,Other-relative
40598,Own-child
40598,Unmarried
40598,Wife
32453,Husband
32453,Other-relative
32453,Own-child
32453,Wife
12232,Husband
12232,Not-in-family
12232,Other-relative
12232,Own-child
12232,Unmarried
12232,Wife
33634,Not-in-family
33634,Unmarried
22565,Not-in-family
22565,Unmarried
27943,Husband
27943,Other-relative
27943,Own-child
27943,Wife
12724,Husband
12724,Other-relative
12724,Own-child
12724,Wife
18005,Husband
18005,Other-relative
18005,Own-child
18005,Wife
36651,Husband
36651,Not-in-family
36651,Other-relative
36651,Own-child
36651,Unmarried
36651,Wife
16872,Husband
16872,Not-in-family
16872,Other-relative
16872,Own-child
16872,Unmarried
16872,Wife
87,Husband
87,Not-in-family
87,Other-relative
87,Own-child
87,Unmarried
87,Wife
20078,Husband
20078,Not-in-family
20078,Other-relative
20078,Own-child
20078,Unmarried
20078,Wife
2922,Husband
2922,Not-in-family
2922,Other-relative
2922,Own-child
2922,Unmarried
2922,Wife
45785,Husband
45785,Not-in-family
45785,Other-relative
45785,Own-child
45785,Unmarried
45785,Wife
46776,Husband
46776,Other-relative
46776,Own-child
46776,Wife
19828,Husband
19828,Not-in-family
19828,Other-relative
19828,Own-child
19828,Unmarried
19828,Wife
38667,Husband
38667,Other-relative
38667,Own-child
38667,Wife
42552,Husband
42552,Other-relative
42552,Own-child
42552,Wife
13425,Husband
13425,Not-in-family
13425,Other-relative
13425,Own-child
13425,Unmarried
13425,Wife
48451,Not-in-family
48451,Unmarried
40580,Husband
40580,Not-in-family
40580,Other-relative
40580,Own-child
40580,Unmarried
40580,Wife
43756,Husband
43756,Other-relative
43756,Own-child
43756,Wife
12894,Husband
12894,Not-in-family
12894,Other-relative
12894,Own-child
12894,Unmarried
12894,Wife
14215,Not-in-family
14215,Unmarried
10211,Husband
10211,Not-in-family
10211,Other-relative
10211,Own-child
10211,Unmarried
10211,Wife
11017,Husband
11017,Not-in-family
11017,Other-relative
11017,Own-child
11017,Unmarried
11017,Wife
1146,Husband
1146,Not-in-family
1146,Other-relative
1146,Own-child
1146,Unmarried
1146,Wife
47133,Not-in-family
47133,Unmarried
40968,Husband
40968,Not-in-family
40968,Other-relative
40968,Own-child
40968,Unmarried
40968,Wife
4805,Not-in-family
4805,Unmarried
6650,Husband
6650,Other-relative
6650,Own-child
6650,Wife
4443,Husband
4443,Other-relative
4443,Own-child
4443,Wife
12822,Husband
12822,Not-in-family
12822,Other-relative
12822,Own-child
12822,Unmarried
12822,Wife
13927,Husband
13927,Not-in-family
13927,Other-relative
13927,Own-child
13927,Unmarried
13927,Wife
47248,Husband
47248,Other-relative
47248,Own-child
47248,Wife
11807,Husband
11807,Not-in-family
11807,Other-relative
11807,Own-child
11807,Unmarried
11807,Wife
22483,Not-in-family
22483,Unmarried
8676,Not-in-family
8676,Unmarried
37775,Husband
37775,Not-in-family
37775,Other-relative
37775,Own-child
37775,Unmarried
37775,Wife
19038,Husband
19038,Not-in-family
19038,Other-relative
19038,Own-child
19038,Unmarried
19038,Wife
25421,Husband
25421,Not-in-family
25421,Other-relative
25421,Own-child
25421,Unmarried
25421,Wife
26835,Not-in-family
26835,Unmarried
3224,Husband
3224,Other-relative
3224,Own-child
3224,Wife
48235,Husband
48235,Not-in-family
48235,Other-relative
48235,Own-child
48235,Unmarried
48235,Wife
41754,Husband
41754,Not-in-family
41754,Other-relative
41754,Own-child
41754,Unmarried
41754,Wife
25384,Husband
25384,Other-relative
25384,Own-child
25384,Wife
48608,Not-in-family
48608,Unmarried
40666,Husband
40666,Not-in-family
40666,Other-relative
40666,Own-child
40666,Unmarried
40666,Wife
29753,Husband
29753,Not-in-family
29753,Other-relative
29753,Own-child
29753,Unmarried
29753,Wife
47307,Husband
47307,Other-relative
47307,Own-child
47307,Wife
7219,Husband
7219,Not-in-family
7219,Other-relative
7219,Own-child
7219,Unmarried
7219,Wife
30629,Husband
30629,Not-in-family
30629,Other-relative
30629,Own-child
30629,Unmarried
30629,Wife
22654,Husband
22654,Not-in-family
22654,Other-relative
22654,Own-child
22654,Unmarried
22654,Wife
3854,Husband
3854,Other-relative
3854,Own-child
3854,Wife
19109,Husband
19109,Not-in-family
19109,Other-relative
19109,Own-child
19109,Unmarried
19109,Wife
45131,Husband
45131,Not-in-family
45131,Other-relative
45131,Own-child
45131,Unmarried
45131,Wife
40217,Husband
40217,Not-in-family
40217,Other-relative
40217,Own-child
40217,Unmarried
40217,Wife
47308,Husband
47308,Other-relative
47308,Own-child
47308,Wife
9658,Husband
9658,Other-relative
9658,Own-child
9658,Wife
40982,Husband
40982,Other-relative
40982,Own-child
40982,Wife
4446,Not-in-family
4446,Unmarried
23815,Husband
23815,Not-in-family
23815,Other-relative
23815,Own-child
23815,Unmarried
23815,Wife
29951,Husband
29951,Not-in-family
29951,Other-relative
29951,Own-child
29951,Unmarried
29951,Wife
39472,Not-in-family
39472,Unmarried
41750,Husband
41750,Not-in-family
41750,Other-relative
41750,Own-child
41750,Unmarried
41750,Wife
30473,Husband
30473,Not-in-family
30473,Other-relative
30473,Own-child
30473,Unmarried
30473,Wife
20469,Not-in-family
20469,Unmarried
25647,Husband
25647,Other-relative
25647,Own-child
25647,Wife
41062,Husband
41062,Other-relative
41062,Own-child
41062,Wife
8627,Husband
8627,Not-in-family
8627,Other-relative
8627,Own-child
8627,Unmarried
8627,Wife
17471,Not-in-family
17471,Unmarried
5365,Husband
5365,Other-relative
5365,Own-child
5365,Wife
17483,Husband
17483,Not-in-family
17483,Other-relative
17483,Own-child
17483,Unmarried
17483,Wife
46616,Husband
46616,Other-relative
46616,Own-child
46616,Wife
46525,Not-in-family
46525,Unmarried
14495,Husband
14495,Not-in-family
14495,Other-relative
14495,Own-child
14495,Unmarried
14495,Wife
40085,Husband
40085,Other-relative
40085,Own-child
40085,Wife
12942,Husband
12942,Not-in-family
12942,Other-relative
12942,Own-child
12942,Unmarried
12942,Wife
10513,Husband
10513,Other-relative
10513,Own-child
10513,Wife
20006,Not-in-family
20006,Unmarried
13904,Husband
13904,Other-relative
13904,Own-child
13904,Wife
45602,Not-in-family
45602,Unmarried
7018,Husband
7018,Not-in-family
7018,Other-relative
7018,Own-child
7018,Unmarried
7018,Wife
5315,Husband
5315,Other-relative
5315,Own-child
5315,Wife
18427,Husband
18427,Other-relative
18427,Own-child
18427,Wife
42963,Not-in-family
42963,Unmarried
13982,Husband
13982,Not-in-family
13982,Other-relative
13982,Own-child
13982,Unmarried
13982,Wife
26074,Husband
26074,Other-relative
26074,Own-child
26074,Wife
19508,Husband
19508,Other-relative
19508,Own-child
19508,Wife
44392,Husband
44392,Other-relative
44392,Own-child
44392,Wife
6282,Husband
6282,Not-in-family
6282,Other-relative
6282,Own-child
6282,Unmarried
6282,Wife
4195,Not-in-family
4195,Unmarried
1945,Husband
1945,Other-relative
1945,Own-child
1945,Wife
48344,Husband
48344,Not-in-family
48344,Other-relative
48344,Own-child
48344,Unmarried
48344,Wife
44647,Husband
44647,Other-relative
44647,Own-child
44647,Wife
15934,Husband
15934,Not-in-family
15934,Other-relative
15934,Own-child
15934,Unmarried
15934,Wife
28626,Husband
28626,Not-in-family
28626,Other-relative
28626,Own-child
28626,Unmarried
28626,Wife
2203,Husband
2203,Not-in-family
2203,Other-relative
2203,Own-child
2203,Unmarried
2203,Wife
9984,Husband
9984,Not-in-family
9984,Other-relative
9984,Own-child
9984,Unmarried
9984,Wife
13269,Husband
13269,Not-in-family
13269,Other-relative
13269,Own-child
13269,Unmarried
13269,Wife
44297,Husband
44297,Other-relative
44297,Own-child
44297,Wife
20849,Husband
20849,Not-in-family
20849,Other-relative
20849,Own-child
20849,Unmarried
20849,Wife
12286,Husband
12286,Not-in-family
12286,Other-relative
12286,Own-child
12286,Unmarried
12286,Wife
27732,Husband
27732,Not-in-family
27732,Other-relative
27732,Own-child
27732,Unmarried
27732,Wife
19878,Not-in-family
19878,Unmarried
12321,Not-in-family
12321,Unmarried
40647,Husband
40647,Other-relative
40647,Own-child
40647,Wife
34448,Husband
34448,Other-relative
34448,Own-child
34448,Wife
41544,Husband
41544,Other-relative
41544,Own-child
41544,Wife
40449,Not-in-family
40449,Unmarried
20134,Husband
20134,Not-in-family
20134,Other-relative
20134,Own-child
20134,Unmarried
20134,Wife
14308,Husband
14308,Not-in-family
14308,Other-relative
14308,Own-child
14308,Unmarried
14308,Wife
21471,Husband
21471,Not-in-family
21471,Other-relative
21471,Own-child
21471,Unmarried
21471,Wife
17740,Husband
17740,Other-relative
17740,Own-child
17740,Wife
47323,Husband
47323,Other-relative
47323,Own-child
47323,Wife
48730,Husband
48730,Not-in-family
48730,Other-relative
48730,Own-child
48730,Unmarried
48730,Wife
10137,Husband
10137,Not-in-family
10137,Other-relative
10137,Own-child
10137,Unmarried
10137,Wife
30590,Husband
30590,Not-in-family
30590,Other-relative
30590,Own-child
30590,Unmarried
30590,Wife
39337,Husband
39337,Other-relative
39337,Own-child
39337,Wife
27095,Husband
27095,Other-relative
27095,Own-child
27095,Wife
42852,Husband
42852,Not-in-family
42852,Other-relative
42852,Own-child
42852,Unmarried
42852,Wife
10908,Husband
10908,Not-in-family
10908,Other-relative
10908,Own-child
10908,Unmarried
10908,Wife
9735,Husband
9735,Not-in-family
9735,Other-relative
9735,Own-child
9735,Unmarried
9735,Wife
27974,Husband
27974,Other-relative
27974,Own-child
27974,Wife
26625,Husband
26625,Not-in-family
26625,Other-relative
26625,Own-child
26625,Unmarried
26625,Wife
15101,Husband
15101,Not-in-family
15101,Other-relative
15101,Own-child
15101,Unmarried
15101,Wife
21821,Husband
21821,Other-relative
21821,Own-child
21821,Wife
18785,Husband
18785,Not-in-family
18785,Other-relative
18785,Own-child
18785,Unmarried
18785,Wife
536,Husband
536,Not-in-family
536,Other-relative
536,Own-child
536,Unmarried
536,Wife
25637,Husband
25637,Other-relative
25637,Own-child
25637,Wife
38206,Husband
38206,Other-relative
38206,Own-child
38206,Wife
2534,Husband
2534,Other-relative
2534,Own-child
2534,Wife
14691,Husband
14691,Other-relative
14691,Own-child
14691,Wife
18256,Husband
18256,Other-relative
18256,Own-child
18256,Wife
48625,Husband
48625,Other-relative
48625,Own-child
48625,Wife
47880,Husband
47880,Not-in-family
47880,Other-relative
47880,Own-child
47880,Unmarried
47880,Wife
2092,Husband
2092,Not-in-family
2092,Other-relative
2092,Own-child
2092,Unmarried
2092,Wife
11727,Husband
11727,Other-relative
11727,Own-child
11727,Wife
23787,Husband
23787,Other-relative
23787,Own-child
23787,Wife
22836,Husband
22836,Not-in-family
22836,Other-relative
22836,Own-child
22836,Unmarried
22836,Wife
10468,Husband
10468,Not-in-family
10468,Other-relative
10468,Own-child
10468,Unmarried
10468,Wife
42911,Husband
42911,Not-in-family
42911,Other-relative
42911,Own-child
42911,Unmarried
42911,Wife
48435,Husband
48435,Not-in-family
48435,Other-relative
48435,Own-child
48435,Unmarried
48435,Wife
32395,Not-in-family
32395,Unmarried
32300,Husband
32300,Not-in-family
32300,Other-relative
32300,Own-child
32300,Unmarried
32300,Wife
37984,Husband
37984,Other-relative
37984,Own-child
37984,Wife
44230,Husband
44230,Not-in-family
44230,Other-relative
44230,Own-child
44230,Unmarried
44230,Wife
24872,Husband
24872,Not-in-family
24872,Other-relative
24872,Own-child
24872,Unmarried
24872,Wife
20882,Husband
20882,Not-in-family
20882,Other-relative
20882,Own-child
20882,Unmarried
20882,Wife
1565,Not-in-family
1565,Unmarried
31443,Husband
31443,Not-in-family
31443,Other-relative
31443,Own-child
31443,Unmarried
31443,Wife
23430,Husband
23430,Other-relative
23430,Own-child
23430,Wife
16937,Husband
16937,Not-in-family
16937,Other-relative
16937,Own-child
16937,Unmarried
16937,Wife
4893,Not-in-family
4893,Unmarried
43542,Husband
43542,Not-in-family
43542,Other-relative
43542,Own-child
43542,Unmarried
43542,Wife
7262,Not-in-family
7262,Unmarried
2350,Husband
2350,Not-in-family
2350,Other-relative
2350,Own-child
2350,Unmarried
2350,Wife
32996,Husband
32996,Not-in-family
32996,Other-relative
32996,Own-child
32996,Unmarried
32996,Wife
15231,Husband
15231,Other-relative
15231,Own-child
15231,Wife
43759,Husband
43759,Other-relative
43759,Own-child
43759,Wife
42460,Husband
42460,Not-in-family
42460,Other-relative
42460,Own-child
42460,Unmarried
42460,Wife
11360,Husband
11360,Not-in-family
11360,Other-relative
11360,Own-child
11360,Unmarried
11360,Wife
5325,Husband
5325,Not-in-family
5325,Other-relative
5325,Own-child
5325,Unmarried
5325,Wife
39063,Husband
39063,Other-relative
39063,Own-child
39063,Wife
43663,Not-in-family
43663,Unmarried
39422,Husband
39422,Other-relative
39422,Own-child
39422,Wife
43117,Not-in-family
43117,Unmarried
46737,Husband
46737,Other-relative
46737,Own-child
46737,Wife
34587,Husband
34587,Not-in-family
34587,Other-relative
34587,Own-child
34587,Unmarried
34587,Wife
23124,Not-in-family
23124,Unmarried
25700,Husband
25700,Other-relative
25700,Own-child
25700,Wife
43496,Husband
43496,Other-relative
43496,Own-child
43496,Wife
19908,Husband
19908,Other-relative
19908,Own-child
19908,Wife
48711,Husband
48711,Other-relative
48711,Own-child
48711,Wife
19297,Not-in-family
19297,Unmarried
25199,Husband
25199,Not-in-family
25199,Other-relative
25199,Own-child
25199,Unmarried
25199,Wife
27251,Not-in-family
27251,Unmarried
18544,Husband
18544,Not-in-family
18544,Other-relative
18544,Own-child
18544,Unmarried
18544,Wife
25590,Husband
25590,Other-relative
25590,Own-child
25590,Wife
28069,Husband
28069,Not-in-family
28069,Other-relative
28069,Own-child
28069,Unmarried
28069,Wife
37705,Husband
37705,Not-in-family
37705,Other-relative
37705,Own-child
37705,Unmarried
37705,Wife
31278,Husband
31278,Other-relative
31278,Own-child
31278,Wife
9828,Husband
9828,Other-relative
9828,Own-child
9828,Wife
4414,Husband
4414,Not-in-family
4414,Other-relative
4414,Own-child
4414,Unmarried
4414,Wife
29567,Husband
29567,Other-relative
29567,Own-child
29567,Wife
36636,Husband
36636,Not-in-family
36636,Other-relative
36636,Own-child
36636,Unmarried
36636,Wife
2563,Not-in-family
2563,Unmarried
38414,Husband
38414,Not-in-family
38414,Other-relative
38414,Own-child
38414,Unmarried
38414,Wife
17965,Husband
17965,Not-in-family
17965,Other-relative
17965,Own-child
17965,Unmarried
17965,Wife
28352,Husband
28352,Other-relative
28352,Own-child
28352,Wife
46106,Not-in-family
46106,Unmarried
25781,Husband
25781,Not-in-family
25781,Other-relative
25781,Own-child
25781,Unmarried
25781,Wife
21533,Husband
21533,Not-in-family
21533,Other-relative
21533,Own-child
21533,Unmarried
21533,Wife
15709,Husband
15709,Other-relative
15709,Own-child
15709,Wife
33722,Husband
33722,Other-relative
33722,Own-child
33722,Wife
4246,Husband
4246,Other-relative
4246,Own-child
4246,Wife
17598,Husband
17598,Other-relative
17598,Own-child
17598,Wife
45889,Husband
45889,Not-in-family
45889,Other-relative
45889,Own-child
45889,Unmarried
45889,Wife
34313,Husband
34313,Not-in-family
34313,Other-relative
34313,Own-child
34313,Unmarried
34313,Wife
19863,Husband
19863,Not-in-family
19863,Other-relative
19863,Own-child
19863,Unmarried
19863,Wife
24278,Husband
24278,Not-in-family
24278,Other-relative
24278,Own-child
24278,Unmarried
24278,Wife
28959,Husband
28959,Not-in-family
28959,Other-relative
28959,Own-child
28959,Unmarried
28959,Wife
25064,Husband
25064,Not-in-family
25064,Other-relative
25064,Own-child
25064,Unmarried
25064,Wife
42652,Husband
42652,Not-in-family
42652,Other-relative
42652,Own-child
42652,Unmarried
42652,Wife
31516,Husband
31516,Not-in-family
31516,Other-relative
31516,Own-child
31516,Unmarried
31516,Wife
36662,Husband
36662,Other-relative
36662,Own-child
36662,Wife
1212,Husband
1212,Not-in-family
1212,Other-relative
1212,Own-child
1212,Unmarried
1212,Wife
40096,Husband
40096,Not-in-family
40096,Other-relative
40096,Own-child
40096,Unmarried
40096,Wife
7482,Not-in-family
7482,Unmarried
25735,Husband
25735,Not-in-family
25735,Other-relative
25735,Own-child
25735,Unmarried
25735,Wife
31317,Husband
31317,Not-in-family
31317,Other-relative
31317,Own-child
31317,Unmarried
31317,Wife
32957,Husband
32957,Not-in-family
32957,Other-relative
32957,Own-child
32957,Unmarried
32957,Wife
39496,Husband
39496,Not-in-family
39496,Other-relative
39496,Own-child
39496,Unmarried
39496,Wife
42292,Husband
42292,Not-in-family
42292,Other-relative
42292,Own-child
42292,Unmarried
42292,Wife
4648,Husband
4648,Not-in-family
4648,Other-relative
4648,Own-child
4648,Unmarried
4648,Wife
5894,Husband
5894,Other-relative
5894,Own-child
5894,Wife
18377,Husband
18377,Not-in-family
18377,Other-relative
18377,Own-child
18377,Unmarried
18377,Wife
20522,Husband
20522,Not-in-family
20522,Other-relative
20522,Own-child
20522,Unmarried
20522,Wife
3630,Husband
3630,Not-in-family
3630,Other-relative
3630,Own-child
3630,Unmarried
3630,Wife
43519,Husband
43519,Not-in-family
43519,Other-relative
43519,Own-child
43519,Unmarried
43519,Wife
13751,Husband
13751,Not-in-family
13751,Other-relative
13751,Own-child
13751,Unmarried
13751,Wife
11109,Husband
11109,Other-relative
11109,Own-child
11109,Wife
10276,Husband
10276,Other-relative
10276,Own-child
10276,Wife
33259,Husband
33259,Other-relative
33259,Own-child
33259,Wife
28983,Husband
28983,Other-relative
28983,Own-child
28983,Wife
4651,Husband
4651,Not-in-family
4651,Other-relative
4651,Own-child
4651,Unmarried
4651,Wife
38541,Husband
38541,Other-relative
38541,Own-child
38541,Wife
40287,Husband
40287,Other-relative
40287,Own-child
40287,Wife
45166,Husband
45166,Other-relative
45166,Own-child
45166,Wife
23416,Husband
23416,Not-in-family
23416,Other-relative
23416,Own-child
23416,Unmarried
23416,Wife
9182,Husband
9182,Other-relative
9182,Own-child
9182,Wife
40301,Not-in-family
40301,Unmarried
39649,Husband
39649,Other-relative
39649,Own-child
39649,Wife
7121,Not-in-family
7121,Unmarried
5872,Husband
5872,Not-in-family
5872,Other-relative
5872,Own-child
5872,Unmarried
5872,Wife
31485,Husband
31485,Not-in-family
31485,Other-relative
31485,Own-child
31485,Unmarried
31485,Wife
5096,Husband
5096,Not-in-family
5096,Other-relative
5096,Own-child
5096,Unmarried
5096,Wife
43187,Husband
43187,Not-in-family
43187,Other-relative
43187,Own-child
43187,Unmarried
43187,Wife
13491,Not-in-family
13491,Unmarried
41645,Husband
41645,Other-relative
41645,Own-child
41645,Wife
29111,Husband
29111,Other-relative
29111,Own-child
29111,Wife
13879,Husband
13879,Not-in-family
13879,Other-relative
13879,Own-child
13879,Unmarried
13879,Wife
30054,Husband
30054,Not-in-family
30054,Other-relative
30054,Own-child
30054,Unmarried
30054,Wife
27793,Husband
27793,Not-in-family
27793,Other-relative
27793,Own-child
27793,Unmarried
27793,Wife
13502,Husband
13502,Other-relative
13502,Own-child
13502,Wife
47963,Husband
47963,Not-in-family
47963,Other-relative
47963,Own-child
47963,Unmarried
47963,Wife
44488,Not-in-family
44488,Unmarried
23933,Husband
23933,Not-in-family
23933,Other-relative
23933,Own-child
23933,Unmarried
23933,Wife
30413,Husband
30413,Not-in-family
30413,Other-relative
30413,Own-child
30413,Unmarried
30413,Wife
48179,Husband
48179,Other-relative
48179,Own-child
48179,Wife
3012,Husband
3012,Other-relative
3012,Own-child
3012,Wife
29343,Husband
29343,Other-relative
29343,Own-child
29343,Wife
34274,Husband
34274,Not-in-family
34274,Other-relative
34274,Own-child
34274,Unmarried
34274,Wife
33519,Husband
33519,Not-in-family
33519,Other-relative
33519,Own-child
33519,Unmarried
33519,Wife
28442,Husband
28442,Other-relative
28442,Own-child
28442,Wife
37325,Not-in-family
37325,Unmarried
17687,Husband
17687,Not-in-family
17687,Other-relative
17687,Own-child
17687,Unmarried
17687,Wife
42164,Husband
42164,Not-in-family
42164,Other-relative
42164,Own-child
42164,Unmarried
42164,Wife
44454,Husband
44454,Other-relative
44454,Own-child
44454,Wife
25834,Husband
25834,Other-relative
25834,Own-child
25834,Wife
23033,Husband
23033,Not-in-family
23033,Other-relative
23033,Own-child
23033,Unmarried
23033,Wife
10320,Not-in-family
10320,Unmarried
8486,Husband
8486,Not-in-family
8486,Other-relative
8486,Own-child
8486,Unmarried
8486,Wife
20048,Husband
20048,Not-in-family
20048,Other-relative
20048,Own-child
20048,Unmarried
20048,Wife
31413,Not-in-family
31413,Unmarried
38695,Husband
38695,Not-in-family
38695,Other-relative
38695,Own-child
38695,Unmarried
38695,Wife
35268,Not-in-family
35268,Unmarried
42066,Husband
42066,Other-relative
42066,Own-child
42066,Wife
46189,Husband
46189,Not-in-family
46189,Other-relative
46189,Own-child
46189,Unmarried
46189,Wife
7074,Husband
7074,Other-relative
7074,Own-child
7074,Wife
32471,Husband
32471,Not-in-family
32471,Other-relative
32471,Own-child
32471,Unmarried
32471,Wife
9843,Husband
9843,Other-relative
9843,Own-child
9843,Wife
13066,Husband
13066,Not-in-family
13066,Other-relative
13066,Own-child
13066,Unmarried
13066,Wife
41484,Husband
41484,Not-in-family
41484,Other-relative
41484,Own-child
41484,Unmarried
41484,Wife
6864,Husband
6864,Not-in-family
6864,Other-relative
6864,Own-child
6864,Unmarried
6864,Wife
22178,Not-in-family
22178,Unmarried
27453,Husband
27453,Other-relative
27453,Own-child
27453,Wife
5840,Not-in-family
5840,Unmarried
25738,Husband
25738,Not-in-family
25738,Other-relative
25738,Own-child
25738,Unmarried
25738,Wife
40037,Husband
40037,Not-in-family
40037,Other-relative
40037,Own-child
40037,Unmarried
40037,Wife
31116,Husband
31116,Not-in-family
31116,Other-relative
31116,Own-child
31116,Unmarried
31116,Wife
8945,Husband
8945,Other-relative
8945,Own-child
8945,Wife
31915,Husband
31915,Not-in-family
31915,Other-relative
31915,Own-child
31915,Unmarried
31915,Wife
42817,Husband
42817,Other-relative
42817,Own-child
42817,Wife
8678,Husband
8678,Not-in-family
8678,Other-relative
8678,Own-child
8678,Unmarried
8678,Wife
43788,Not-in-family
43788,Unmarried
18706,Husband
18706,Other-relative
18706,Own-child
18706,Wife
4767,Husband
4767,Not-in-family
4767,Other-relative
4767,Own-child
4767,Unmarried
4767,Wife
17298,Husband
17298,Not-in-family
17298,Other-relative
17298,Own-child
17298,Unmarried
17298,Wife
7577,Husband
7577,Not-in-family
7577,Other-relative
7577,Own-child
7577,Unmarried
7577,Wife
21808,Not-in-family
21808,Unmarried
41487,Husband
41487,Other-relative
41487,Own-child
41487,Wife
25832,Husband
25832,Not-in-family
25832,Other-relative
25832,Own-child
25832,Unmarried
25832,Wife
2657,Husband
2657,Not-in-family
2657,Other-relative
2657,Own-child
2657,Unmarried
2657,Wife
6917,Husband
6917,Other-relative
6917,Own-child
6917,Wife
2321,Husband
2321,Other-relative
2321,Own-child
2321,Wife
2147,Husband
2147,Other-relative
2147,Own-child
2147,Wife
3172,Husband
3172,Not-in-family
3172,Other-relative
3172,Own-child
3172,Unmarried
3172,Wife
41007,Not-in-family
41007,Unmarried
13533,Husband
13533,Not-in-family
13533,Other-relative
13533,Own-child
13533,Unmarried
13533,Wife
5132,Husband
5132,Not-in-family
5132,Other-relative
5132,Own-child
5132,Unmarried
5132,Wife
34615,Husband
34615,Not-in-family
34615,Other-relative
34615,Own-child
34615,Unmarried
34615,Wife
8212,Husband
8212,Not-in-family
8212,Other-relative
8212,Own-child
8212,Unmarried
8212,Wife
15979,Husband
15979,Other-relative
15979,Own-child
15979,Wife
20702,Husband
20702,Not-in-family
20702,Other-relative
20702,Own-child
20702,Unmarried
20702,Wife
2848,Husband
2848,Other-relative
2848,Own-child
2848,Wife
36936,Husband
36936,Other-relative
36936,Own-child
36936,Wife
18898,Husband
18898,Other-relative
18898,Own-child
18898,Wife
12408,Not-in-family
12408,Unmarried
4097,Husband
4097,Other-relative
4097,Own-child
4097,Wife
35155,Husband
35155,Not-in-family
35155,Other-relative
35155,Own-child
35155,Unmarried
35155,Wife
2959,Husband
2959,Not-in-family
2959,Other-relative
2959,Own-child
2959,Unmarried
2959,Wife
945,Husband
945,Not-in-family
945,Other-relative
945,Own-child
945,Unmarried
945,Wife
21287,Husband
21287,Not-in-family
21287,Other-relative
21287,Own-child
21287,Unmarried
21287,Wife
11944,Husband
11944,Other-relative
11944,Own-child
11944,Wife
32100,Husband
32100,Not-in-family
32100,Other-relative
32100,Own-child
32100,Unmarried
32100,Wife
12500,Husband
12500,Other-relative
12500,Own-child
12500,Wife
6756,Husband
6756,Not-in-family
6756,Other-relative
6756,Own-child
6756,Unmarried
6756,Wife
37621,Husband
37621,Other-relative
37621,Own-child
37621,Wife
15975,Not-in-family
15975,Unmarried
21389,Husband
21389,Not-in-family
21389,Other-relative
21389,Own-child
21389,Unmarried
21389,Wife
38273,Husband
38273,Not-in-family
38273,Other-relative
38273,Own-child
38273,Unmarried
38273,Wife
21399,Husband
21399,Not-in-family
21399,Other-relative
21399,Own-child
21399,Unmarried
21399,Wife
174,Husband
174,Not-in-family
174,Other-relative
174,Own-child
174,Unmarried
174,Wife
33189,Husband
33189,Other-relative
33189,Own-child
33189,Wife
17478,Husband
17478,Other-relative
17478,Own-child
17478,Wife
31507,Husband
31507,Other-relative
31507,Own-child
31507,Wife
6669,Husband
6669,Not-in-family
6669,Other-relative
6669,Own-child
6669,Unmarried
6669,Wife
35930,Not-in-family
35930,Unmarried
39281,Not-in-family
39281,Unmarried
5273,Husband
5273,Other-relative
5273,Own-child
5273,Wife
35487,Husband
35487,Not-in-family
35487,Other-relative
35487,Own-child
35487,Unmarried
35487,Wife
37740,Not-in-family
37740,Unmarried
12091,Husband
12091,Not-in-family
12091,Other-relative
12091,Own-child
12091,Unmarried
12091,Wife
43340,Husband
43340,Not-in-family
43340,Other-relative
43340,Own-child
43340,Unmarried
43340,Wife
11364,Not-in-family
11364,Unmarried
16956,Not-in-family
16956,Unmarried
30107,Husband
30107,Not-in-family
30107,Other-relative
30107,Own-child
30107,Unmarried
30107,Wife
42264,Husband
42264,Not-in-family
42264,Other-relative
42264,Own-child
42264,Unmarried
42264,Wife
11493,Husband
11493,Not-in-family
11493,Other-relative
11493,Own-child
11493,Unmarried
11493,Wife
11351,Husband
11351,Other-relative
11351,Own-child
11351,Wife
19993,Husband
19993,Other-relative
19993,Own-child
19993,Wife
32723,Husband
32723,Other-relative
32723,Own-child
32723,Wife
48564,Husband
48564,Not-in-family
48564,Other-relative
48564,Own-child
48564,Unmarried
48564,Wife
46166,Husband
46166,Other-relative
46166,Own-child
46166,Wife
34792,Husband
34792,Not-in-family
34792,Other-relative
34792,Own-child
34792,Unmarried
34792,Wife
43893,Husband
43893,Other-relative
43893,Own-child
43893,Wife
27353,Husband
27353,Other-relative
27353,Own-child
27353,Wife
8750,Not-in-family
8750,Unmarried
10804,Husband
10804,Other-relative
10804,Own-child
10804,Wife
35297,Husband
35297,Not-in-family
35297,Other-relative
35297,Own-child
35297,Unmarried
35297,Wife
15108,Husband
15108,Other-relative
15108,Own-child
15108,Wife
46708,Husband
46708,Other-relative
46708,Own-child
46708,Wife
20529,Husband
20529,Other-relative
20529,Own-child
20529,Wife
19501,Husband
19501,Not-in-family
19501,Other-relative
19501,Own-child
19501,Unmarried
19501,Wife
11134,Husband
11134,Not-in-family
11134,Other-relative
11134,Own-child
11134,Unmarried
11134,Wife
21314,Husband
21314,Not-in-family
21314,Other-relative
21314,Own-child
21314,Unmarried
21314,Wife
13962,Husband
13962,Other-relative
13962,Own-child
13962,Wife
17930,Husband
17930,Not-in-family
17930,Other-relative
17930,Own-child
17930,Unmarried
17930,Wife
9079,Husband
9079,Other-relative
9079,Own-child
9079,Wife
42506,Husband
42506,Other-relative
42506,Own-child
42506,Wife
2890,Husband
2890,Not-in-family
2890,Other-relative
2890,Own-child
2890,Unmarried
2890,Wife
42706,Not-in-family
42706,Unmarried
23855,Husband
23855,Not-in-family
23855,Other-relative
23855,Own-child
23855,Unmarried
23855,Wife
46916,Husband
46916,Not-in-family
46916,Other-relative
46916,Own-child
46916,Unmarried
46916,Wife
1855,Husband
1855,Other-relative
1855,Own-child
1855,Wife
26983,Husband
26983,Not-in-family
26983,Other-relative
26983,Own-child
26983,Unmarried
26983,Wife
2556,Husband
2556,Not-in-family
2556,Other-relative
2556,Own-child
2556,Unmarried
2556,Wife
30414,Husband
30414,Not-in-family
30414,Other-relative
30414,Own-child
30414,Unmarried
30414,Wife
41938,Husband
41938,Not-in-family
41938,Other-relative
41938,Own-child
41938,Unmarried
41938,Wife
5311,Husband
5311,Not-in-family
5311,Other-relative
5311,Own-child
5311,Unmarried
5311,Wife
7626,Husband
7626,Not-in-family
7626,Other-relative
7626,Own-child
7626,Unmarried
7626,Wife
38069,Husband
38069,Other-relative
38069,Own-child
38069,Wife
27031,Not-in-family
27031,Unmarried
7778,Husband
7778,Other-relative
7778,Own-child
7778,Wife
33545,Husband
33545,Other-relative
33545,Own-child
33545,Wife
40406,Husband
40406,Other-relative
40406,Own-child
40406,Wife
24797,Husband
24797,Not-in-family
24797,Other-relative
24797,Own-child
24797,Unmarried
24797,Wife
3170,Husband
3170,Not-in-family
3170,Other-relative
3170,Own-child
3170,Unmarried
3170,Wife
47471,Husband
47471,Not-in-family
47471,Other-relative
47471,Own-child
47471,Unmarried
47471,Wife
11607,Husband
11607,Other-relative
11607,Own-child
11607,Wife
34474,Husband
34474,Not-in-family
34474,Other-relative
34474,Own-child
34474,Unmarried
34474,Wife
40046,Husband
40046,Not-in-family
40046,Other-relative
40046,Own-child
40046,Unmarried
40046,Wife
39488,Husband
39488,Not-in-family
39488,Other-relative
39488,Own-child
39488,Unmarried
39488,Wife
48575,Husband
48575,Not-in-family
48575,Other-relative
48575,Own-child
48575,Unmarried
48575,Wife
12467,Husband
12467,Not-in-family
12467,Other-relative
12467,Own-child
12467,Unmarried
12467,Wife
24211,Husband
24211,Not-in-family
24211,Other-relative
24211,Own-child
24211,Unmarried
24211,Wife
37599,Husband
37599,Not-in-family
37599,Other-relative
37599,Own-child
37599,Unmarried
37599,Wife
23193,Husband
23193,Not-in-family
23193,Other-relative
23193,Own-child
23193,Unmarried
23193,Wife
41279,Husband
41279,Not-in-family
41279,Other-relative
41279,Own-child
41279,Unmarried
41279,Wife
24086,Husband
24086,Not-in-family
24086,Other-relative
24086,Own-child
24086,Unmarried
24086,Wife
15741,Husband
15741,Other-relative
15741,Own-child
15741,Wife
11004,Husband
11004,Not-in-family
11004,Other-relative
11004,Own-child
11004,Unmarried
11004,Wife
41728,Husband
41728,Other-relative
41728,Own-child
41728,Wife
31770,Husband
31770,Not-in-family
31770,Other-relative
31770,Own-child
31770,Unmarried
31770,Wife
7587,Husband
7587,Not-in-family
7587,Other-relative
7587,Own-child
7587,Unmarried
7587,Wife
16211,Husband
16211,Not-in-family
16211,Other-relative
16211,Own-child
16211,Unmarried
16211,Wife
19910,Husband
19910,Not-in-family
19910,Other-relative
19910,Own-child
19910,Unmarried
19910,Wife
2880,Husband
2880,Other-relative
2880,Own-child
2880,Wife
46248,Husband
46248,Not-in-family
46248,Other-relative
46248,Own-child
46248,Unmarried
46248,Wife
45317,Husband
45317,Not-in-family
45317,Other-relative
45317,Own-child
45317,Unmarried
45317,Wife
28683,Husband
28683,Other-relative
28683,Own-child
28683,Wife
27777,Not-in-family
27777,Unmarried
34622,Husband
34622,Not-in-family
34622,Other-relative
34622,Own-child
34622,Unmarried
34622,Wife
36988,Husband
36988,Other-relative
36988,Own-child
36988,Wife
10956,Husband
10956,Other-relative
10956,Own-child
10956,Wife
38328,Husband
38328,Other-relative
38328,Own-child
38328,Wife
7691,Husband
7691,Other-relative
7691,Own-child
7691,Wife
15134,Husband
15134,Not-in-family
15134,Other-relative
15134,Own-child
15134,Unmarried
15134,Wife
43172,Husband
43172,Not-in-family
43172,Other-relative
43172,Own-child
43172,Unmarried
43172,Wife
24885,Husband
24885,Not-in-family
24885,Other-relative
24885,Own-child
24885,Unmarried
24885,Wife
28278,Husband
28278,Not-in-family
28278,Other-relative
28278,Own-child
28278,Unmarried
28278,Wife
12290,Husband
12290,Other-relative
12290,Own-child
12290,Wife
30096,Husband
30096,Other-relative
30096,Own-child
30096,Wife
29731,Husband
29731,Other-relative
29731,Own-child
29731,Wife
24348,Husband
24348,Not-in-family
24348,Other-relative
24348,Own-child
24348,Unmarried
24348,Wife
22569,Husband
22569,Other-relative
22569,Own-child
22569,Wife
32063,Husband
32063,Other-relative
32063,Own-child
32063,Wife
15524,Not-in-family
15524,Unmarried
9468,Husband
9468,Other-relative
9468,Own-child
9468,Wife
7581,Husband
7581,Other-relative
7581,Own-child
7581,Wife
24667,Husband
24667,Not-in-family
24667,Other-relative
24667,Own-child
24667,Unmarried
24667,Wife
9936,Husband
9936,Not-in-family
9936,Other-relative
9936,Own-child
9936,Unmarried
9936,Wife
20781,Husband
20781,Not-in-family
20781,Other-relative
20781,Own-child
20781,Unmarried
20781,Wife
10981,Husband
10981,Other-relative
10981,Own-child
10981,Wife
27070,Husband
27070,Not-in-family
27070,Other-relative
27070,Own-child
27070,Unmarried
27070,Wife
23917,Husband
23917,Not-in-family
23917,Other-relative
23917,Own-child
23917,Unmarried
23917,Wife
4978,Not-in-family
4978,Unmarried
42873,Husband
42873,Not-in-family
42873,Other-relative
42873,Own-child
42873,Unmarried
42873,Wife
33784,Husband
33784,Not-in-family
33784,Other-relative
33784,Own-child
33784,Unmarried
33784,Wife
16426,Husband
16426,Not-in-family
16426,Other-relative
16426,Own-child
16426,Unmarried
16426,Wife
12431,Husband
12431,Not-in-family
12431,Other-relative
12431,Own-child
12431,Unmarried
12431,Wife
10635,Husband
10635,Other-relative
10635,Own-child
10635,Wife
13452,Husband
13452,Other-relative
13452,Own-child
13452,Wife
28875,Not-in-family
28875,Unmarried
19421,Not-in-family
19421,Unmarried
19922,Husband
19922,Not-in-family
19922,Other-relative
19922,Own-child
19922,Unmarried
19922,Wife
31280,Husband
31280,Other-relative
31280,Own-child
31280,Wife
43764,Husband
43764,Not-in-family
43764,Other-relative
43764,Own-child
43764,Unmarried
43764,Wife
39055,Husband
39055,Other-relative
39055,Own-child
39055,Wife
24893,Not-in-family
24893,Unmarried
9318,Husband
9318,Not-in-family
9318,Other-relative
9318,Own-child
9318,Unmarried
9318,Wife
15749,Husband
15749,Not-in-family
15749,Other-relative
15749,Own-child
15749,Unmarried
15749,Wife
27553,Husband
27553,Not-in-family
27553,Other-relative
27553,Own-child
27553,Unmarried
27553,Wife
30465,Not-in-family
30465,Unmarried
30634,Husband
30634,Other-relative
30634,Own-child
30634,Wife
1069,Husband
1069,Not-in-family
1069,Other-relative
1069,Own-child
1069,Unmarried
1069,Wife
33322,Husband
33322,Other-relative
33322,Own-child
33322,Wife
20104,Not-in-family
20104,Unmarried
29565,Not-in-family
29565,Unmarried
11941,Husband
11941,Not-in-family
11941,Other-relative
11941,Own-child
11941,Unmarried
11941,Wife
18225,Not-in-family
18225,Unmarried
27296,Husband
27296,Other-relative
27296,Own-child
27296,Wife
41375,Husband
41375,Other-relative
41375,Own-child
41375,Wife
48446,Not-in-family
48446,Unmarried
22076,Husband
22076,Not-in-family
22076,Other-relative
22076,Own-child
22076,Unmarried
22076,Wife
40777,Husband
40777,Other-relative
40777,Own-child
40777,Wife
23042,Husband
23042,Not-in-family
23042,Other-relative
23042,Own-child
23042,Unmarried
23042,Wife
44525,Husband
44525,Other-relative
44525,Own-child
44525,Wife
9812,Husband
9812,Other-relative
9812,Own-child
9812,Wife
21627,Not-in-family
21627,Unmarried
35722,Not-in-family
35722,Unmarried
31033,Husband
31033,Other-relative
31033,Own-child
31033,Wife
31569,Husband
31569,Not-in-family
31569,Other-relative
31569,Own-child
31569,Unmarried
31569,Wife
14552,Husband
14552,Not-in-family
14552,Other-relative
14552,Own-child
14552,Unmarried
14552,Wife
15241,Not-in-family
15241,Unmarried
47613,Husband
47613,Other-relative
47613,Own-child
47613,Wife
2692,Husband
2692,Not-in-family
2692,Other-relative
2692,Own-child
2692,Unmarried
2692,Wife
22252,Husband
22252,Not-in-family
22252,Other-relative
22252,Own-child
22252,Unmarried
22252,Wife
6288,Not-in-family
6288,Unmarried
2258,Husband
2258,Other-relative
2258,Own-child
2258,Wife
48616,Husband
48616,Not-in-family
48616,Other-relative
48616,Own-child
48616,Unmarried
48616,Wife
13978,Husband
13978,Not-in-family
13978,Other-relative
13978,Own-child
13978,Unmarried
13978,Wife
33162,Not-in-family
33162,Unmarried
28152,Husband
28152,Other-relative
28152,Own-child
28152,Wife
47184,Husband
47184,Not-in-family
47184,Other-relative
47184,Own-child
47184,Unmarried
47184,Wife
31304,Husband
31304,Other-relative
31304,Own-child
31304,Wife
25922,Husband
25922,Other-relative
25922,Own-child
25922,Wife
126,Husband
126,Other-relative
126,Own-child
126,Wife
19227,Husband
19227,Not-in-family
19227,Other-relative
19227,Own-child
19227,Unmarried
19227,Wife
21606,Husband
21606,Not-in-family
21606,Other-relative
21606,Own-child
21606,Unmarried
21606,Wife
40396,Husband
40396,Not-in-family
40396,Other-relative
40396,Own-child
40396,Unmarried
40396,Wife
12623,Not-in-family
12623,Unmarried
28529,Husband
28529,Not-in-family
28529,Other-relative
28529,Own-child
28529,Unmarried
28529,Wife
26655,Husband
26655,Other-relative
26655,Own-child
26655,Wife
36210,Husband
36210,Not-in-family
36210,Other-relative
36210,Own-child
36210,Unmarried
36210,Wife
9998,Husband
9998,Not-in-family
9998,Other-relative
9998,Own-child
9998,Unmarried
9998,Wife
4665,Not-in-family
4665,Unmarried
33592,Husband
33592,Other-relative
33592,Own-child
33592,Wife
15440,Husband
15440,Not-in-family
15440,Other-relative
15440,Own-child
15440,Unmarried
15440,Wife
45720,Husband
45720,Not-in-family
45720,Other-relative
45720,Own-child
45720,Unmarried
45720,Wife
44631,Husband
44631,Not-in-family
44631,Other-relative
44631,Own-child
44631,Unmarried
44631,Wife
32916,Husband
32916,Other-relative
32916,Own-child
32916,Wife
23891,Husband
23891,Not-in-family
23891,Other-relative
23891,Own-child
23891,Unmarried
23891,Wife
16376,Husband
16376,Other-relative
16376,Own-child
16376,Wife
24754,Husband
24754,Other-relative
24754,Own-child
24754,Wife
31153,Not-in-family
31153,Unmarried
18807,Husband
18807,Other-relative
18807,Own-child
18807,Wife
12240,Not-in-family
12240,Unmarried
46229,Not-in-family
46229,Unmarried
7246,Husband
7246,Other-relative
7246,Own-child
7246,Wife
16522,Husband
16522,Not-in-family
16522,Other-relative
16522,Own-child
16522,Unmarried
16522,Wife
17843,Husband
17843,Not-in-family
17843,Other-relative
17843,Own-child
17843,Unmarried
17843,Wife
35605,Not-in-family
35605,Unmarried
39244,Husband
39244,Not-in-family
39244,Other-relative
39244,Own-child
39244,Unmarried
39244,Wife
24032,Husband
24032,Other-relative
24032,Own-child
24032,Wife
9313,Not-in-family
9313,Unmarried
5602,Husband
5602,Not-in-family
5602,Other-relative
5602,Own-child
5602,Unmarried
5602,Wife
2887,Husband
2887,Other-relative
2887,Own-child
2887,Wife
46299,Not-in-family
46299,Unmarried
21538,Husband
21538,Other-relative
21538,Own-child
21538,Wife
3671,Husband
3671,Other-relative
3671,Own-child
3671,Wife
18957,Husband
18957,Not-in-family
18957,Other-relative
18957,Own-child
18957,Unmarried
18957,Wife
13192,Husband
13192,Other-relative
13192,Own-child
13192,Wife
15483,Husband
15483,Not-in-family
15483,Other-relative
15483,Own-child
15483,Unmarried
15483,Wife
43525,Not-in-family
43525,Unmarried
48313,Not-in-family
48313,Unmarried
7194,Husband
7194,Other-relative
7194,Own-child
7194,Wife
246,Husband
246,Not-in-family
246,Other-relative
246,Own-child
246,Unmarried
246,Wife
25575,Husband
25575,Not-in-family
25575,Other-relative
25575,Own-child
25575,Unmarried
25575,Wife
29415,Husband
29415,Other-relative
29415,Own-child
29415,Wife
24261,Husband
24261,Not-in-family
24261,Other-relative
24261,Own-child
24261,Unmarried
24261,Wife
17887,Husband
17887,Other-relative
17887,Own-child
17887,Wife
34749,Husband
34749,Other-relative
34749,Own-child
34749,Wife
16081,Husband
16081,Other-relative
16081,Own-child
16081,Wife
30285,Husband
30285,Other-relative
30285,Own-child
30285,Wife
29556,Husband
29556,Not-in-family
29556,Other-relative
29556,Own-child
29556,Unmarried
29556,Wife
22418,Not-in-family
22418,Unmarried
7263,Husband
7263,Not-in-family
7263,Other-relative
7263,Own-child
7263,Unmarried
7263,Wife
10798,Husband
10798,Not-in-family
10798,Other-relative
10798,Own-child
10798,Unmarried
10798,Wife
29385,Husband
29385,Not-in-family
29385,Other-relative
29385,Own-child
29385,Unmarried
29385,Wife
15190,Husband
15190,Other-relative
15190,Own-child
15190,Wife
3894,Husband
3894,Other-relative
3894,Own-child
3894,Wife
19003,Husband
19003,Not-in-family
19003,Other-relative
19003,Own-child
19003,Unmarried
19003,Wife
24418,Husband
24418,Other-relative
24418,Own-child
24418,Wife
9013,Husband
9013,Not-in-family
9013,Other-relative
9013,Own-child
9013,Unmarried
9013,Wife
8708,Husband
8708,Not-in-family
8708,Other-relative
8708,Own-child
8708,Unmarried
8708,Wife
6595,Not-in-family
6595,Unmarried
24962,Husband
24962,Other-relative
24962,Own-child
24962,Wife
25945,Husband
25945,Not-in-family
25945,Other-relative
25945,Own-child
25945,Unmarried
25945,Wife
15160,Husband
15160,Other-relative
15160,Own-child
15160,Wife
5188,Husband
5188,Not-in-family
5188,Other-relative
5188,Own-child
5188,Unmarried
5188,Wife
27407,Not-in-family
27407,Unmarried
6578,Husband
6578,Not-in-family
6578,Other-relative
6578,Own-child
6578,Unmarried
6578,Wife
46348,Husband
46348,Not-in-family
46348,Other-relative
46348,Own-child
46348,Unmarried
46348,Wife
17254,Husband
17254,Not-in-family
17254,Other-relative
17254,Own-child
17254,Unmarried
17254,Wife
16324,Husband
16324,Not-in-family
16324,Other-relative
16324,Own-child
16324,Unmarried
16324,Wife
5357,Husband
5357,Other-relative
5357,Own-child
5357,Wife
11881,Husband
11881,Not-in-family
11881,Other-relative
11881,Own-child
11881,Unmarried
11881,Wife
10242,Husband
10242,Not-in-family
10242,Other-relative
10242,Own-child
10242,Unmarried
10242,Wife
6876,Husband
6876,Not-in-family
6876,Other-relative
6876,Own-child
6876,Unmarried
6876,Wife
39487,Husband
39487,Other-relative
39487,Own-child
39487,Wife
48173,Husband
48173,Other-relative
48173,Own-child
48173,Wife
20362,Husband
20362,Other-relative
20362,Own-child
20362,Wife
11054,Husband
11054,Not-in-family
11054,Other-relative
11054,Own-child
11054,Unmarried
11054,Wife
10410,Not-in-family
10410,Unmarried
13047,Husband
13047,Not-in-family
13047,Other-relative
13047,Own-child
13047,Unmarried
13047,Wife
11302,Husband
11302,Not-in-family
11302,Other-relative
11302,Own-child
11302,Unmarried
11302,Wife
35144,Husband
35144,Other-relative
35144,Own-child
35144,Wife
16102,Not-in-family
16102,Unmarried
37904,Husband
37904,Other-relative
37904,Own-child
37904,Wife
43576,Husband
43576,Other-relative
43576,Own-child
43576,Wife
3375,Husband
3375,Other-relative
3375,Own-child
3375,Wife
27825,Husband
27825,Not-in-family
27825,Other-relative
27825,Own-child
27825,Unmarried
27825,Wife
37327,Husband
37327,Not-in-family
37327,Other-relative
37327,Own-child
37327,Unmarried
37327,Wife
42549,Husband
42549,Other-relative
42549,Own-child
42549,Wife
18569,Husband
18569,Other-relative
18569,Own-child
18569,Wife
25821,Husband
25821,Not-in-family
25821,Other-relative
25821,Own-child
25821,Unmarried
25821,Wife
16844,Not-in-family
16844,Unmarried
41538,Husband
41538,Not-in-family
41538,Other-relative
41538,Own-child
41538,Unmarried
41538,Wife
7824,Husband
7824,Other-relative
7824,Own-child
7824,Wife
31151,Husband
31151,Not-in-family
31151,Other-relative
31151,Own-child
31151,Unmarried
31151,Wife
34005,Husband
34005,Other-relative
34005,Own-child
34005,Wife
9316,Not-in-family
9316,Unmarried
37861,Not-in-family
37861,Unmarried
30944,Husband
30944,Not-in-family
30944,Other-relative
30944,Own-child
30944,Unmarried
30944,Wife
29770,Husband
29770,Other-relative
29770,Own-child
29770,Wife
16695,Husband
16695,Other-relative
16695,Own-child
16695,Wife
40529,Not-in-family
40529,Unmarried
43982,Husband
43982,Not-in-family
43982,Other-relative
43982,Own-child
43982,Unmarried
43982,Wife
42575,Husband
42575,Not-in-family
42575,Other-relative
42575,Own-child
42575,Unmarried
42575,Wife
32003,Husband
32003,Other-relative
32003,Own-child
32003,Wife
15228,Husband
15228,Not-in-family
15228,Other-relative
15228,Own-child
15228,Unmarried
15228,Wife
11922,Husband
11922,Other-relative
11922,Own-child
11922,Wife
47609,Husband
47609,Not-in-family
47609,Other-relative
47609,Own-child
47609,Unmarried
47609,Wife
13526,Not-in-family
13526,Unmarried
24501,Husband
24501,Not-in-family
24501,Other-relative
24501,Own-child
24501,Unmarried
24501,Wife
31561,Husband
31561,Other-relative
31561,Own-child
31561,Wife
18488,Husband
18488,Not-in-family
18488,Other-relative
18488,Own-child
18488,Unmarried
18488,Wife
14794,Husband
14794,Not-in-family
14794,Other-relative
14794,Own-child
14794,Unmarried
14794,Wife
16968,Husband
16968,Not-in-family
16968,Other-relative
16968,Own-child
16968,Unmarried
16968,Wife
39029,Husband
39029,Other-relative
39029,Own-child
39029,Wife
41132,Husband
41132,Not-in-family
41132,Other-relative
41132,Own-child
41132,Unmarried
41132,Wife
4991,Husband
4991,Other-relative
4991,Own-child
4991,Wife
31232,Husband
31232,Other-relative
31232,Own-child
31232,Wife
3415,Husband
3415,Not-in-family
3415,Other-relative
3415,Own-child
3415,Unmarried
3415,Wife
3372,Husband
3372,Not-in-family
3372,Other-relative
3372,Own-child
3372,Unmarried
3372,Wife
18423,Husband
18423,Not-in-family
18423,Other-relative
18423,Own-child
18423,Unmarried
18423,Wife
29696,Husband
29696,Not-in-family
29696,Other-relative
29696,Own-child
29696,Unmarried
29696,Wife
24983,Husband
24983,Other-relative
24983,Own-child
24983,Wife
19478,Not-in-family
19478,Unmarried
20947,Husband
20947,Other-relative
20947,Own-child
20947,Wife
20372,Husband
20372,Not-in-family
20372,Other-relative
20372,Own-child
20372,Unmarried
20372,Wife
23403,Husband
23403,Other-relative
23403,Own-child
23403,Wife
48390,Not-in-family
48390,Unmarried
30622,Husband
30622,Not-in-family
30622,Other-relative
30622,Own-child
30622,Unmarried
30622,Wife
13303,Husband
13303,Other-relative
13303,Own-child
13303,Wife
18026,Husband
18026,Not-in-family
18026,Other-relative
18026,Own-child
18026,Unmarried
18026,Wife
46396,Husband
46396,Other-relative
46396,Own-child
46396,Wife
24784,Husband
24784,Other-relative
24784,Own-child
24784,Wife
10593,Husband
10593,Not-in-family
10593,Other-relative
10593,Own-child
10593,Unmarried
10593,Wife
31943,Not-in-family
31943,Unmarried
47342,Husband
47342,Not-in-family
47342,Other-relative
47342,Own-child
47342,Unmarried
47342,Wife
3932,Husband
3932,Other-relative
3932,Own-child
3932,Wife
43662,Husband
43662,Not-in-family
43662,Other-relative
43662,Own-child
43662,Unmarried
43662,Wife
42335,Not-in-family
42335,Unmarried
21749,Husband
21749,Not-in-family
21749,Other-relative
21749,Own-child
21749,Unmarried
21749,Wife
5424,Husband
5424,Not-in-family
5424,Other-relative
5424,Own-child
5424,Unmarried
5424,Wife
24388,Not-in-family
24388,Unmarried
44559,Not-in-family
44559,Unmarried
11525,Not-in-family
11525,Unmarried
27340,Husband
27340,Not-in-family
27340,Other-relative
27340,Own-child
27340,Unmarried
27340,Wife
13396,Husband
13396,Not-in-family
13396,Other-relative
13396,Own-child
13396,Unmarried
13396,Wife
39154,Not-in-family
39154,Unmarried
31021,Husband
31021,Not-in-family
31021,Other-relative
31021,Own-child
31021,Unmarried
31021,Wife
24650,Husband
24650,Other-relative
24650,Own-child
24650,Wife
23828,Husband
23828,Other-relative
23828,Own-child
23828,Wife
24589,Husband
24589,Not-in-family
24589,Other-relative
24589,Own-child
24589,Unmarried
24589,Wife
9680,Not-in-family
9680,Unmarried
4096,Husband
4096,Not-in-family
4096,Other-relative
4096,Own-child
4096,Unmarried
4096,Wife
2504,Husband
2504,Other-relative
2504,Own-child
2504,Wife
6189,Husband
6189,Not-in-family
6189,Other-relative
6189,Own-child
6189,Unmarried
6189,Wife
770,Husband
770,Not-in-family
770,Other-relative
770,Own-child
770,Unmarried
770,Wife
9933,Husband
9933,Not-in-family
9933,Other-relative
9933,Own-child
9933,Unmarried
9933,Wife
26605,Husband
26605,Not-in-family
26605,Other-relative
26605,Own-child
26605,Unmarried
26605,Wife
26948,Husband
26948,Not-in-family
26948,Other-relative
26948,Own-child
26948,Unmarried
26948,Wife
8001,Not-in-family
8001,Unmarried
4951,Husband
4951,Not-in-family
4951,Other-relative
4951,Own-child
4951,Unmarried
4951,Wife
8010,Husband
8010,Other-relative
8010,Own-child
8010,Wife
9271,Husband
9271,Not-in-family
9271,Other-relative
9271,Own-child
9271,Unmarried
9271,Wife
5072,Husband
5072,Other-relative
5072,Own-child
5072,Wife
31835,Husband
31835,Not-in-family
31835,Other-relative
31835,Own-child
31835,Unmarried
31835,Wife
40892,Husband
40892,Other-relative
40892,Own-child
40892,Wife
37908,Husband
37908,Not-in-family
37908,Other-relative
37908,Own-child
37908,Unmarried
37908,Wife
30231,Husband
30231,Other-relative
30231,Own-child
30231,Wife
14841,Not-in-family
14841,Unmarried
47956,Husband
47956,Not-in-family
47956,Other-relative
47956,Own-child
47956,Unmarried
47956,Wife
10173,Husband
10173,Not-in-family
10173,Other-relative
10173,Own-child
10173,Unmarried
10173,Wife
33957,Husband
33957,Not-in-family
33957,Other-relative
33957,Own-child
33957,Unmarried
33957,Wife
7980,Not-in-family
7980,Unmarried
15096,Husband
15096,Other-relative
15096,Own-child
15096,Wife
24014,Husband
24014,Not-in-family
24014,Other-relative
24014,Own-child
24014,Unmarried
24014,Wife
22661,Husband
22661,Not-in-family
22661,Other-relative
22661,Own-child
22661,Unmarried
22661,Wife
10665,Husband
10665,Not-in-family
10665,Other-relative
10665,Own-child
10665,Unmarried
10665,Wife
22518,Husband
22518,Not-in-family
22518,Other-relative
22518,Own-child
22518,Unmarried
22518,Wife
35773,Not-in-family
35773,Unmarried
17939,Not-in-family
17939,Unmarried
44550,Husband
44550,Not-in-family
44550,Other-relative
44550,Own-child
44550,Unmarried
44550,Wife
36129,Husband
36129,Not-in-family
36129,Other-relative
36129,Own-child
36129,Unmarried
36129,Wife
25503,Husband
25503,Other-relative
25503,Own-child
25503,Wife
16562,Husband
16562,Other-relative
16562,Own-child
16562,Wife
40404,Husband
40404,Not-in-family
40404,Other-relative
40404,Own-child
40404,Unmarried
40404,Wife
42791,Not-in-family
42791,Unmarried
39838,Husband
39838,Other-relative
39838,Own-child
39838,Wife
37597,Husband
37597,Other-relative
37597,Own-child
37597,Wife
13509,Husband
13509,Not-in-family
13509,Other-relative
13509,Own-child
13509,Unmarried
13509,Wife
3473,Husband
3473,Other-relative
3473,Own-child
3473,Wife
47085,Husband
47085,Not-in-family
47085,Other-relative
47085,Own-child
47085,Unmarried
47085,Wife
1997,Not-in-family
1997,Unmarried
18452,Husband
18452,Not-in-family
18452,Other-relative
18452,Own-child
18452,Unmarried
18452,Wife
29057,Husband
29057,Other-relative
29057,Own-child
29057,Wife
36781,Not-in-family
36781,Unmarried
47723,Husband
47723,Other-relative
47723,Own-child
47723,Wife
28800,Not-in-family
28800,Unmarried
18662,Not-in-family
18662,Unmarried
23845,Husband
23845,Not-in-family
23845,Other-relative
23845,Own-child
23845,Unmarried
23845,Wife
29467,Husband
29467,Other-relative
29467,Own-child
29467,Wife
18546,Husband
18546,Not-in-family
18546,Other-relative
18546,Own-child
18546,Unmarried
18546,Wife
40626,Husband
40626,Not-in-family
40626,Other-relative
40626,Own-child
40626,Unmarried
40626,Wife
9445,Not-in-family
9445,Unmarried
47363,Husband
47363,Other-relative
47363,Own-child
47363,Wife
34802,Husband
34802,Other-relative
34802,Own-child
34802,Wife
28507,Husband
28507,Not-in-family
28507,Other-relative
28507,Own-child
28507,Unmarried
28507,Wife
15727,Husband
15727,Other-relative
15727,Own-child
15727,Wife
12256,Husband
12256,Not-in-family
12256,Other-relative
12256,Own-child
12256,Unmarried
12256,Wife
29204,Husband
29204,Not-in-family
29204,Other-relative
29204,Own-child
29204,Unmarried
29204,Wife
24660,Husband
24660,Not-in-family
24660,Other-relative
24660,Own-child
24660,Unmarried
24660,Wife
19491,Husband
19491,Not-in-family
19491,Other-relative
19491,Own-child
19491,Unmarried
19491,Wife
796,Husband
796,Other-relative
796,Own-child
796,Wife
24749,Husband
24749,Other-relative
24749,Own-child
24749,Wife
39085,Husband
39085,Not-in-family
39085,Other-relative
39085,Own-child
39085,Unmarried
39085,Wife
12967,Husband
12967,Not-in-family
12967,Other-relative
12967,Own-child
12967,Unmarried
12967,Wife
36126,Husband
36126,Other-relative
36126,Own-child
36126,Wife
7228,Husband
7228,Not-in-family
7228,Other-relative
7228,Own-child
7228,Unmarried
7228,Wife
28614,Husband
28614,Other-relative
28614,Own-child
28614,Wife
44861,Husband
44861,Not-in-family
44861,Other-relative
44861,Own-child
44861,Unmarried
44861,Wife
40457,Not-in-family
40457,Unmarried
14572,Husband
14572,Not-in-family
14572,Other-relative
14572,Own-child
14572,Unmarried
14572,Wife
8807,Husband
8807,Not-in-family
8807,Other-relative
8807,Own-child
8807,Unmarried
8807,Wife
48840,Husband
48840,Other-relative
48840,Own-child
48840,Wife
18562,Husband
18562,Other-relative
18562,Own-child
18562,Wife
6040,Husband
6040,Not-in-family
6040,Other-relative
6040,Own-child
6040,Unmarried
6040,Wife
17318,Husband
17318,Not-in-family
17318,Other-relative
17318,Own-child
17318,Unmarried
17318,Wife
28134,Husband
28134,Not-in-family
28134,Other-relative
28134,Own-child
28134,Unmarried
28134,Wife
122,Husband
122,Other-relative
122,Own-child
122,Wife
34736,Husband
34736,Other-relative
34736,Own-child
34736,Wife
4569,Husband
4569,Not-in-family
4569,Other-relative
4569,Own-child
4569,Unmarried
4569,Wife
21757,Husband
21757,Not-in-family
21757,Other-relative
21757,Own-child
21757,Unmarried
21757,Wife
8513,Husband
8513,Not-in-family
8513,Other-relative
8513,Own-child
8513,Unmarried
8513,Wife
15680,Husband
15680,Not-in-family
15680,Other-relative
15680,Own-child
15680,Unmarried
15680,Wife
35188,Husband
35188,Other-relative
35188,Own-child
35188,Wife
38907,Husband
38907,Not-in-family
38907,Other-relative
38907,Own-child
38907,Unmarried
38907,Wife
4146,Husband
4146,Not-in-family
4146,Other-relative
4146,Own-child
4146,Unmarried
4146,Wife
34504,Not-in-family
34504,Unmarried
3421,Not-in-family
3421,Unmarried
2439,Husband
2439,Other-relative
2439,Own-child
2439,Wife
35468,Not-in-family
35468,Unmarried
32784,Husband
32784,Other-relative
32784,Own-child
32784,Wife
20740,Husband
20740,Not-in-family
20740,Other-relative
20740,Own-child
20740,Unmarried
20740,Wife
6279,Husband
6279,Other-relative
6279,Own-child
6279,Wife
38986,Husband
38986,Not-in-family
38986,Other-relative
38986,Own-child
38986,Unmarried
38986,Wife
19321,Not-in-family
19321,Unmarried
5510,Husband
5510,Not-in-family
5510,Other-relative
5510,Own-child
5510,Unmarried
5510,Wife
11670,Husband
11670,Other-relative
11670,Own-child
11670,Wife
38944,Husband
38944,Other-relative
38944,Own-child
38944,Wife
23223,Husband
23223,Not-in-family
23223,Other-relative
23223,Own-child
23223,Unmarried
23223,Wife
28167,Husband
28167,Other-relative
28167,Own-child
28167,Wife
43146,Husband
43146,Not-in-family
43146,Other-relative
43146,Own-child
43146,Unmarried
43146,Wife
34260,Husband
34260,Not-in-family
34260,Other-relative
34260,Own-child
34260,Unmarried
34260,Wife
46638,Husband
46638,Other-relative
46638,Own-child
46638,Wife
26537,Husband
26537,Not-in-family
26537,Other-relative
26537,Own-child
26537,Unmarried
26537,Wife
10553,Husband
10553,Other-relative
10553,Own-child
10553,Wife
18035,Not-in-family
18035,Unmarried
18853,Husband
18853,Not-in-family
18853,Other-relative
18853,Own-child
18853,Unmarried
18853,Wife
30082,Husband
30082,Not-in-family
30082,Other-relative
30082,Own-child
30082,Unmarried
30082,Wife
40751,Husband
40751,Other-relative
40751,Own-child
40751,Wife
34482,Husband
34482,Not-in-family
34482,Other-relative
34482,Own-child
34482,Unmarried
34482,Wife
41344,Not-in-family
41344,Unmarried
18712,Not-in-family
18712,Unmarried
11483,Husband
11483,Not-in-family
11483,Other-relative
11483,Own-child
11483,Unmarried
11483,Wife
41623,Husband
41623,Not-in-family
41623,Other-relative
41623,Own-child
41623,Unmarried
41623,Wife
42315,Husband
42315,Not-in-family
42315,Other-relative
42315,Own-child
42315,Unmarried
42315,Wife
46470,Husband
46470,Not-in-family
46470,Other-relative
46470,Own-child
46470,Unmarried
46470,Wife
19458,Husband
19458,Other-relative
19458,Own-child
19458,Wife
19175,Not-in-family
19175,Unmarried
22969,Husband
22969,Not-in-family
22969,Other-relative
22969,Own-child
22969,Unmarried
22969,Wife
12237,Husband
12237,Other-relative
12237,Own-child
12237,Wife
15757,Husband
15757,Not-in-family
15757,Other-relative
15757,Own-child
15757,Unmarried
15757,Wife
46158,Husband
46158,Not-in-family
46158,Other-relative
46158,Own-child
46158,Unmarried
46158,Wife
18925,Not-in-family
18925,Unmarried
40742,Husband
40742,Other-relative
40742,Own-child
40742,Wife
18707,Husband
18707,Other-relative
18707,Own-child
18707,Wife
32906,Husband
32906,Not-in-family
32906,Other-relative
32906,Own-child
32906,Unmarried
32906,Wife
27924,Husband
27924,Other-relative
27924,Own-child
27924,Wife
4609,Husband
4609,Not-in-family
4609,Other-relative
4609,Own-child
4609,Unmarried
4609,Wife
32555,Not-in-family
32555,Unmarried
30386,Husband
30386,Other-relative
30386,Own-child
30386,Wife
14754,Husband
14754,Not-in-family
14754,Other-relative
14754,Own-child
14754,Unmarried
14754,Wife
10947,Husband
10947,Not-in-family
10947,Other-relative
10947,Own-child
10947,Unmarried
10947,Wife
22821,Husband
22821,Not-in-family
22821,Other-relative
22821,Own-child
22821,Unmarried
22821,Wife
14114,Husband
14114,Other-relative
14114,Own-child
14114,Wife
37122,Husband
37122,Other-relative
37122,Own-child
37122,Wife
9274,Husband
9274,Not-in-family
9274,Other-relative
9274,Own-child
9274,Unmarried
9274,Wife
45399,Husband
45399,Other-relative
45399,Own-child
45399,Wife
2962,Husband
2962,Not-in-family
2962,Other-relative
2962,Own-child
2962,Unmarried
2962,Wife
21700,Husband
21700,Not-in-family
21700,Other-relative
21700,Own-child
21700,Unmarried
21700,Wife
42989,Husband
42989,Other-relative
42989,Own-child
42989,Wife
19901,Husband
19901,Other-relative
19901,Own-child
19901,Wife
7680,Husband
7680,Not-in-family
7680,Other-relative
7680,Own-child
7680,Unmarried
7680,Wife
18748,Husband
18748,Other-relative
18748,Own-child
18748,Wife
32177,Husband
32177,Other-relative
32177,Own-child
32177,Wife
14184,Husband
14184,Not-in-family
14184,Other-relative
14184,Own-child
14184,Unmarried
14184,Wife
28648,Not-in-family
28648,Unmarried
2772,Husband
2772,Not-in-family
2772,Other-relative
2772,Own-child
2772,Unmarried
2772,Wife
43369,Husband
43369,Not-in-family
43369,Other-relative
43369,Own-child
43369,Unmarried
43369,Wife
4258,Husband
4258,Not-in-family
4258,Other-relative
4258,Own-child
4258,Unmarried
4258,Wife
23441,Husband
23441,Other-relative
23441,Own-child
23441,Wife
20615,Husband
20615,Not-in-family
20615,Other-relative
20615,Own-child
20615,Unmarried
20615,Wife
10367,Husband
10367,Not-in-family
10367,Other-relative
10367,Own-child
10367,Unmarried
10367,Wife
26486,Husband
26486,Not-in-family
26486,Other-relative
26486,Own-child
26486,Unmarried
26486,Wife
40257,Husband
40257,Other-relative
40257,Own-child
40257,Wife
28153,Husband
28153,Not-in-family
28153,Other-relative
28153,Own-child
28153,Unmarried
28153,Wife
15177,Husband
15177,Not-in-family
15177,Other-relative
15177,Own-child
15177,Unmarried
15177,Wife
13532,Not-in-family
13532,Unmarried
22528,Husband
22528,Other-relative
22528,Own-child
22528,Wife
9111,Husband
9111,Other-relative
9111,Own-child
9111,Wife
23935,Husband
23935,Not-in-family
23935,Other-relative
23935,Own-child
23935,Unmarried
23935,Wife
48013,Husband
48013,Not-in-family
48013,Other-relative
48013,Own-child
48013,Unmarried
48013,Wife
6183,Not-in-family
6183,Unmarried
17636,Husband
17636,Not-in-family
17636,Other-relative
17636,Own-child
17636,Unmarried
17636,Wife
11246,Husband
11246,Other-relative
11246,Own-child
11246,Wife
9912,Not-in-family
9912,Unmarried
11181,Husband
11181,Other-relative
11181,Own-child
11181,Wife
26914,Husband
26914,Not-in-family
26914,Other-relative
26914,Own-child
26914,Unmarried
26914,Wife
25796,Husband
25796,Not-in-family
25796,Other-relative
25796,Own-child
25796,Unmarried
25796,Wife
16008,Not-in-family
16008,Unmarried
6527,Husband
6527,Not-in-family
6527,Other-relative
6527,Own-child
6527,Unmarried
6527,Wife
8132,Husband
8132,Other-relative
8132,Own-child
8132,Wife
5945,Husband
5945,Other-relative
5945,Own-child
5945,Wife
48341,Husband
48341,Other-relative
48341,Own-child
48341,Wife
33367,Husband
33367,Other-relative
33367,Own-child
33367,Wife
30877,Not-in-family
30877,Unmarried
42170,Husband
42170,Not-in-family
42170,Other-relative
42170,Own-child
42170,Unmarried
42170,Wife
43987,Husband
43987,Not-in-family
43987,Other-relative
43987,Own-child
43987,Unmarried
43987,Wife
19457,Not-in-family
19457,Unmarried
18966,Husband
18966,Other-relative
18966,Own-child
18966,Wife
26600,Husband
26600,Not-in-family
26600,Other-relative
26600,Own-child
26600,Unmarried
26600,Wife
26456,Husband
26456,Not-in-family
26456,Other-relative
26456,Own-child
26456,Unmarried
26456,Wife
35090,Husband
35090,Other-relative
35090,Own-child
35090,Wife
22338,Husband
22338,Not-in-family
22338,Other-relative
22338,Own-child
22338,Unmarried
22338,Wife
32675,Husband
32675,Not-in-family
32675,Other-relative
32675,Own-child
32675,Unmarried
32675,Wife
32945,Husband
32945,Not-in-family
32945,Other-relative
32945,Own-child
32945,Unmarried
32945,Wife
43538,Not-in-family
43538,Unmarried
24122,Husband
24122,Other-relative
24122,Own-child
24122,Wife
35828,Husband
35828,Not-in-family
35828,Other-relative
35828,Own-child
35828,Unmarried
35828,Wife
39202,Husband
39202,Not-in-family
39202,Other-relative
39202,Own-child
39202,Unmarried
39202,Wife
26663,Husband
26663,Not-in-family
26663,Other-relative
26663,Own-child
26663,Unmarried
26663,Wife
35709,Husband
35709,Other-relative
35709,Own-child
35709,Wife
39428,Husband
39428,Not-in-family
39428,Other-relative
39428,Own-child
39428,Unmarried
39428,Wife
27911,Husband
27911,Not-in-family
27911,Other-relative
27911,Own-child
27911,Unmarried
27911,Wife
9121,Husband
9121,Not-in-family
9121,Other-relative
9121,Own-child
9121,Unmarried
9121,Wife
20206,Husband
20206,Not-in-family
20206,Other-relative
20206,Own-child
20206,Unmarried
20206,Wife
34955,Husband
34955,Other-relative
34955,Own-child
34955,Wife
41011,Not-in-family
41011,Unmarried
31882,Husband
31882,Not-in-family
31882,Other-relative
31882,Own-child
31882,Unmarried
31882,Wife
45052,Husband
45052,Other-relative
45052,Own-child
45052,Wife
36761,Not-in-family
36761,Unmarried
30427,Not-in-family
30427,Unmarried
34256,Husband
34256,Not-in-family
34256,Other-relative
34256,Own-child
34256,Unmarried
34256,Wife
41376,Husband
41376,Other-relative
41376,Own-child
41376,Wife
27990,Husband
27990,Not-in-family
27990,Other-relative
27990,Own-child
27990,Unmarried
27990,Wife
13111,Not-in-family
13111,Unmarried
14868,Husband
14868,Not-in-family
14868,Other-relative
14868,Own-child
14868,Unmarried
14868,Wife
34375,Husband
34375,Not-in-family
34375,Other-relative
34375,Own-child
34375,Unmarried
34375,Wife
29790,Husband
29790,Not-in-family
29790,Other-relative
29790,Own-child
29790,Unmarried
29790,Wife
32292,Husband
32292,Other-relative
32292,Own-child
32292,Wife
48732,Husband
48732,Not-in-family
48732,Other-relative
48732,Own-child
48732,Unmarried
48732,Wife
10549,Not-in-family
10549,Unmarried
26011,Husband
26011,Other-relative
26011,Own-child
26011,Wife
32247,Husband
32247,Not-in-family
32247,Other-relative
32247,Own-child
32247,Unmarried
32247,Wife
44843,Husband
44843,Other-relative
44843,Own-child
44843,Wife
40505,Husband
40505,Other-relative
40505,Own-child
40505,Wife
25786,Husband
25786,Not-in-family
25786,Other-relative
25786,Own-child
25786,Unmarried
25786,Wife
25345,Husband
25345,Not-in-family
25345,Other-relative
25345,Own-child
25345,Unmarried
25345,Wife
11743,Husband
11743,Not-in-family
11743,Other-relative
11743,Own-child
11743,Unmarried
11743,Wife
35400,Husband
35400,Other-relative
35400,Own-child
35400,Wife
9847,Husband
9847,Other-relative
9847,Own-child
9847,Wife
34464,Husband
34464,Not-in-family
34464,Other-relative
34464,Own-child
34464,Unmarried
34464,Wife
20263,Husband
20263,Not-in-family
20263,Other-relative
20263,Own-child
20263,Unmarried
20263,Wife
6317,Not-in-family
6317,Unmarried
46902,Husband
46902,Other-relative
46902,Own-child
46902,Wife
10899,Husband
10899,Not-in-family
10899,Other-relative
10899,Own-child
10899,Unmarried
10899,Wife
30024,Husband
30024,Not-in-family
30024,Other-relative
30024,Own-child
30024,Unmarried
30024,Wife
4718,Husband
4718,Not-in-family
4718,Other-relative
4718,Own-child
4718,Unmarried
4718,Wife
29688,Husband
29688,Not-in-family
29688,Other-relative
29688,Own-child
29688,Unmarried
29688,Wife
27785,Husband
27785,Not-in-family
27785,Other-relative
27785,Own-child
27785,Unmarried
27785,Wife
47339,Husband
47339,Not-in-family
47339,Other-relative
47339,Own-child
47339,Unmarried
47339,Wife
37611,Husband
37611,Not-in-family
37611,Other-relative
37611,Own-child
37611,Unmarried
37611,Wife
27927,Husband
27927,Not-in-family
27927,Other-relative
27927,Own-child
27927,Unmarried
27927,Wife
24631,Husband
24631,Other-relative
24631,Own-child
24631,Wife
8005,Husband
8005,Not-in-family
8005,Other-relative
8005,Own-child
8005,Unmarried
8005,Wife
45067,Husband
45067,Other-relative
45067,Own-child
45067,Wife
33849,Husband
33849,Not-in-family
33849,Other-relative
33849,Own-child
33849,Unmarried
33849,Wife
43723,Husband
43723,Other-relative
43723,Own-child
43723,Wife
24008,Husband
24008,Not-in-family
24008,Other-relative
24008,Own-child
24008,Unmarried
24008,Wife
4762,Not-in-family
4762,Unmarried
27842,Husband
27842,Not-in-family
27842,Other-relative
27842,Own-child
27842,Unmarried
27842,Wife
24043,Husband
24043,Not-in-family
24043,Other-relative
24043,Own-child
24043,Unmarried
24043,Wife
12459,Husband
12459,Not-in-family
12459,Other-relative
12459,Own-child
12459,Unmarried
12459,Wife
28646,Husband
28646,Not-in-family
28646,Other-relative
28646,Own-child
28646,Unmarried
28646,Wife
8338,Husband
8338,Not-in-family
8338,Other-relative
8338,Own-child
8338,Unmarried
8338,Wife
28698,Husband
28698,Not-in-family
28698,Other-relative
28698,Own-child
28698,Unmarried
28698,Wife
6557,Not-in-family
6557,Unmarried
46520,Husband
46520,Other-relative
46520,Own-child
46520,Wife
25307,Husband
25307,Not-in-family
25307,Other-relative
25307,Own-child
25307,Unmarried
25307,Wife
39606,Husband
39606,Other-relative
39606,Own-child
39606,Wife
34071,Husband
34071,Other-relative
34071,Own-child
34071,Wife
30741,Husband
30741,Other-relative
30741,Own-child
30741,Wife
9444,Husband
9444,Other-relative
9444,Own-child
9444,Wife
32761,Husband
32761,Other-relative
32761,Own-child
32761,Wife
15472,Husband
15472,Not-in-family
15472,Other-relative
15472,Own-child
15472,Unmarried
15472,Wife
2970,Husband
2970,Not-in-family
2970,Other-relative
2970,Own-child
2970,Unmarried
2970,Wife
16633,Husband
16633,Other-relative
16633,Own-child
16633,Wife
8271,Husband
8271,Not-in-family
8271,Other-relative
8271,Own-child
8271,Unmarried
8271,Wife
16378,Not-in-family
16378,Unmarried
26435,Husband
26435,Not-in-family
26435,Other-relative
26435,Own-child
26435,Unmarried
26435,Wife
28188,Husband
28188,Not-in-family
28188,Other-relative
28188,Own-child
28188,Unmarried
28188,Wife
35713,Not-in-family
35713,Unmarried
32419,Husband
32419,Not-in-family
32419,Other-relative
32419,Own-child
32419,Unmarried
32419,Wife
19225,Husband
19225,Not-in-family
19225,Other-relative
19225,Own-child
19225,Unmarried
19225,Wife
11961,Not-in-family
11961,Unmarried
45479,Husband
45479,Not-in-family
45479,Other-relative
45479,Own-child
45479,Unmarried
45479,Wife
35120,Husband
35120,Other-relative
35120,Own-child
35120,Wife
45080,Husband
45080,Not-in-family
45080,Other-relative
45080,Own-child
45080,Unmarried
45080,Wife
17477,Not-in-family
17477,Unmarried
41985,Husband
41985,Other-relative
41985,Own-child
41985,Wife
28601,Husband
28601,Other-relative
28601,Own-child
28601,Wife
32730,Husband
32730,Not-in-family
32730,Other-relative
32730,Own-child
32730,Unmarried
32730,Wife
997,Not-in-family
997,Unmarried
33962,Husband
33962,Other-relative
33962,Own-child
33962,Wife
40138,Husband
40138,Not-in-family
40138,Other-relative
40138,Own-child
40138,Unmarried
40138,Wife
44434,Husband
44434,Not-in-family
44434,Other-relative
44434,Own-child
44434,Unmarried
44434,Wife
45043,Husband
45043,Not-in-family
45043,Other-relative
45043,Own-child
45043,Unmarried
45043,Wife
21938,Husband
21938,Not-in-family
21938,Other-relative
21938,Own-child
21938,Unmarried
21938,Wife
7604,Husband
7604,Not-in-family
7604,Other-relative
7604,Own-child
7604,Unmarried
7604,Wife
47558,Husband
47558,Not-in-family
47558,Other-relative
47558,Own-child
47558,Unmarried
47558,Wife
37807,Not-in-family
37807,Unmarried
24078,Husband
24078,Other-relative
24078,Own-child
24078,Wife
26863,Husband
26863,Not-in-family
26863,Other-relative
26863,Own-child
26863,Unmarried
26863,Wife
23870,Husband
23870,Not-in-family
23870,Other-relative
23870,Own-child
23870,Unmarried
23870,Wife
33121,Husband
33121,Not-in-family
33121,Other-relative
33121,Own-child
33121,Unmarried
33121,Wife
21499,Husband
21499,Other-relative
21499,Own-child
21499,Wife
33695,Husband
33695,Not-in-family
33695,Other-relative
33695,Own-child
33695,Unmarried
33695,Wife
1888,Husband
1888,Other-relative
1888,Own-child
1888,Wife
9794,Husband
9794,Other-relative
9794,Own-child
9794,Wife
24423,Husband
24423,Not-in-family
24423,Other-relative
24423,Own-child
24423,Unmarried
24423,Wife
38598,Husband
38598,Other-relative
38598,Own-child
38598,Wife
24940,Husband
24940,Not-in-family
24940,Other-relative
24940,Own-child
24940,Unmarried
24940,Wife
27005,Husband
27005,Not-in-family
27005,Other-relative
27005,Own-child
27005,Unmarried
27005,Wife
37015,Husband
37015,Other-relative
37015,Own-child
37015,Wife
28280,Husband
28280,Other-relative
28280,Own-child
28280,Wife
30173,Husband
30173,Not-in-family
30173,Other-relative
30173,Own-child
30173,Unmarried
30173,Wife
2018,Husband
2018,Not-in-family
2018,Other-relative
2018,Own-child
2018,Unmarried
2018,Wife
8162,Husband
8162,Not-in-family
8162,Other-relative
8162,Own-child
8162,Unmarried
8162,Wife
32954,Not-in-family
32954,Unmarried
16563,Husband
16563,Not-in-family
16563,Other-relative
16563,Own-child
16563,Unmarried
16563,Wife
9012,Husband
9012,Not-in-family
9012,Other-relative
9012,Own-child
9012,Unmarried
9012,Wife
31881,Husband
31881,Not-in-family
31881,Other-relative
31881,Own-child
31881,Unmarried
31881,Wife
13232,Husband
13232,Not-in-family
13232,Other-relative
13232,Own-child
13232,Unmarried
13232,Wife
8276,Husband
8276,Other-relative
8276,Own-child
8276,Wife
31371,Husband
31371,Not-in-family
31371,Other-relative
31371,Own-child
31371,Unmarried
31371,Wife
35666,Husband
35666,Not-in-family
35666,Other-relative
35666,Own-child
35666,Unmarried
35666,Wife
22974,Husband
22974,Not-in-family
22974,Other-relative
22974,Own-child
22974,Unmarried
22974,Wife
15459,Not-in-family
15459,Unmarried
37132,Husband
37132,Not-in-family
37132,Other-relative
37132,Own-child
37132,Unmarried
37132,Wife
44902,Husband
44902,Not-in-family
44902,Other-relative
44902,Own-child
44902,Unmarried
44902,Wife
13710,Husband
13710,Not-in-family
13710,Other-relative
13710,Own-child
13710,Unmarried
13710,Wife
35412,Husband
35412,Not-in-family
35412,Other-relative
35412,Own-child
35412,Unmarried
35412,Wife
749,Husband
749,Not-in-family
749,Other-relative
749,Own-child
749,Unmarried
749,Wife
39103,Husband
39103,Not-in-family
39103,Other-relative
39103,Own-child
39103,Unmarried
39103,Wife
37895,Husband
37895,Other-relative
37895,Own-child
37895,Wife
17546,Husband
17546,Not-in-family
17546,Other-relative
17546,Own-child
17546,Unmarried
17546,Wife
45488,Husband
45488,Not-in-family
45488,Other-relative
45488,Own-child
45488,Unmarried
45488,Wife
26017,Not-in-family
26017,Unmarried
13157,Husband
13157,Not-in-family
13157,Other-relative
13157,Own-child
13157,Unmarried
13157,Wife
31427,Not-in-family
31427,Unmarried
4010,Husband
4010,Not-in-family
4010,Other-relative
4010,Own-child
4010,Unmarried
4010,Wife
12731,Husband
12731,Not-in-family
12731,Other-relative
12731,Own-child
12731,Unmarried
12731,Wife
5879,Husband
5879,Other-relative
5879,Own-child
5879,Wife
10428,Husband
10428,Not-in-family
10428,Other-relative
10428,Own-child
10428,Unmarried
10428,Wife
47667,Husband
47667,Other-relative
47667,Own-child
47667,Wife
20902,Husband
20902,Not-in-family
20902,Other-relative
20902,Own-child
20902,Unmarried
20902,Wife
2179,Husband
2179,Not-in-family
2179,Other-relative
2179,Own-child
2179,Unmarried
2179,Wife
26248,Not-in-family
26248,Unmarried
26520,Husband
26520,Not-in-family
26520,Other-relative
26520,Own-child
26520,Unmarried
26520,Wife
48151,Not-in-family
48151,Unmarried
1858,Husband
1858,Other-relative
1858,Own-child
1858,Wife
1626,Husband
1626,Not-in-family
1626,Other-relative
1626,Own-child
1626,Unmarried
1626,Wife
825,Husband
825,Not-in-family
825,Other-relative
825,Own-child
825,Unmarried
825,Wife
3657,Husband
3657,Other-relative
3657,Own-child
3657,Wife
33115,Husband
33115,Other-relative
33115,Own-child
33115,Wife
7035,Husband
7035,Not-in-family
7035,Other-relative
7035,Own-child
7035,Unmarried
7035,Wife
36027,Husband
36027,Other-relative
36027,Own-child
36027,Wife
28245,Husband
28245,Other-relative
28245,Own-child
28245,Wife
120,Husband
120,Not-in-family
120,Other-relative
120,Own-child
120,Unmarried
120,Wife
34081,Husband
34081,Not-in-family
34081,Other-relative
34081,Own-child
34081,Unmarried
34081,Wife
1353,Husband
1353,Not-in-family
1353,Other-relative
1353,Own-child
1353,Unmarried
1353,Wife
27517,Husband
27517,Other-relative
27517,Own-child
27517,Wife
48112,Not-in-family
48112,Unmarried
12715,Not-in-family
12715,Unmarried
10781,Husband
10781,Not-in-family
10781,Other-relative
10781,Own-child
10781,Unmarried
10781,Wife
28604,Husband
28604,Other-relative
28604,Own-child
28604,Wife
48708,Husband
48708,Not-in-family
48708,Other-relative
48708,Own-child
48708,Unmarried
48708,Wife
6238,Husband
6238,Not-in-family
6238,Other-relative
6238,Own-child
6238,Unmarried
6238,Wife
3109,Husband
3109,Other-relative
3109,Own-child
3109,Wife
2140,Husband
2140,Not-in-family
2140,Other-relative
2140,Own-child
2140,Unmarried
2140,Wife
35385,Husband
35385,Other-relative
35385,Own-child
35385,Wife
582,Husband
582,Other-relative
582,Own-child
582,Wife
19383,Husband
19383,Other-relative
19383,Own-child
19383,Wife
24513,Husband
24513,Not-in-family
24513,Other-relative
24513,Own-child
24513,Unmarried
24513,Wife
44638,Husband
44638,Not-in-family
44638,Other-relative
44638,Own-child
44638,Unmarried
44638,Wife
45214,Not-in-family
45214,Unmarried
15495,Husband
15495,Other-relative
15495,Own-child
15495,Wife
31053,Husband
31053,Not-in-family
31053,Other-relative
31053,Own-child
31053,Unmarried
31053,Wife
30896,Husband
30896,Other-relative
30896,Own-child
30896,Wife
24621,Husband
24621,Other-relative
24621,Own-child
24621,Wife
41773,Husband
41773,Not-in-family
41773,Other-relative
41773,Own-child
41773,Unmarried
41773,Wife
22282,Husband
22282,Not-in-family
22282,Other-relative
22282,Own-child
22282,Unmarried
22282,Wife
6506,Husband
6506,Not-in-family
6506,Other-relative
6506,Own-child
6506,Unmarried
6506,Wife
41931,Husband
41931,Other-relative
41931,Own-child
41931,Wife
40151,Husband
40151,Other-relative
40151,Own-child
40151,Wife
5362,Husband
5362,Not-in-family
5362,Other-relative
5362,Own-child
5362,Unmarried
5362,Wife
12437,Husband
12437,Not-in-family
12437,Other-relative
12437,Own-child
12437,Unmarried
12437,Wife
42349,Husband
42349,Other-relative
42349,Own-child
42349,Wife
33106,Husband
33106,Other-relative
33106,Own-child
33106,Wife
39947,Husband
39947,Not-in-family
39947,Other-relative
39947,Own-child
39947,Unmarried
39947,Wife
10396,Husband
10396,Not-in-family
10396,Other-relative
10396,Own-child
10396,Unmarried
10396,Wife
17917,Husband
17917,Other-relative
17917,Own-child
17917,Wife
17474,Husband
17474,Not-in-family
17474,Other-relative
17474,Own-child
17474,Unmarried
17474,Wife
41888,Husband
41888,Other-relative
41888,Own-child
41888,Wife
34131,Husband
34131,Not-in-family
34131,Other-relative
34131,Own-child
34131,Unmarried
34131,Wife
33033,Husband
33033,Not-in-family
33033,Other-relative
33033,Own-child
33033,Unmarried
33033,Wife
32967,Not-in-family
32967,Unmarried
41427,Not-in-family
41427,Unmarried
44313,Husband
44313,Other-relative
44313,Own-child
44313,Wife
36177,Husband
36177,Not-in-family
36177,Other-relative
36177,Own-child
36177,Unmarried
36177,Wife
9707,Not-in-family
9707,Unmarried
17577,Husband
17577,Other-relative
17577,Own-child
17577,Wife
33064,Not-in-family
33064,Unmarried
3368,Husband
3368,Other-relative
3368,Own-child
3368,Wife
33618,Husband
33618,Other-relative
33618,Own-child
33618,Wife
4867,Husband
4867,Not-in-family
4867,Other-relative
4867,Own-child
4867,Unmarried
4867,Wife
48738,Husband
48738,Not-in-family
48738,Other-relative
48738,Own-child
48738,Unmarried
48738,Wife
10874,Husband
10874,Not-in-family
10874,Other-relative
10874,Own-child
10874,Unmarried
10874,Wife
40180,Husband
40180,Not-in-family
40180,Other-relative
40180,Own-child
40180,Unmarried
40180,Wife
7988,Husband
7988,Not-in-family
7988,Other-relative
7988,Own-child
7988,Unmarried
7988,Wife
26078,Husband
26078,Not-in-family
26078,Other-relative
26078,Own-child
26078,Unmarried
26078,Wife
36549,Not-in-family
36549,Unmarried
2252,Husband
2252,Other-relative
2252,Own-child
2252,Wife
42988,Husband
42988,Other-relative
42988,Own-child
42988,Wife
33044,Husband
33044,Not-in-family
33044,Other-relative
33044,Own-child
33044,Unmarried
33044,Wife
34633,Husband
34633,Not-in-family
34633,Other-relative
34633,Own-child
34633,Unmarried
34633,Wife
33450,Husband
33450,Other-relative
33450,Own-child
33450,Wife
10131,Husband
10131,Other-relative
10131,Own-child
10131,Wife
5139,Husband
5139,Not-in-family
5139,Other-relative
5139,Own-child
5139,Unmarried
5139,Wife
6035,Husband
6035,Not-in-family
6035,Other-relative
6035,Own-child
6035,Unmarried
6035,Wife
25659,Husband
25659,Not-in-family
25659,Other-relative
25659,Own-child
25659,Unmarried
25659,Wife
6133,Not-in-family
6133,Unmarried
23517,Not-in-family
23517,Unmarried
29630,Husband
29630,Not-in-family
29630,Other-relative
29630,Own-child
29630,Unmarried
29630,Wife
1777,Husband
1777,Not-in-family
1777,Other-relative
1777,Own-child
1777,Unmarried
1777,Wife
15477,Husband
15477,Not-in-family
15477,Other-relative
15477,Own-child
15477,Unmarried
15477,Wife
2462,Husband
2462,Not-in-family
2462,Other-relative
2462,Own-child
2462,Unmarried
2462,Wife
20195,Husband
20195,Not-in-family
20195,Other-relative
20195,Own-child
20195,Unmarried
20195,Wife
37818,Husband
37818,Not-in-family
37818,Other-relative
37818,Own-child
37818,Unmarried
37818,Wife
12856,Not-in-family
12856,Unmarried
36349,Husband
36349,Not-in-family
36349,Other-relative
36349,Own-child
36349,Unmarried
36349,Wife
2191,Husband
2191,Not-in-family
2191,Other-relative
2191,Own-child
2191,Unmarried
2191,Wife
20397,Not-in-family
20397,Unmarried
5449,Husband
5449,Not-in-family
5449,Other-relative
5449,Own-child
5449,Unmarried
5449,Wife
14780,Husband
14780,Other-relative
14780,Own-child
14780,Wife
14453,Husband
14453,Other-relative
14453,Own-child
14453,Wife
16217,Husband
16217,Not-in-family
16217,Other-relative
16217,Own-child
16217,Unmarried
16217,Wife
7367,Husband
7367,Other-relative
7367,Own-child
7367,Wife
36964,Husband
36964,Not-in-family
36964,Other-relative
36964,Own-child
36964,Unmarried
36964,Wife
26643,Husband
26643,Other-relative
26643,Own-child
26643,Wife
18107,Husband
18107,Other-relative
18107,Own-child
18107,Wife
45511,Husband
45511,Not-in-family
45511,Other-relative
45511,Own-child
45511,Unmarried
45511,Wife
36733,Husband
36733,Other-relative
36733,Own-child
36733,Wife
29334,Husband
29334,Not-in-family
29334,Other-relative
29334,Own-child
29334,Unmarried
29334,Wife
32435,Husband
32435,Other-relative
32435,Own-child
32435,Wife
9144,Husband
9144,Not-in-family
9144,Other-relative
9144,Own-child
9144,Unmarried
9144,Wife
17120,Husband
17120,Not-in-family
17120,Other-relative
17120,Own-child
17120,Unmarried
17120,Wife
37040,Husband
37040,Other-relative
37040,Own-child
37040,Wife
3948,Husband
3948,Other-relative
3948,Own-child
3948,Wife
32215,Husband
32215,Not-in-family
32215,Other-relative
32215,Own-child
32215,Unmarried
32215,Wife
10771,Husband
10771,Not-in-family
10771,Other-relative
10771,Own-child
10771,Unmarried
10771,Wife
7855,Husband
7855,Not-in-family
7855,Other-relative
7855,Own-child
7855,Unmarried
7855,Wife
34995,Husband
34995,Not-in-family
34995,Other-relative
34995,Own-child
34995,Unmarried
34995,Wife
7060,Husband
7060,Not-in-family
7060,Other-relative
7060,Own-child
7060,Unmarried
7060,Wife
13000,Husband
13000,Not-in-family
13000,Other-relative
13000,Own-child
13000,Unmarried
13000,Wife
7058,Husband
7058,Other-relative
7058,Own-child
7058,Wife
4575,Husband
4575,Other-relative
4575,Own-child
4575,Wife
26755,Husband
26755,Not-in-family
26755,Other-relative
26755,Own-child
26755,Unmarried
26755,Wife
10770,Husband
10770,Not-in-family
10770,Other-relative
10770,Own-child
10770,Unmarried
10770,Wife
41581,Husband
41581,Not-in-family
41581,Other-relative
41581,Own-child
41581,Unmarried
41581,Wife
47996,Not-in-family
47996,Unmarried
15346,Not-in-family
15346,Unmarried
11256,Husband
11256,Other-relative
11256,Own-child
11256,Wife
35223,Husband
35223,Not-in-family
35223,Other-relative
35223,Own-child
35223,Unmarried
35223,Wife
47915,Husband
47915,Other-relative
47915,Own-child
47915,Wife
19655,Husband
19655,Not-in-family
19655,Other-relative
19655,Own-child
19655,Unmarried
19655,Wife
39218,Not-in-family
39218,Unmarried
20892,Not-in-family
20892,Unmarried
35965,Not-in-family
35965,Unmarried
2296,Husband
2296,Other-relative
2296,Own-child
2296,Wife
21526,Husband
21526,Not-in-family
21526,Other-relative
21526,Own-child
21526,Unmarried
21526,Wife
17190,Husband
17190,Other-relative
17190,Own-child
17190,Wife
17496,Husband
17496,Other-relative
17496,Own-child
17496,Wife
30929,Husband
30929,Not-in-family
30929,Other-relative
30929,Own-child
30929,Unmarried
30929,Wife
45029,Husband
45029,Other-relative
45029,Own-child
45029,Wife
17033,Husband
17033,Not-in-family
17033,Other-relative
17033,Own-child
17033,Unmarried
17033,Wife
22453,Husband
22453,Not-in-family
22453,Other-relative
22453,Own-child
22453,Unmarried
22453,Wife
4664,Husband
4664,Other-relative
4664,Own-child
4664,Wife
9765,Husband
9765,Not-in-family
9765,Other-relative
9765,Own-child
9765,Unmarried
9765,Wife
23893,Not-in-family
23893,Unmarried
39027,Husband
39027,Other-relative
39027,Own-child
39027,Wife
23054,Not-in-family
23054,Unmarried
13720,Husband
13720,Not-in-family
13720,Other-relative
13720,Own-child
13720,Unmarried
13720,Wife
25542,Husband
25542,Other-relative
25542,Own-child
25542,Wife
44045,Husband
44045,Not-in-family
44045,Other-relative
44045,Own-child
44045,Unmarried
44045,Wife
11974,Not-in-family
11974,Unmarried
24259,Husband
24259,Other-relative
24259,Own-child
24259,Wife
1843,Husband
1843,Not-in-family
1843,Other-relative
1843,Own-child
1843,Unmarried
1843,Wife
18620,Husband
18620,Not-in-family
18620,Other-relative
18620,Own-child
18620,Unmarried
18620,Wife
9810,Husband
9810,Not-in-family
9810,Other-relative
9810,Own-child
9810,Unmarried
9810,Wife
41782,Husband
41782,Not-in-family
41782,Other-relative
41782,Own-child
41782,Unmarried
41782,Wife
48681,Husband
48681,Not-in-family
48681,Other-relative
48681,Own-child
48681,Unmarried
48681,Wife
38428,Husband
38428,Not-in-family
38428,Other-relative
38428,Own-child
38428,Unmarried
38428,Wife
18763,Husband
18763,Not-in-family
18763,Other-relative
18763,Own-child
18763,Unmarried
18763,Wife
13719,Husband
13719,Other-relative
13719,Own-child
13719,Wife
4171,Not-in-family
4171,Unmarried
16469,Husband
16469,Not-in-family
16469,Other-relative
16469,Own-child
16469,Unmarried
16469,Wife
39429,Husband
39429,Not-in-family
39429,Other-relative
39429,Own-child
39429,Unmarried
39429,Wife
10302,Husband
10302,Not-in-family
10302,Other-relative
10302,Own-child
10302,Unmarried
10302,Wife
28726,Husband
28726,Not-in-family
28726,Other-relative
28726,Own-child
28726,Unmarried
28726,Wife
17228,Not-in-family
17228,Unmarried
5935,Husband
5935,Not-in-family
5935,Other-relative
5935,Own-child
5935,Unmarried
5935,Wife
20098,Husband
20098,Other-relative
20098,Own-child
20098,Wife
24955,Husband
24955,Other-relative
24955,Own-child
24955,Wife
36464,Not-in-family
36464,Unmarried
27177,Husband
27177,Not-in-family
27177,Other-relative
27177,Own-child
27177,Unmarried
27177,Wife
32888,Husband
32888,Not-in-family
32888,Other-relative
32888,Own-child
32888,Unmarried
32888,Wife
6768,Husband
6768,Not-in-family
6768,Other-relative
6768,Own-child
6768,Unmarried
6768,Wife
6837,Not-in-family
6837,Unmarried
14134,Husband
14134,Not-in-family
14134,Other-relative
14134,Own-child
14134,Unmarried
14134,Wife
43000,Husband
43000,Not-in-family
43000,Other-relative
43000,Own-child
43000,Unmarried
43000,Wife
32326,Husband
32326,Other-relative
32326,Own-child
32326,Wife
2204,Husband
2204,Not-in-family
2204,Other-relative
2204,Own-child
2204,Unmarried
2204,Wife
3799,Husband
3799,Not-in-family
3799,Other-relative
3799,Own-child
3799,Unmarried
3799,Wife
47160,Husband
47160,Not-in-family
47160,Other-relative
47160,Own-child
47160,Unmarried
47160,Wife
47404,Not-in-family
47404,Unmarried
1623,Husband
1623,Not-in-family
1623,Other-relative
1623,Own-child
1623,Unmarried
1623,Wife
16183,Husband
16183,Other-relative
16183,Own-child
16183,Wife
41666,Husband
41666,Other-relative
41666,Own-child
41666,Wife
41174,Husband
41174,Not-in-family
41174,Other-relative
41174,Own-child
41174,Unmarried
41174,Wife
42765,Husband
42765,Other-relative
42765,Own-child
42765,Wife
41896,Husband
41896,Not-in-family
41896,Other-relative
41896,Own-child
41896,Unmarried
41896,Wife
26926,Husband
26926,Not-in-family
26926,Other-relative
26926,Own-child
26926,Unmarried
26926,Wife
24162,Husband
24162,Other-relative
24162,Own-child
24162,Wife
46195,Husband
46195,Not-in-family
46195,Other-relative
46195,Own-child
46195,Unmarried
46195,Wife
18945,Husband
18945,Other-relative
18945,Own-child
18945,Wife
10368,Husband
10368,Not-in-family
10368,Other-relative
10368,Own-child
10368,Unmarried
10368,Wife
2843,Husband
2843,Not-in-family
2843,Other-relative
2843,Own-child
2843,Unmarried
2843,Wife
1597,Husband
1597,Not-in-family
1597,Other-relative
1597,Own-child
1597,Unmarried
1597,Wife
12648,Not-in-family
12648,Unmarried
15341,Husband
15341,Other-relative
15341,Own-child
15341,Wife
35771,Husband
35771,Not-in-family
35771,Other-relative
35771,Own-child
35771,Unmarried
35771,Wife
8294,Husband
8294,Not-in-family
8294,Other-relative
8294,Own-child
8294,Unmarried
8294,Wife
35966,Husband
35966,Not-in-family
35966,Other-relative
35966,Own-child
35966,Unmarried
35966,Wife
19700,Not-in-family
19700,Unmarried
817,Husband
817,Not-in-family
817,Other-relative
817,Own-child
817,Unmarried
817,Wife
9920,Not-in-family
9920,Unmarried
35852,Husband
35852,Other-relative
35852,Own-child
35852,Wife
12166,Husband
12166,Not-in-family
12166,Other-relative
12166,Own-child
12166,Unmarried
12166,Wife
24548,Husband
24548,Not-in-family
24548,Other-relative
24548,Own-child
24548,Unmarried
24548,Wife
8434,Husband
8434,Not-in-family
8434,Other-relative
8434,Own-child
8434,Unmarried
8434,Wife
32329,Husband
32329,Other-relative
32329,Own-child
32329,Wife
14596,Husband
14596,Not-in-family
14596,Other-relative
14596,Own-child
14596,Unmarried
14596,Wife
13943,Husband
13943,Not-in-family
13943,Other-relative
13943,Own-child
13943,Unmarried
13943,Wife
44352,Husband
44352,Not-in-family
44352,Other-relative
44352,Own-child
44352,Unmarried
44352,Wife
40039,Husband
40039,Not-in-family
40039,Other-relative
40039,Own-child
40039,Unmarried
40039,Wife
11,Husband
11,Not-in-family
11,Other-relative
11,Own-child
11,Unmarried
11,Wife
17809,Husband
17809,Not-in-family
17809,Other-relative
17809,Own-child
17809,Unmarried
17809,Wife
5416,Husband
5416,Other-relative
5416,Own-child
5416,Wife
36294,Husband
36294,Not-in-family
36294,Other-relative
36294,Own-child
36294,Unmarried
36294,Wife
4953,Husband
4953,Other-relative
4953,Own-child
4953,Wife
782,Husband
782,Not-in-family
782,Other-relative
782,Own-child
782,Unmarried
782,Wife
2151,Not-in-family
2151,Unmarried
27860,Husband
27860,Other-relative
27860,Own-child
27860,Wife
17646,Husband
17646,Other-relative
17646,Own-child
17646,Wife
19190,Husband
19190,Not-in-family
19190,Other-relative
19190,Own-child
19190,Unmarried
19190,Wife
18173,Husband
18173,Not-in-family
18173,Other-relative
18173,Own-child
18173,Unmarried
18173,Wife
26046,Husband
26046,Not-in-family
26046,Other-relative
26046,Own-child
26046,Unmarried
26046,Wife
13085,Husband
13085,Other-relative
13085,Own-child
13085,Wife
3055,Husband
3055,Other-relative
3055,Own-child
3055,Wife
44332,Husband
44332,Not-in-family
44332,Other-relative
44332,Own-child
44332,Unmarried
44332,Wife
14530,Husband
14530,Not-in-family
14530,Other-relative
14530,Own-child
14530,Unmarried
14530,Wife
1265,Not-in-family
1265,Unmarried
37831,Husband
37831,Not-in-family
37831,Other-relative
37831,Own-child
37831,Unmarried
37831,Wife
30891,Husband
30891,Other-relative
30891,Own-child
30891,Wife
12895,Husband
12895,Other-relative
12895,Own-child
12895,Wife
48597,Husband
48597,Other-relative
48597,Own-child
48597,Wife
39605,Husband
39605,Not-in-family
39605,Other-relative
39605,Own-child
39605,Unmarried
39605,Wife
25569,Husband
25569,Not-in-family
25569,Other-relative
25569,Own-child
25569,Unmarried
25569,Wife
40255,Husband
40255,Not-in-family
40255,Other-relative
40255,Own-child
40255,Unmarried
40255,Wife
25308,Husband
25308,Not-in-family
25308,Other-relative
25308,Own-child
25308,Unmarried
25308,Wife
6938,Not-in-family
6938,Unmarried
18051,Not-in-family
18051,Unmarried
22315,Husband
22315,Not-in-family
22315,Other-relative
22315,Own-child
22315,Unmarried
22315,Wife
44215,Husband
44215,Not-in-family
44215,Other-relative
44215,Own-child
44215,Unmarried
44215,Wife
35185,Husband
35185,Not-in-family
35185,Other-relative
35185,Own-child
35185,Unmarried
35185,Wife
948,Husband
948,Not-in-family
948,Other-relative
948,Own-child
948,Unmarried
948,Wife
12875,Husband
12875,Other-relative
12875,Own-child
12875,Wife
25585,Husband
25585,Not-in-family
25585,Other-relative
25585,Own-child
25585,Unmarried
25585,Wife
8804,Not-in-family
8804,Unmarried
48414,Not-in-family
48414,Unmarried
46035,Not-in-family
46035,Unmarried
5920,Husband
5920,Not-in-family
5920,Other-relative
5920,Own-child
5920,Unmarried
5920,Wife
33559,Husband
33559,Not-in-family
33559,Other-relative
33559,Own-child
33559,Unmarried
33559,Wife
12757,Not-in-family
12757,Unmarried
25911,Husband
25911,Not-in-family
25911,Other-relative
25911,Own-child
25911,Unmarried
25911,Wife
4702,Husband
4702,Not-in-family
4702,Other-relative
4702,Own-child
4702,Unmarried
4702,Wife
29589,Husband
29589,Not-in-family
29589,Other-relative
29589,Own-child
29589,Unmarried
29589,Wife
19258,Not-in-family
19258,Unmarried
32429,Not-in-family
32429,Unmarried
14749,Husband
14749,Not-in-family
14749,Other-relative
14749,Own-child
14749,Unmarried
14749,Wife
12640,Husband
12640,Other-relative
12640,Own-child
12640,Wife
23659,Husband
23659,Other-relative
23659,Own-child
23659,Wife
23397,Husband
23397,Other-relative
23397,Own-child
23397,Wife
40737,Husband
40737,Not-in-family
40737,Other-relative
40737,Own-child
40737,Unmarried
40737,Wife
38596,Husband
38596,Not-in-family
38596,Other-relative
38596,Own-child
38596,Unmarried
38596,Wife
17061,Not-in-family
17061,Unmarried
11742,Husband
11742,Other-relative
11742,Own-child
11742,Wife
36851,Husband
36851,Not-in-family
36851,Other-relative
36851,Own-child
36851,Unmarried
36851,Wife
43799,Husband
43799,Other-relative
43799,Own-child
43799,Wife
4359,Husband
4359,Not-in-family
4359,Other-relative
4359,Own-child
4359,Unmarried
4359,Wife
1751,Not-in-family
1751,Unmarried
32,Husband
32,Other-relative
32,Own-child
32,Wife
15790,Not-in-family
15790,Unmarried
27878,Husband
27878,Not-in-family
27878,Other-relative
27878,Own-child
27878,Unmarried
27878,Wife
339,Husband
339,Not-in-family
339,Other-relative
339,Own-child
339,Unmarried
339,Wife
42023,Husband
42023,Other-relative
42023,Own-child
42023,Wife
31892,Husband
31892,Not-in-family
31892,Other-relative
31892,Own-child
31892,Unmarried
31892,Wife
2023,Husband
2023,Not-in-family
2023,Other-relative
2023,Own-child
2023,Unmarried
2023,Wife
44955,Husband
44955,Not-in-family
44955,Other-relative
44955,Own-child
44955,Unmarried
44955,Wife
46223,Not-in-family
46223,Unmarried
42424,Husband
42424,Not-in-family
42424,Other-relative
42424,Own-child
42424,Unmarried
42424,Wife
34949,Husband
34949,Not-in-family
34949,Other-relative
34949,Own-child
34949,Unmarried
34949,Wife
32653,Husband
32653,Other-relative
32653,Own-child
32653,Wife
5373,Husband
5373,Not-in-family
5373,Other-relative
5373,Own-child
5373,Unmarried
5373,Wife
4228,Not-in-family
4228,Unmarried
22299,Not-in-family
22299,Unmarried
22052,Husband
22052,Other-relative
22052,Own-child
22052,Wife
37405,Not-in-family
37405,Unmarried
32406,Husband
32406,Other-relative
32406,Own-child
32406,Wife
862,Husband
862,Not-in-family
862,Other-relative
862,Own-child
862,Unmarried
862,Wife
12939,Husband
12939,Other-relative
12939,Own-child
12939,Wife
11253,Not-in-family
11253,Unmarried
10912,Husband
10912,Not-in-family
10912,Other-relative
10912,Own-child
10912,Unmarried
10912,Wife
33842,Husband
33842,Other-relative
33842,Own-child
33842,Wife
19306,Not-in-family
19306,Unmarried
36196,Husband
36196,Not-in-family
36196,Other-relative
36196,Own-child
36196,Unmarried
36196,Wife
19630,Not-in-family
19630,Unmarried
43680,Husband
43680,Other-relative
43680,Own-child
43680,Wife
8128,Husband
8128,Not-in-family
8128,Other-relative
8128,Own-child
8128,Unmarried
8128,Wife
15020,Husband
15020,Not-in-family
15020,Other-relative
15020,Own-child
15020,Unmarried
15020,Wife
28865,Husband
28865,Other-relative
28865,Own-child
28865,Wife
44456,Husband
44456,Not-in-family
44456,Other-relative
44456,Own-child
44456,Unmarried
44456,Wife
38313,Husband
38313,Other-relative
38313,Own-child
38313,Wife
46757,Husband
46757,Not-in-family
46757,Other-relative
46757,Own-child
46757,Unmarried
46757,Wife
8031,Not-in-family
8031,Unmarried
34136,Husband
34136,Not-in-family
34136,Other-relative
34136,Own-child
34136,Unmarried
34136,Wife
1529,Husband
1529,Not-in-family
1529,Other-relative
1529,Own-child
1529,Unmarried
1529,Wife
42725,Husband
42725,Not-in-family
42725,Other-relative
42725,Own-child
42725,Unmarried
42725,Wife
42807,Husband
42807,Not-in-family
42807,Other-relative
42807,Own-child
42807,Unmarried
42807,Wife
19732,Not-in-family
19732,Unmarried
46764,Husband
46764,Other-relative
46764,Own-child
46764,Wife
13846,Husband
13846,Not-in-family
13846,Other-relative
13846,Own-child
13846,Unmarried
13846,Wife
13937,Husband
13937,Not-in-family
13937,Other-relative
13937,Own-child
13937,Unmarried
13937,Wife
33516,Husband
33516,Not-in-family
33516,Other-relative
33516,Own-child
33516,Unmarried
33516,Wife
45809,Husband
45809,Not-in-family
45809,Other-relative
45809,Own-child
45809,Unmarried
45809,Wife
21045,Husband
21045,Not-in-family
21045,Other-relative
21045,Own-child
21045,Unmarried
21045,Wife
526,Husband
526,Other-relative
526,Own-child
526,Wife
13835,Husband
13835,Other-relative
13835,Own-child
13835,Wife
42567,Husband
42567,Not-in-family
42567,Other-relative
42567,Own-child
42567,Unmarried
42567,Wife
39482,Not-in-family
39482,Unmarried
38902,Husband
38902,Not-in-family
38902,Other-relative
38902,Own-child
38902,Unmarried
38902,Wife
191,Husband
191,Not-in-family
191,Other-relative
191,Own-child
191,Unmarried
191,Wife
37974,Husband
37974,Not-in-family
37974,Other-relative
37974,Own-child
37974,Unmarried
37974,Wife
17121,Husband
17121,Other-relative
17121,Own-child
17121,Wife
33425,Husband
33425,Not-in-family
33425,Other-relative
33425,Own-child
33425,Unmarried
33425,Wife
15503,Husband
15503,Not-in-family
15503,Other-relative
15503,Own-child
15503,Unmarried
15503,Wife
23146,Not-in-family
23146,Unmarried
11629,Not-in-family
11629,Unmarried
38310,Husband
38310,Not-in-family
38310,Other-relative
38310,Own-child
38310,Unmarried
38310,Wife
21490,Husband
21490,Not-in-family
21490,Other-relative
21490,Own-child
21490,Unmarried
21490,Wife
3019,Husband
3019,Not-in-family
3019,Other-relative
3019,Own-child
3019,Unmarried
3019,Wife
3873,Not-in-family
3873,Unmarried
23402,Husband
23402,Not-in-family
23402,Other-relative
23402,Own-child
23402,Unmarried
23402,Wife
10036,Husband
10036,Other-relative
10036,Own-child
10036,Wife
15063,Husband
15063,Other-relative
15063,Own-child
15063,Wife
21719,Husband
21719,Not-in-family
21719,Other-relative
21719,Own-child
21719,Unmarried
21719,Wife
27919,Husband
27919,Other-relative
27919,Own-child
27919,Wife
12185,Husband
12185,Not-in-family
12185,Other-relative
12185,Own-child
12185,Unmarried
12185,Wife
36521,Husband
36521,Not-in-family
36521,Other-relative
36521,Own-child
36521,Unmarried
36521,Wife
2238,Not-in-family
2238,Unmarried
20887,Husband
20887,Other-relative
20887,Own-child
20887,Wife
37184,Husband
37184,Not-in-family
37184,Other-relative
37184,Own-child
37184,Unmarried
37184,Wife
33239,Not-in-family
33239,Unmarried
34769,Husband
34769,Other-relative
34769,Own-child
34769,Wife
45578,Husband
45578,Not-in-family
45578,Other-relative
45578,Own-child
45578,Unmarried
45578,Wife
11361,Husband
11361,Other-relative
11361,Own-child
11361,Wife
6923,Husband
6923,Not-in-family
6923,Other-relative
6923,Own-child
6923,Unmarried
6923,Wife
15031,Husband
15031,Not-in-family
15031,Other-relative
15031,Own-child
15031,Unmarried
15031,Wife
37713,Husband
37713,Other-relative
37713,Own-child
37713,Wife
48526,Husband
48526,Not-in-family
48526,Other-relative
48526,Own-child
48526,Unmarried
48526,Wife
45528,Husband
45528,Not-in-family
45528,Other-relative
45528,Own-child
45528,Unmarried
45528,Wife
47191,Husband
47191,Other-relative
47191,Own-child
47191,Wife
19249,Not-in-family
19249,Unmarried
33292,Husband
33292,Not-in-family
33292,Other-relative
33292,Own-child
33292,Unmarried
33292,Wife
13497,Not-in-family
13497,Unmarried
24697,Husband
24697,Not-in-family
24697,Other-relative
24697,Own-child
24697,Unmarried
24697,Wife
43273,Husband
43273,Not-in-family
43273,Other-relative
43273,Own-child
43273,Unmarried
43273,Wife
6267,Husband
6267,Other-relative
6267,Own-child
6267,Wife
42167,Not-in-family
42167,Unmarried
44862,Husband
44862,Not-in-family
44862,Other-relative
44862,Own-child
44862,Unmarried
44862,Wife
24490,Husband
24490,Not-in-family
24490,Other-relative
24490,Own-child
24490,Unmarried
24490,Wife
10311,Husband
10311,Other-relative
10311,Own-child
10311,Wife
38567,Husband
38567,Not-in-family
38567,Other-relative
38567,Own-child
38567,Unmarried
38567,Wife
39773,Husband
39773,Not-in-family
39773,Other-relative
39773,Own-child
39773,Unmarried
39773,Wife
20818,Husband
20818,Other-relative
20818,Own-child
20818,Wife
24387,Husband
24387,Not-in-family
24387,Other-relative
24387,Own-child
24387,Unmarried
24387,Wife
17999,Husband
17999,Not-in-family
17999,Other-relative
17999,Own-child
17999,Unmarried
17999,Wife
30836,Husband
30836,Not-in-family
30836,Other-relative
30836,Own-child
30836,Unmarried
30836,Wife
21647,Husband
21647,Not-in-family
21647,Other-relative
21647,Own-child
21647,Unmarried
21647,Wife
1674,Husband
1674,Other-relative
1674,Own-child
1674,Wife
46944,Husband
46944,Not-in-family
46944,Other-relative
46944,Own-child
46944,Unmarried
46944,Wife
23745,Husband
23745,Not-in-family
23745,Other-relative
23745,Own-child
23745,Unmarried
23745,Wife
19917,Husband
19917,Other-relative
19917,Own-child
19917,Wife
12888,Husband
12888,Not-in-family
12888,Other-relative
12888,Own-child
12888,Unmarried
12888,Wife
26376,Husband
26376,Other-relative
26376,Own-child
26376,Wife
32545,Husband
32545,Not-in-family
32545,Other-relative
32545,Own-child
32545,Unmarried
32545,Wife
16560,Husband
16560,Not-in-family
16560,Other-relative
16560,Own-child
16560,Unmarried
16560,Wife
32158,Not-in-family
32158,Unmarried
26697,Husband
26697,Other-relative
26697,Own-child
26697,Wife
45607,Husband
45607,Not-in-family
45607,Other-relative
45607,Own-child
45607,Unmarried
45607,Wife
35596,Husband
35596,Not-in-family
35596,Other-relative
35596,Own-child
35596,Unmarried
35596,Wife
47884,Husband
47884,Not-in-family
47884,Other-relative
47884,Own-child
47884,Unmarried
47884,Wife
38335,Husband
38335,Not-in-family
38335,Other-relative
38335,Own-child
38335,Unmarried
38335,Wife
30155,Husband
30155,Other-relative
30155,Own-child
30155,Wife
12132,Not-in-family
12132,Unmarried
23785,Not-in-family
23785,Unmarried
7443,Husband
7443,Not-in-family
7443,Other-relative
7443,Own-child
7443,Unmarried
7443,Wife
12717,Husband
12717,Not-in-family
12717,Other-relative
12717,Own-child
12717,Unmarried
12717,Wife
17208,Husband
17208,Other-relative
17208,Own-child
17208,Wife
9412,Husband
9412,Not-in-family
9412,Other-relative
9412,Own-child
9412,Unmarried
9412,Wife
6658,Husband
6658,Other-relative
6658,Own-child
6658,Wife
12271,Not-in-family
12271,Unmarried
23748,Husband
23748,Not-in-family
23748,Other-relative
23748,Own-child
23748,Unmarried
23748,Wife
21130,Husband
21130,Not-in-family
21130,Other-relative
21130,Own-child
21130,Unmarried
21130,Wife
42347,Husband
42347,Other-relative
42347,Own-child
42347,Wife
28030,Husband
28030,Not-in-family
28030,Other-relative
28030,Own-child
28030,Unmarried
28030,Wife
37777,Not-in-family
37777,Unmarried
15433,Not-in-family
15433,Unmarried
26235,Husband
26235,Other-relative
26235,Own-child
26235,Wife
6850,Husband
6850,Other-relative
6850,Own-child
6850,Wife
12160,Husband
12160,Other-relative
12160,Own-child
12160,Wife
46937,Husband
46937,Not-in-family
46937,Other-relative
46937,Own-child
46937,Unmarried
46937,Wife
42779,Husband
42779,Not-in-family
42779,Other-relative
42779,Own-child
42779,Unmarried
42779,Wife
1466,Husband
1466,Other-relative
1466,Own-child
1466,Wife
13703,Husband
13703,Other-relative
13703,Own-child
13703,Wife
21688,Not-in-family
21688,Unmarried
18997,Not-in-family
18997,Unmarried
40858,Husband
40858,Other-relative
40858,Own-child
40858,Wife
45141,Husband
45141,Not-in-family
45141,Other-relative
45141,Own-child
45141,Unmarried
45141,Wife
12673,Not-in-family
12673,Unmarried
28444,Not-in-family
28444,Unmarried
1311,Not-in-family
1311,Unmarried
16893,Husband
16893,Not-in-family
16893,Other-relative
16893,Own-child
16893,Unmarried
16893,Wife
9377,Husband
9377,Not-in-family
9377,Other-relative
9377,Own-child
9377,Unmarried
9377,Wife
46309,Husband
46309,Not-in-family
46309,Other-relative
46309,Own-child
46309,Unmarried
46309,Wife
12815,Husband
12815,Not-in-family
12815,Other-relative
12815,Own-child
12815,Unmarried
12815,Wife
42496,Husband
42496,Not-in-family
42496,Other-relative
42496,Own-child
42496,Unmarried
42496,Wife
34489,Husband
34489,Not-in-family
34489,Other-relative
34489,Own-child
34489,Unmarried
34489,Wife
40012,Husband
40012,Other-relative
40012,Own-child
40012,Wife
37786,Husband
37786,Other-relative
37786,Own-child
37786,Wife
45522,Husband
45522,Other-relative
45522,Own-child
45522,Wife
36484,Husband
36484,Other-relative
36484,Own-child
36484,Wife
17948,Husband
17948,Not-in-family
17948,Other-relative
17948,Own-child
17948,Unmarried
17948,Wife
33128,Not-in-family
33128,Unmarried
20874,Not-in-family
20874,Unmarried
15572,Husband
15572,Not-in-family
15572,Other-relative
15572,Own-child
15572,Unmarried
15572,Wife
4635,Husband
4635,Not-in-family
4635,Other-relative
4635,Own-child
4635,Unmarried
4635,Wife
16910,Husband
16910,Other-relative
16910,Own-child
16910,Wife
18554,Not-in-family
18554,Unmarried
16371,Husband
16371,Not-in-family
16371,Other-relative
16371,Own-child
16371,Unmarried
16371,Wife
11230,Husband
11230,Other-relative
11230,Own-child
11230,Wife
41084,Husband
41084,Not-in-family
41084,Other-relative
41084,Own-child
41084,Unmarried
41084,Wife
41089,Husband
41089,Not-in-family
41089,Other-relative
41089,Own-child
41089,Unmarried
41089,Wife
7546,Husband
7546,Not-in-family
7546,Other-relative
7546,Own-child
7546,Unmarried
7546,Wife
20465,Husband
20465,Other-relative
20465,Own-child
20465,Wife
7613,Husband
7613,Other-relative
7613,Own-child
7613,Wife
48185,Not-in-family
48185,Unmarried
23992,Husband
23992,Other-relative
23992,Own-child
23992,Wife
10615,Husband
10615,Not-in-family
10615,Other-relative
10615,Own-child
10615,Unmarried
10615,Wife
20186,Husband
20186,Other-relative
20186,Own-child
20186,Wife
10614,Husband
10614,Not-in-family
10614,Other-relative
10614,Own-child
10614,Unmarried
10614,Wife
34149,Husband
34149,Not-in-family
34149,Other-relative
34149,Own-child
34149,Unmarried
34149,Wife
9498,Husband
9498,Other-relative
9498,Own-child
9498,Wife
10404,Husband
10404,Not-in-family
10404,Other-relative
10404,Own-child
10404,Unmarried
10404,Wife
48507,Husband
48507,Other-relative
48507,Own-child
48507,Wife
40199,Husband
40199,Other-relative
40199,Own-child
40199,Wife
43165,Husband
43165,Other-relative
43165,Own-child
43165,Wife
6199,Husband
6199,Not-in-family
6199,Other-relative
6199,Own-child
6199,Unmarried
6199,Wife
47945,Husband
47945,Other-relative
47945,Own-child
47945,Wife
17147,Husband
17147,Other-relative
17147,Own-child
17147,Wife
29162,Husband
29162,Other-relative
29162,Own-child
29162,Wife
39373,Husband
39373,Not-in-family
39373,Other-relative
39373,Own-child
39373,Unmarried
39373,Wife
19121,Husband
19121,Other-relative
19121,Own-child
19121,Wife
12866,Husband
12866,Other-relative
12866,Own-child
12866,Wife
34312,Husband
34312,Not-in-family
34312,Other-relative
34312,Own-child
34312,Unmarried
34312,Wife
40581,Husband
40581,Not-in-family
40581,Other-relative
40581,Own-child
40581,Unmarried
40581,Wife
16542,Husband
16542,Other-relative
16542,Own-child
16542,Wife
14707,Husband
14707,Other-relative
14707,Own-child
14707,Wife
40662,Husband
40662,Not-in-family
40662,Other-relative
40662,Own-child
40662,Unmarried
40662,Wife
5950,Not-in-family
5950,Unmarried
39797,Husband
39797,Not-in-family
39797,Other-relative
39797,Own-child
39797,Unmarried
39797,Wife
8260,Husband
8260,Not-in-family
8260,Other-relative
8260,Own-child
8260,Unmarried
8260,Wife
9488,Husband
9488,Not-in-family
9488,Other-relative
9488,Own-child
9488,Unmarried
9488,Wife
22794,Husband
22794,Other-relative
22794,Own-child
22794,Wife
29428,Husband
29428,Other-relative
29428,Own-child
29428,Wife
10904,Husband
10904,Not-in-family
10904,Other-relative
10904,Own-child
10904,Unmarried
10904,Wife
48516,Husband
48516,Other-relative
48516,Own-child
48516,Wife
810,Husband
810,Other-relative
810,Own-child
810,Wife
44,Husband
44,Not-in-family
44,Other-relative
44,Own-child
44,Unmarried
44,Wife
7992,Husband
7992,Not-in-family
7992,Other-relative
7992,Own-child
7992,Unmarried
7992,Wife
8790,Husband
8790,Other-relative
8790,Own-child
8790,Wife
22867,Husband
22867,Other-relative
22867,Own-child
22867,Wife
19238,Husband
19238,Not-in-family
19238,Other-relative
19238,Own-child
19238,Unmarried
19238,Wife
19623,Husband
19623,Not-in-family
19623,Other-relative
19623,Own-child
19623,Unmarried
19623,Wife
39507,Husband
39507,Not-in-family
39507,Other-relative
39507,Own-child
39507,Unmarried
39507,Wife
19328,Husband
19328,Other-relative
19328,Own-child
19328,Wife
36666,Husband
36666,Not-in-family
36666,Other-relative
36666,Own-child
36666,Unmarried
36666,Wife
14071,Husband
14071,Other-relative
14071,Own-child
14071,Wife
47455,Not-in-family
47455,Unmarried
1297,Husband
1297,Other-relative
1297,Own-child
1297,Wife
29843,Husband
29843,Not-in-family
29843,Other-relative
29843,Own-child
29843,Unmarried
29843,Wife
13908,Husband
13908,Other-relative
13908,Own-child
13908,Wife
2995,Husband
2995,Not-in-family
2995,Other-relative
2995,Own-child
2995,Unmarried
2995,Wife
12865,Husband
12865,Other-relative
12865,Own-child
12865,Wife
19021,Husband
19021,Not-in-family
19021,Other-relative
19021,Own-child
19021,Unmarried
19021,Wife
23975,Husband
23975,Not-in-family
23975,Other-relative
23975,Own-child
23975,Unmarried
23975,Wife
34855,Husband
34855,Other-relative
34855,Own-child
34855,Wife
12551,Husband
12551,Not-in-family
12551,Other-relative
12551,Own-child
12551,Unmarried
12551,Wife
29773,Husband
29773,Not-in-family
29773,Other-relative
29773,Own-child
29773,Unmarried
29773,Wife
12439,Husband
12439,Other-relative
12439,Own-child
12439,Wife
42419,Not-in-family
42419,Unmarried
5164,Husband
5164,Not-in-family
5164,Other-relative
5164,Own-child
5164,Unmarried
5164,Wife
2452,Not-in-family
2452,Unmarried
45422,Husband
45422,Other-relative
45422,Own-child
45422,Wife
16967,Husband
16967,Not-in-family
16967,Other-relative
16967,Own-child
16967,Unmarried
16967,Wife
5752,Husband
5752,Other-relative
5752,Own-child
5752,Wife
45608,Husband
45608,Not-in-family
45608,Other-relative
45608,Own-child
45608,Unmarried
45608,Wife
23105,Not-in-family
23105,Unmarried
41989,Husband
41989,Not-in-family
41989,Other-relative
41989,Own-child
41989,Unmarried
41989,Wife
41116,Not-in-family
41116,Unmarried
29362,Husband
29362,Not-in-family
29362,Other-relative
29362,Own-child
29362,Unmarried
29362,Wife
15573,Husband
15573,Other-relative
15573,Own-child
15573,Wife
14575,Husband
14575,Other-relative
14575,Own-child
14575,Wife
18752,Not-in-family
18752,Unmarried
33052,Husband
33052,Not-in-family
33052,Other-relative
33052,Own-child
33052,Unmarried
33052,Wife
1669,Husband
1669,Other-relative
1669,Own-child
1669,Wife
44126,Husband
44126,Not-in-family
44126,Other-relative
44126,Own-child
44126,Unmarried
44126,Wife
21164,Husband
21164,Other-relative
21164,Own-child
21164,Wife
30672,Husband
30672,Other-relative
30672,Own-child
30672,Wife
17586,Husband
17586,Not-in-family
17586,Other-relative
17586,Own-child
17586,Unmarried
17586,Wife
47925,Husband
47925,Other-relative
47925,Own-child
47925,Wife
48262,Husband
48262,Not-in-family
48262,Other-relative
48262,Own-child
48262,Unmarried
48262,Wife
27431,Husband
27431,Other-relative
27431,Own-child
27431,Wife
14826,Husband
14826,Not-in-family
14826,Other-relative
14826,Own-child
14826,Unmarried
14826,Wife
31495,Husband
31495,Not-in-family
31495,Other-relative
31495,Own-child
31495,Unmarried
31495,Wife
22845,Not-in-family
22845,Unmarried
16140,Husband
16140,Other-relative
16140,Own-child
16140,Wife
13185,Husband
13185,Not-in-family
13185,Other-relative
13185,Own-child
13185,Unmarried
13185,Wife
26144,Husband
26144,Not-in-family
26144,Other-relative
26144,Own-child
26144,Unmarried
26144,Wife
17520,Husband
17520,Not-in-family
17520,Other-relative
17520,Own-child
17520,Unmarried
17520,Wife
44470,Husband
44470,Other-relative
44470,Own-child
44470,Wife
16980,Husband
16980,Other-relative
16980,Own-child
16980,Wife
6728,Husband
6728,Not-in-family
6728,Other-relative
6728,Own-child
6728,Unmarried
6728,Wife
35865,Husband
35865,Not-in-family
35865,Other-relative
35865,Own-child
35865,Unmarried
35865,Wife
7509,Husband
7509,Not-in-family
7509,Other-relative
7509,Own-child
7509,Unmarried
7509,Wife
42440,Husband
42440,Not-in-family
42440,Other-relative
42440,Own-child
42440,Unmarried
42440,Wife
47442,Not-in-family
47442,Unmarried
21425,Husband
21425,Not-in-family
21425,Other-relative
21425,Own-child
21425,Unmarried
21425,Wife
13150,Husband
13150,Not-in-family
13150,Other-relative
13150,Own-child
13150,Unmarried
13150,Wife
22694,Husband
22694,Other-relative
22694,Own-child
22694,Wife
31266,Husband
31266,Not-in-family
31266,Other-relative
31266,Own-child
31266,Unmarried
31266,Wife
37181,Husband
37181,Not-in-family
37181,Other-relative
37181,Own-child
37181,Unmarried
37181,Wife
10397,Husband
10397,Other-relative
10397,Own-child
10397,Wife
23319,Husband
23319,Other-relative
23319,Own-child
23319,Wife
36680,Husband
36680,Other-relative
36680,Own-child
36680,Wife
28765,Husband
28765,Not-in-family
28765,Other-relative
28765,Own-child
28765,Unmarried
28765,Wife
24926,Husband
24926,Other-relative
24926,Own-child
24926,Wife
26820,Husband
26820,Not-in-family
26820,Other-relative
26820,Own-child
26820,Unmarried
26820,Wife
4905,Husband
4905,Other-relative
4905,Own-child
4905,Wife
27023,Husband
27023,Not-in-family
27023,Other-relative
27023,Own-child
27023,Unmarried
27023,Wife
47728,Not-in-family
47728,Unmarried
23431,Not-in-family
23431,Unmarried
40352,Husband
40352,Not-in-family
40352,Other-relative
40352,Own-child
40352,Unmarried
40352,Wife
22426,Husband
22426,Other-relative
22426,Own-child
22426,Wife
29322,Husband
29322,Other-relative
29322,Own-child
29322,Wife
8274,Husband
8274,Not-in-family
8274,Other-relative
8274,Own-child
8274,Unmarried
8274,Wife
371,Husband
371,Other-relative
371,Own-child
371,Wife
20679,Husband
20679,Other-relative
20679,Own-child
20679,Wife
44163,Husband
44163,Other-relative
44163,Own-child
44163,Wife
6778,Not-in-family
6778,Unmarried
34726,Husband
34726,Not-in-family
34726,Other-relative
34726,Own-child
34726,Unmarried
34726,Wife
42072,Not-in-family
42072,Unmarried
3108,Husband
3108,Other-relative
3108,Own-child
3108,Wife
39763,Not-in-family
39763,Unmarried
10863,Not-in-family
10863,Unmarried
20862,Husband
20862,Other-relative
20862,Own-child
20862,Wife
25533,Husband
25533,Other-relative
25533,Own-child
25533,Wife
10025,Husband
10025,Not-in-family
10025,Other-relative
10025,Own-child
10025,Unmarried
10025,Wife
29705,Not-in-family
29705,Unmarried
44671,Husband
44671,Other-relative
44671,Own-child
44671,Wife
29488,Husband
29488,Not-in-family
29488,Other-relative
29488,Own-child
29488,Unmarried
29488,Wife
46955,Not-in-family
46955,Unmarried
27180,Husband
27180,Not-in-family
27180,Other-relative
27180,Own-child
27180,Unmarried
27180,Wife
48467,Husband
48467,Other-relative
48467,Own-child
48467,Wife
3508,Husband
3508,Not-in-family
3508,Other-relative
3508,Own-child
3508,Unmarried
3508,Wife
47394,Not-in-family
47394,Unmarried
14561,Husband
14561,Not-in-family
14561,Other-relative
14561,Own-child
14561,Unmarried
14561,Wife
33698,Husband
33698,Not-in-family
33698,Other-relative
33698,Own-child
33698,Unmarried
33698,Wife
14236,Husband
14236,Not-in-family
14236,Other-relative
14236,Own-child
14236,Unmarried
14236,Wife
30961,Husband
30961,Other-relative
30961,Own-child
30961,Wife
33893,Husband
33893,Not-in-family
33893,Other-relative
33893,Own-child
33893,Unmarried
33893,Wife
33108,Husband
33108,Other-relative
33108,Own-child
33108,Wife
14120,Husband
14120,Not-in-family
14120,Other-relative
14120,Own-child
14120,Unmarried
14120,Wife
14679,Husband
14679,Not-in-family
14679,Other-relative
14679,Own-child
14679,Unmarried
14679,Wife
6398,Not-in-family
6398,Unmarried
13924,Husband
13924,Not-in-family
13924,Other-relative
13924,Own-child
13924,Unmarried
13924,Wife
20414,Husband
20414,Other-relative
20414,Own-child
20414,Wife
35070,Husband
35070,Other-relative
35070,Own-child
35070,Wife
12711,Husband
12711,Not-in-family
12711,Other-relative
12711,Own-child
12711,Unmarried
12711,Wife
19432,Husband
19432,Not-in-family
19432,Other-relative
19432,Own-child
19432,Unmarried
19432,Wife
11309,Husband
11309,Not-in-family
11309,Other-relative
11309,Own-child
11309,Unmarried
11309,Wife
20536,Not-in-family
20536,Unmarried
44974,Husband
44974,Not-in-family
44974,Other-relative
44974,Own-child
44974,Unmarried
44974,Wife
26048,Husband
26048,Other-relative
26048,Own-child
26048,Wife
38329,Husband
38329,Other-relative
38329,Own-child
38329,Wife
13,Not-in-family
13,Unmarried
11701,Not-in-family
11701,Unmarried
26073,Husband
26073,Not-in-family
26073,Other-relative
26073,Own-child
26073,Unmarried
26073,Wife
44305,Husband
44305,Other-relative
44305,Own-child
44305,Wife
38220,Husband
38220,Not-in-family
38220,Other-relative
38220,Own-child
38220,Unmarried
38220,Wife
1627,Husband
1627,Other-relative
1627,Own-child
1627,Wife
16193,Husband
16193,Not-in-family
16193,Other-relative
16193,Own-child
16193,Unmarried
16193,Wife
4571,Husband
4571,Not-in-family
4571,Other-relative
4571,Own-child
4571,Unmarried
4571,Wife
24374,Husband
24374,Not-in-family
24374,Other-relative
24374,Own-child
24374,Unmarried
24374,Wife
39282,Husband
39282,Not-in-family
39282,Other-relative
39282,Own-child
39282,Unmarried
39282,Wife
12669,Husband
12669,Not-in-family
12669,Other-relative
12669,Own-child
12669,Unmarried
12669,Wife
33405,Husband
33405,Not-in-family
33405,Other-relative
33405,Own-child
33405,Unmarried
33405,Wife
45303,Husband
45303,Other-relative
45303,Own-child
45303,Wife
14163,Not-in-family
14163,Unmarried
4194,Husband
4194,Other-relative
4194,Own-child
4194,Wife
2647,Husband
2647,Other-relative
2647,Own-child
2647,Wife
23593,Husband
23593,Not-in-family
23593,Other-relative
23593,Own-child
23593,Unmarried
23593,Wife
3145,Husband
3145,Not-in-family
3145,Other-relative
3145,Own-child
3145,Unmarried
3145,Wife
21400,Not-in-family
21400,Unmarried
24339,Husband
24339,Not-in-family
24339,Other-relative
24339,Own-child
24339,Unmarried
24339,Wife
31370,Husband
31370,Other-relative
31370,Own-child
31370,Wife
36852,Husband
36852,Not-in-family
36852,Other-relative
36852,Own-child
36852,Unmarried
36852,Wife
29657,Husband
29657,Not-in-family
29657,Other-relative
29657,Own-child
29657,Unmarried
29657,Wife
307,Husband
307,Not-in-family
307,Other-relative
307,Own-child
307,Unmarried
307,Wife
46783,Husband
46783,Other-relative
46783,Own-child
46783,Wife
38920,Husband
38920,Not-in-family
38920,Other-relative
38920,Own-child
38920,Unmarried
38920,Wife
533,Husband
533,Other-relative
533,Own-child
533,Wife
31299,Husband
31299,Not-in-family
31299,Other-relative
31299,Own-child
31299,Unmarried
31299,Wife
42211,Husband
42211,Not-in-family
42211,Other-relative
42211,Own-child
42211,Unmarried
42211,Wife
36610,Husband
36610,Not-in-family
36610,Other-relative
36610,Own-child
36610,Unmarried
36610,Wife
34270,Husband
34270,Not-in-family
34270,Other-relative
34270,Own-child
34270,Unmarried
34270,Wife
24556,Husband
24556,Other-relative
24556,Own-child
24556,Wife
10544,Not-in-family
10544,Unmarried
32495,Not-in-family
32495,Unmarried
13108,Husband
13108,Not-in-family
13108,Other-relative
13108,Own-child
13108,Unmarried
13108,Wife
41055,Husband
41055,Not-in-family
41055,Other-relative
41055,Own-child
41055,Unmarried
41055,Wife
9560,Husband
9560,Not-in-family
9560,Other-relative
9560,Own-child
9560,Unmarried
9560,Wife
24648,Not-in-family
24648,Unmarried
24690,Husband
24690,Not-in-family
24690,Other-relative
24690,Own-child
24690,Unmarried
24690,Wife
1978,Husband
1978,Not-in-family
1978,Other-relative
1978,Own-child
1978,Unmarried
1978,Wife
40342,Husband
40342,Not-in-family
40342,Other-relative
40342,Own-child
40342,Unmarried
40342,Wife
15210,Husband
15210,Other-relative
15210,Own-child
15210,Wife
24895,Husband
24895,Other-relative
24895,Own-child
24895,Wife
2241,Husband
2241,Not-in-family
2241,Other-relative
2241,Own-child
2241,Unmarried
2241,Wife
3113,Husband
3113,Other-relative
3113,Own-child
3113,Wife
17051,Husband
17051,Other-relative
17051,Own-child
17051,Wife
38754,Husband
38754,Not-in-family
38754,Other-relative
38754,Own-child
38754,Unmarried
38754,Wife
35416,Not-in-family
35416,Unmarried
26797,Husband
26797,Not-in-family
26797,Other-relative
26797,Own-child
26797,Unmarried
26797,Wife
40976,Husband
40976,Not-in-family
40976,Other-relative
40976,Own-child
40976,Unmarried
40976,Wife
45249,Husband
45249,Not-in-family
45249,Other-relative
45249,Own-child
45249,Unmarried
45249,Wife
42286,Husband
42286,Not-in-family
42286,Other-relative
42286,Own-child
42286,Unmarried
42286,Wife
39661,Husband
39661,Not-in-family
39661,Other-relative
39661,Own-child
39661,Unmarried
39661,Wife
30888,Husband
30888,Not-in-family
30888,Other-relative
30888,Own-child
30888,Unmarried
30888,Wife
11700,Husband
11700,Not-in-family
11700,Other-relative
11700,Own-child
11700,Unmarried
11700,Wife
4105,Not-in-family
4105,Unmarried
21412,Husband
21412,Not-in-family
21412,Other-relative
21412,Own-child
21412,Unmarried
21412,Wife
5007,Husband
5007,Other-relative
5007,Own-child
5007,Wife
2436,Husband
2436,Not-in-family
2436,Other-relative
2436,Own-child
2436,Unmarried
2436,Wife
3698,Husband
3698,Not-in-family
3698,Other-relative
3698,Own-child
3698,Unmarried
3698,Wife
12751,Husband
12751,Not-in-family
12751,Other-relative
12751,Own-child
12751,Unmarried
12751,Wife
45689,Husband
45689,Not-in-family
45689,Other-relative
45689,Own-child
45689,Unmarried
45689,Wife
25924,Not-in-family
25924,Unmarried
8980,Husband
8980,Not-in-family
8980,Other-relative
8980,Own-child
8980,Unmarried
8980,Wife
34574,Husband
34574,Not-in-family
34574,Other-relative
34574,Own-child
34574,Unmarried
34574,Wife
22600,Husband
22600,Not-in-family
22600,Other-relative
22600,Own-child
22600,Unmarried
22600,Wife
38189,Husband
38189,Not-in-family
38189,Other-relative
38189,Own-child
38189,Unmarried
38189,Wife
30193,Husband
30193,Other-relative
30193,Own-child
30193,Wife
6602,Husband
6602,Not-in-family
6602,Other-relative
6602,Own-child
6602,Unmarried
6602,Wife
9639,Husband
9639,Other-relative
9639,Own-child
9639,Wife
1920,Not-in-family
1920,Unmarried
14931,Not-in-family
14931,Unmarried
34213,Husband
34213,Other-relative
34213,Own-child
34213,Wife
45354,Husband
45354,Other-relative
45354,Own-child
45354,Wife
17397,Husband
17397,Other-relative
17397,Own-child
17397,Wife
38579,Husband
38579,Not-in-family
38579,Other-relative
38579,Own-child
38579,Unmarried
38579,Wife
15644,Husband
15644,Other-relative
15644,Own-child
15644,Wife
35708,Husband
35708,Other-relative
35708,Own-child
35708,Wife
6057,Not-in-family
6057,Unmarried
30172,Husband
30172,Not-in-family
30172,Other-relative
30172,Own-child
30172,Unmarried
30172,Wife
35534,Husband
35534,Not-in-family
35534,Other-relative
35534,Own-child
35534,Unmarried
35534,Wife
33247,Husband
33247,Other-relative
33247,Own-child
33247,Wife
33427,Husband
33427,Not-in-family
33427,Other-relative
33427,Own-child
33427,Unmarried
33427,Wife
11886,Husband
11886,Not-in-family
11886,Other-relative
11886,Own-child
11886,Unmarried
11886,Wife
16240,Husband
16240,Not-in-family
16240,Other-relative
16240,Own-child
16240,Unmarried
16240,Wife
23722,Husband
23722,Other-relative
23722,Own-child
23722,Wife
38783,Husband
38783,Not-in-family
38783,Other-relative
38783,Own-child
38783,Unmarried
38783,Wife
6135,Husband
6135,Other-relative
6135,Own-child
6135,Wife
43164,Husband
43164,Not-in-family
43164,Other-relative
43164,Own-child
43164,Unmarried
43164,Wife
39107,Husband
39107,Not-in-family
39107,Other-relative
39107,Own-child
39107,Unmarried
39107,Wife
17454,Husband
17454,Other-relative
17454,Own-child
17454,Wife
42957,Husband
42957,Other-relative
42957,Own-child
42957,Wife
26110,Not-in-family
26110,Unmarried
9518,Husband
9518,Not-in-family
9518,Other-relative
9518,Own-child
9518,Unmarried
9518,Wife
5856,Husband
5856,Other-relative
5856,Own-child
5856,Wife
5042,Husband
5042,Not-in-family
5042,Other-relative
5042,Own-child
5042,Unmarried
5042,Wife
15536,Husband
15536,Not-in-family
15536,Other-relative
15536,Own-child
15536,Unmarried
15536,Wife
28668,Not-in-family
28668,Unmarried
9201,Husband
9201,Not-in-family
9201,Other-relative
9201,Own-child
9201,Unmarried
9201,Wife
16627,Husband
16627,Not-in-family
16627,Other-relative
16627,Own-child
16627,Unmarried
16627,Wife
9329,Not-in-family
9329,Unmarried
16444,Husband
16444,Not-in-family
16444,Other-relative
16444,Own-child
16444,Unmarried
16444,Wife
10203,Husband
10203,Other-relative
10203,Own-child
10203,Wife
18462,Husband
18462,Not-in-family
18462,Other-relative
18462,Own-child
18462,Unmarried
18462,Wife
20418,Husband
20418,Not-in-family
20418,Other-relative
20418,Own-child
20418,Unmarried
20418,Wife
25791,Not-in-family
25791,Unmarried
19992,Husband
19992,Not-in-family
19992,Other-relative
19992,Own-child
19992,Unmarried
19992,Wife
43590,Husband
43590,Not-in-family
43590,Other-relative
43590,Own-child
43590,Unmarried
43590,Wife
30466,Husband
30466,Not-in-family
30466,Other-relative
30466,Own-child
30466,Unmarried
30466,Wife
27050,Husband
27050,Not-in-family
27050,Other-relative
27050,Own-child
27050,Unmarried
27050,Wife
37478,Husband
37478,Other-relative
37478,Own-child
37478,Wife
14896,Husband
14896,Other-relative
14896,Own-child
14896,Wife
31965,Not-in-family
31965,Unmarried
3709,Husband
3709,Other-relative
3709,Own-child
3709,Wife
2940,Not-in-family
2940,Unmarried
35699,Husband
35699,Other-relative
35699,Own-child
35699,Wife
28662,Not-in-family
28662,Unmarried
1365,Husband
1365,Not-in-family
1365,Other-relative
1365,Own-child
1365,Unmarried
1365,Wife
19850,Husband
19850,Other-relative
19850,Own-child
19850,Wife
103,Husband
103,Other-relative
103,Own-child
103,Wife
12293,Husband
12293,Other-relative
12293,Own-child
12293,Wife
12292,Husband
12292,Not-in-family
12292,Other-relative
12292,Own-child
12292,Unmarried
12292,Wife
11611,Husband
11611,Not-in-family
11611,Other-relative
11611,Own-child
11611,Unmarried
11611,Wife
26855,Husband
26855,Not-in-family
26855,Other-relative
26855,Own-child
26855,Unmarried
26855,Wife
40049,Not-in-family
40049,Unmarried
37708,Husband
37708,Other-relative
37708,Own-child
37708,Wife
33765,Husband
33765,Not-in-family
33765,Other-relative
33765,Own-child
33765,Unmarried
33765,Wife
12750,Husband
12750,Not-in-family
12750,Other-relative
12750,Own-child
12750,Unmarried
12750,Wife
14440,Not-in-family
14440,Unmarried
22890,Husband
22890,Not-in-family
22890,Other-relative
22890,Own-child
22890,Unmarried
22890,Wife
36963,Husband
36963,Not-in-family
36963,Other-relative
36963,Own-child
36963,Unmarried
36963,Wife
28230,Not-in-family
28230,Unmarried
41148,Not-in-family
41148,Unmarried
48030,Husband
48030,Not-in-family
48030,Other-relative
48030,Own-child
48030,Unmarried
48030,Wife
4840,Not-in-family
4840,Unmarried
39934,Husband
39934,Not-in-family
39934,Other-relative
39934,Own-child
39934,Unmarried
39934,Wife
23774,Husband
23774,Other-relative
23774,Own-child
23774,Wife
39793,Husband
39793,Other-relative
39793,Own-child
39793,Wife
46109,Husband
46109,Other-relative
46109,Own-child
46109,Wife
12985,Husband
12985,Not-in-family
12985,Other-relative
12985,Own-child
12985,Unmarried
12985,Wife
43305,Husband
43305,Other-relative
43305,Own-child
43305,Wife
6359,Husband
6359,Other-relative
6359,Own-child
6359,Wife
25194,Not-in-family
25194,Unmarried
27120,Husband
27120,Other-relative
27120,Own-child
27120,Wife
38496,Husband
38496,Not-in-family
38496,Other-relative
38496,Own-child
38496,Unmarried
38496,Wife
23370,Husband
23370,Not-in-family
23370,Other-relative
23370,Own-child
23370,Unmarried
23370,Wife
33336,Husband
33336,Not-in-family
33336,Other-relative
33336,Own-child
33336,Unmarried
33336,Wife
43242,Husband
43242,Other-relative
43242,Own-child
43242,Wife
15072,Husband
15072,Not-in-family
15072,Other-relative
15072,Own-child
15072,Unmarried
15072,Wife
36884,Husband
36884,Not-in-family
36884,Other-relative
36884,Own-child
36884,Unmarried
36884,Wife
28098,Husband
28098,Other-relative
28098,Own-child
28098,Wife
31870,Husband
31870,Not-in-family
31870,Other-relative
31870,Own-child
31870,Unmarried
31870,Wife
18835,Husband
18835,Other-relative
18835,Own-child
18835,Wife
31978,Husband
31978,Other-relative
31978,Own-child
31978,Wife
4872,Husband
4872,Other-relative
4872,Own-child
4872,Wife
11636,Not-in-family
11636,Unmarried
13457,Husband
13457,Not-in-family
13457,Other-relative
13457,Own-child
13457,Unmarried
13457,Wife
17900,Husband
17900,Not-in-family
17900,Other-relative
17900,Own-child
17900,Unmarried
17900,Wife
14673,Husband
14673,Other-relative
14673,Own-child
14673,Wife
40190,Husband
40190,Not-in-family
40190,Other-relative
40190,Own-child
40190,Unmarried
40190,Wife
36457,Husband
36457,Other-relative
36457,Own-child
36457,Wife
113,Husband
113,Not-in-family
113,Other-relative
113,Own-child
113,Unmarried
113,Wife
41349,Husband
41349,Not-in-family
41349,Other-relative
41349,Own-child
41349,Unmarried
41349,Wife
13741,Not-in-family
13741,Unmarried
47697,Not-in-family
47697,Unmarried
27400,Husband
27400,Other-relative
27400,Own-child
27400,Wife
14884,Husband
14884,Other-relative
14884,Own-child
14884,Wife
5910,Husband
5910,Not-in-family
5910,Other-relative
5910,Own-child
5910,Unmarried
5910,Wife
20185,Husband
20185,Not-in-family
20185,Other-relative
20185,Own-child
20185,Unmarried
20185,Wife
29542,Husband
29542,Not-in-family
29542,Other-relative
29542,Own-child
29542,Unmarried
29542,Wife
33987,Husband
33987,Not-in-family
33987,Other-relative
33987,Own-child
33987,Unmarried
33987,Wife
24544,Not-in-family
24544,Unmarried
47081,Husband
47081,Not-in-family
47081,Other-relative
47081,Own-child
47081,Unmarried
47081,Wife
22375,Husband
22375,Other-relative
22375,Own-child
22375,Wife
32831,Husband
32831,Other-relative
32831,Own-child
32831,Wife
17005,Husband
17005,Other-relative
17005,Own-child
17005,Wife
27357,Husband
27357,Not-in-family
27357,Other-relative
27357,Own-child
27357,Unmarried
27357,Wife
16092,Husband
16092,Other-relative
16092,Own-child
16092,Wife
1620,Husband
1620,Other-relative
1620,Own-child
1620,Wife
16313,Not-in-family
16313,Unmarried
44968,Husband
44968,Not-in-family
44968,Other-relative
44968,Own-child
44968,Unmarried
44968,Wife
790,Husband
790,Other-relative
790,Own-child
790,Wife
17118,Husband
17118,Not-in-family
17118,Other-relative
17118,Own-child
17118,Unmarried
17118,Wife
37653,Not-in-family
37653,Unmarried
23926,Husband
23926,Other-relative
23926,Own-child
23926,Wife
42309,Not-in-family
42309,Unmarried
41841,Husband
41841,Not-in-family
41841,Other-relative
41841,Own-child
41841,Unmarried
41841,Wife
32048,Husband
32048,Not-in-family
32048,Other-relative
32048,Own-child
32048,Unmarried
32048,Wife
30969,Husband
30969,Other-relative
30969,Own-child
30969,Wife
43928,Husband
43928,Not-in-family
43928,Other-relative
43928,Own-child
43928,Unmarried
43928,Wife
48395,Husband
48395,Not-in-family
48395,Other-relative
48395,Own-child
48395,Unmarried
48395,Wife
30060,Husband
30060,Other-relative
30060,Own-child
30060,Wife
13819,Husband
13819,Not-in-family
13819,Other-relative
13819,Own-child
13819,Unmarried
13819,Wife
43379,Not-in-family
43379,Unmarried
28816,Husband
28816,Not-in-family
28816,Other-relative
28816,Own-child
28816,Unmarried
28816,Wife
40713,Not-in-family
40713,Unmarried
28434,Not-in-family
28434,Unmarried
31129,Husband
31129,Not-in-family
31129,Other-relative
31129,Own-child
31129,Unmarried
31129,Wife
30583,Not-in-family
30583,Unmarried
32272,Husband
32272,Other-relative
32272,Own-child
32272,Wife
1686,Not-in-family
1686,Unmarried
9396,Husband
9396,Other-relative
9396,Own-child
9396,Wife
22215,Husband
22215,Other-relative
22215,Own-child
22215,Wife
6235,Husband
6235,Not-in-family
6235,Other-relative
6235,Own-child
6235,Unmarried
6235,Wife
42242,Husband
42242,Not-in-family
42242,Other-relative
42242,Own-child
42242,Unmarried
42242,Wife
6343,Husband
6343,Not-in-family
6343,Other-relative
6343,Own-child
6343,Unmarried
6343,Wife
46707,Husband
46707,Not-in-family
46707,Other-relative
46707,Own-child
46707,Unmarried
46707,Wife
25025,Husband
25025,Not-in-family
25025,Other-relative
25025,Own-child
25025,Unmarried
25025,Wife
37138,Husband
37138,Not-in-family
37138,Other-relative
37138,Own-child
37138,Unmarried
37138,Wife
25626,Not-in-family
25626,Unmarried
48614,Husband
48614,Other-relative
48614,Own-child
48614,Wife
14014,Husband
14014,Not-in-family
14014,Other-relative
14014,Own-child
14014,Unmarried
14014,Wife
5168,Husband
5168,Not-in-family
5168,Other-relative
5168,Own-child
5168,Unmarried
5168,Wife
37368,Husband
37368,Other-relative
37368,Own-child
37368,Wife
5638,Husband
5638,Other-relative
5638,Own-child
5638,Wife
27101,Husband
27101,Other-relative
27101,Own-child
27101,Wife
33217,Husband
33217,Not-in-family
33217,Other-relative
33217,Own-child
33217,Unmarried
33217,Wife
413,Husband
413,Not-in-family
413,Other-relative
413,Own-child
413,Unmarried
413,Wife
5062,Husband
5062,Not-in-family
5062,Other-relative
5062,Own-child
5062,Unmarried
5062,Wife
14739,Husband
14739,Other-relative
14739,Own-child
14739,Wife
30073,Husband
30073,Not-in-family
30073,Other-relative
30073,Own-child
30073,Unmarried
30073,Wife
28179,Husband
28179,Not-in-family
28179,Other-relative
28179,Own-child
28179,Unmarried
28179,Wife
47630,Not-in-family
47630,Unmarried
29046,Husband
29046,Other-relative
29046,Own-child
29046,Wife
14481,Husband
14481,Not-in-family
14481,Other-relative
14481,Own-child
14481,Unmarried
14481,Wife
48718,Husband
48718,Not-in-family
48718,Other-relative
48718,Own-child
48718,Unmarried
48718,Wife
7089,Husband
7089,Not-in-family
7089,Other-relative
7089,Own-child
7089,Unmarried
7089,Wife
36766,Husband
36766,Other-relative
36766,Own-child
36766,Wife
29595,Husband
29595,Not-in-family
29595,Other-relative
29595,Own-child
29595,Unmarried
29595,Wife
26483,Not-in-family
26483,Unmarried
15766,Husband
15766,Other-relative
15766,Own-child
15766,Wife
28272,Husband
28272,Not-in-family
28272,Other-relative
28272,Own-child
28272,Unmarried
28272,Wife
32851,Husband
32851,Other-relative
32851,Own-child
32851,Wife
8244,Husband
8244,Other-relative
8244,Own-child
8244,Wife
20675,Not-in-family
20675,Unmarried
3530,Husband
3530,Not-in-family
3530,Other-relative
3530,Own-child
3530,Unmarried
3530,Wife
36166,Husband
36166,Other-relative
36166,Own-child
36166,Wife
23761,Husband
23761,Not-in-family
23761,Other-relative
23761,Own-child
23761,Unmarried
23761,Wife
27143,Husband
27143,Other-relative
27143,Own-child
27143,Wife
47960,Not-in-family
47960,Unmarried
47539,Husband
47539,Other-relative
47539,Own-child
47539,Wife
3274,Husband
3274,Not-in-family
3274,Other-relative
3274,Own-child
3274,Unmarried
3274,Wife
16788,Husband
16788,Not-in-family
16788,Other-relative
16788,Own-child
16788,Unmarried
16788,Wife
31573,Husband
31573,Other-relative
31573,Own-child
31573,Wife
36738,Husband
36738,Not-in-family
36738,Other-relative
36738,Own-child
36738,Unmarried
36738,Wife
41343,Husband
41343,Other-relative
41343,Own-child
41343,Wife
32811,Husband
32811,Not-in-family
32811,Other-relative
32811,Own-child
32811,Unmarried
32811,Wife
37475,Husband
37475,Other-relative
37475,Own-child
37475,Wife
22385,Husband
22385,Not-in-family
22385,Other-relative
22385,Own-child
22385,Unmarried
22385,Wife
20124,Husband
20124,Not-in-family
20124,Other-relative
20124,Own-child
20124,Unmarried
20124,Wife
5966,Husband
5966,Not-in-family
5966,Other-relative
5966,Own-child
5966,Unmarried
5966,Wife
21104,Husband
21104,Not-in-family
21104,Other-relative
21104,Own-child
21104,Unmarried
21104,Wife
27387,Not-in-family
27387,Unmarried
10999,Husband
10999,Not-in-family
10999,Other-relative
10999,Own-child
10999,Unmarried
10999,Wife
29213,Husband
29213,Not-in-family
29213,Other-relative
29213,Own-child
29213,Unmarried
29213,Wife
5138,Husband
5138,Not-in-family
5138,Other-relative
5138,Own-child
5138,Unmarried
5138,Wife
1403,Husband
1403,Not-in-family
1403,Other-relative
1403,Own-child
1403,Unmarried
1403,Wife
12423,Not-in-family
12423,Unmarried
36529,Husband
36529,Not-in-family
36529,Other-relative
36529,Own-child
36529,Unmarried
36529,Wife
47320,Husband
47320,Not-in-family
47320,Other-relative
47320,Own-child
47320,Unmarried
47320,Wife
15751,Husband
15751,Not-in-family
15751,Other-relative
15751,Own-child
15751,Unmarried
15751,Wife
24922,Husband
24922,Other-relative
24922,Own-child
24922,Wife
39247,Husband
39247,Not-in-family
39247,Other-relative
39247,Own-child
39247,Unmarried
39247,Wife
24871,Husband
24871,Not-in-family
24871,Other-relative
24871,Own-child
24871,Unmarried
24871,Wife
11869,Husband
11869,Not-in-family
11869,Other-relative
11869,Own-child
11869,Unmarried
11869,Wife
47028,Husband
47028,Not-in-family
47028,Other-relative
47028,Own-child
47028,Unmarried
47028,Wife
38004,Not-in-family
38004,Unmarried
45372,Not-in-family
45372,Unmarried
8336,Not-in-family
8336,Unmarried
228,Husband
228,Not-in-family
228,Other-relative
228,Own-child
228,Unmarried
228,Wife
45270,Husband
45270,Not-in-family
45270,Other-relative
45270,Own-child
45270,Unmarried
45270,Wife
22775,Husband
22775,Other-relative
22775,Own-child
22775,Wife
37976,Husband
37976,Not-in-family
37976,Other-relative
37976,Own-child
37976,Unmarried
37976,Wife
10466,Not-in-family
10466,Unmarried
38757,Not-in-family
38757,Unmarried
42239,Not-in-family
42239,Unmarried
23287,Not-in-family
23287,Unmarried
21021,Husband
21021,Not-in-family
21021,Other-relative
21021,Own-child
21021,Unmarried
21021,Wife
46959,Husband
46959,Not-in-family
46959,Other-relative
46959,Own-child
46959,Unmarried
46959,Wife
702,Husband
702,Not-in-family
702,Other-relative
702,Own-child
702,Unmarried
702,Wife
47769,Husband
47769,Other-relative
47769,Own-child
47769,Wife
42872,Not-in-family
42872,Unmarried
46742,Husband
46742,Not-in-family
46742,Other-relative
46742,Own-child
46742,Unmarried
46742,Wife
33534,Husband
33534,Other-relative
33534,Own-child
33534,Wife
17566,Husband
17566,Other-relative
17566,Own-child
17566,Wife
11323,Husband
11323,Not-in-family
11323,Other-relative
11323,Own-child
11323,Unmarried
11323,Wife
45571,Not-in-family
45571,Unmarried
36225,Husband
36225,Not-in-family
36225,Other-relative
36225,Own-child
36225,Unmarried
36225,Wife
1832,Husband
1832,Not-in-family
1832,Other-relative
1832,Own-child
1832,Unmarried
1832,Wife
21903,Husband
21903,Other-relative
21903,Own-child
21903,Wife
5006,Not-in-family
5006,Unmarried
20407,Husband
20407,Not-in-family
20407,Other-relative
20407,Own-child
20407,Unmarried
20407,Wife
10316,Not-in-family
10316,Unmarried
7777,Husband
7777,Not-in-family
7777,Other-relative
7777,Own-child
7777,Unmarried
7777,Wife
3314,Husband
3314,Not-in-family
3314,Other-relative
3314,Own-child
3314,Unmarried
3314,Wife
7538,Husband
7538,Other-relative
7538,Own-child
7538,Wife
45102,Husband
45102,Other-relative
45102,Own-child
45102,Wife
2174,Husband
2174,Other-relative
2174,Own-child
2174,Wife
19388,Husband
19388,Not-in-family
19388,Other-relative
19388,Own-child
19388,Unmarried
19388,Wife
18740,Husband
18740,Not-in-family
18740,Other-relative
18740,Own-child
18740,Unmarried
18740,Wife
47530,Husband
47530,Other-relative
47530,Own-child
47530,Wife
42151,Husband
42151,Other-relative
42151,Own-child
42151,Wife
15966,Husband
15966,Not-in-family
15966,Other-relative
15966,Own-child
15966,Unmarried
15966,Wife
48202,Husband
48202,Other-relative
48202,Own-child
48202,Wife
26696,Not-in-family
26696,Unmarried
12273,Husband
12273,Not-in-family
12273,Other-relative
12273,Own-child
12273,Unmarried
12273,Wife
29730,Husband
29730,Other-relative
29730,Own-child
29730,Wife
32855,Husband
32855,Not-in-family
32855,Other-relative
32855,Own-child
32855,Unmarried
32855,Wife
15275,Husband
15275,Not-in-family
15275,Other-relative
15275,Own-child
15275,Unmarried
15275,Wife
45559,Husband
45559,Not-in-family
45559,Other-relative
45559,Own-child
45559,Unmarried
45559,Wife
28389,Husband
28389,Other-relative
28389,Own-child
28389,Wife
21595,Husband
21595,Other-relative
21595,Own-child
21595,Wife
23522,Not-in-family
23522,Unmarried
29184,Husband
29184,Not-in-family
29184,Other-relative
29184,Own-child
29184,Unmarried
29184,Wife
34759,Husband
34759,Not-in-family
34759,Other-relative
34759,Own-child
34759,Unmarried
34759,Wife
32798,Husband
32798,Not-in-family
32798,Other-relative
32798,Own-child
32798,Unmarried
32798,Wife
6147,Husband
6147,Other-relative
6147,Own-child
6147,Wife
23390,Husband
23390,Other-relative
23390,Own-child
23390,Wife
117,Husband
117,Other-relative
117,Own-child
117,Wife
23523,Husband
23523,Not-in-family
23523,Other-relative
23523,Own-child
23523,Unmarried
23523,Wife
775,Not-in-family
775,Unmarried
48822,Husband
48822,Not-in-family
48822,Other-relative
48822,Own-child
48822,Unmarried
48822,Wife
1677,Not-in-family
1677,Unmarried
10991,Not-in-family
10991,Unmarried
9842,Husband
9842,Other-relative
9842,Own-child
9842,Wife
17860,Not-in-family
17860,Unmarried
24439,Husband
24439,Not-in-family
24439,Other-relative
24439,Own-child
24439,Unmarried
24439,Wife
15659,Not-in-family
15659,Unmarried
43941,Husband
43941,Other-relative
43941,Own-child
43941,Wife
30874,Husband
30874,Not-in-family
30874,Other-relative
30874,Own-child
30874,Unmarried
30874,Wife
19366,Husband
19366,Not-in-family
19366,Other-relative
19366,Own-child
19366,Unmarried
19366,Wife
3583,Husband
3583,Not-in-family
3583,Other-relative
3583,Own-child
3583,Unmarried
3583,Wife
14312,Husband
14312,Other-relative
14312,Own-child
14312,Wife
13291,Husband
13291,Other-relative
13291,Own-child
13291,Wife
5888,Husband
5888,Not-in-family
5888,Other-relative
5888,Own-child
5888,Unmarried
5888,Wife
14959,Husband
14959,Not-in-family
14959,Other-relative
14959,Own-child
14959,Unmarried
14959,Wife
30301,Husband
30301,Not-in-family
30301,Other-relative
30301,Own-child
30301,Unmarried
30301,Wife
19926,Husband
19926,Not-in-family
19926,Other-relative
19926,Own-child
19926,Unmarried
19926,Wife
38431,Husband
38431,Not-in-family
38431,Other-relative
38431,Own-child
38431,Unmarried
38431,Wife
37178,Husband
37178,Not-in-family
37178,Other-relative
37178,Own-child
37178,Unmarried
37178,Wife
21505,Husband
21505,Not-in-family
21505,Other-relative
21505,Own-child
21505,Unmarried
21505,Wife
48027,Husband
48027,Other-relative
48027,Own-child
48027,Wife
23996,Not-in-family
23996,Unmarried
26487,Husband
26487,Other-relative
26487,Own-child
26487,Wife
40644,Not-in-family
40644,Unmarried
47285,Husband
47285,Not-in-family
47285,Other-relative
47285,Own-child
47285,Unmarried
47285,Wife
28579,Husband
28579,Not-in-family
28579,Other-relative
28579,Own-child
28579,Unmarried
28579,Wife
43840,Husband
43840,Other-relative
43840,Own-child
43840,Wife
31805,Husband
31805,Other-relative
31805,Own-child
31805,Wife
726,Husband
726,Not-in-family
726,Other-relative
726,Own-child
726,Unmarried
726,Wife
40877,Not-in-family
40877,Unmarried
19130,Husband
19130,Not-in-family
19130,Other-relative
19130,Own-child
19130,Unmarried
19130,Wife
23958,Husband
23958,Not-in-family
23958,Other-relative
23958,Own-child
23958,Unmarried
23958,Wife
20476,Not-in-family
20476,Unmarried
21278,Husband
21278,Other-relative
21278,Own-child
21278,Wife
46243,Husband
46243,Not-in-family
46243,Other-relative
46243,Own-child
46243,Unmarried
46243,Wife
34549,Not-in-family
34549,Unmarried
38163,Husband
38163,Not-in-family
38163,Other-relative
38163,Own-child
38163,Unmarried
38163,Wife
38213,Husband
38213,Other-relative
38213,Own-child
38213,Wife
20456,Husband
20456,Not-in-family
20456,Other-relative
20456,Own-child
20456,Unmarried
20456,Wife
3824,Husband
3824,Other-relative
3824,Own-child
3824,Wife
28784,Husband
28784,Not-in-family
28784,Other-relative
28784,Own-child
28784,Unmarried
28784,Wife
45361,Husband
45361,Not-in-family
45361,Other-relative
45361,Own-child
45361,Unmarried
45361,Wife
35303,Not-in-family
35303,Unmarried
15498,Not-in-family
15498,Unmarried
21534,Husband
21534,Not-in-family
21534,Other-relative
21534,Own-child
21534,Unmarried
21534,Wife
11432,Not-in-family
11432,Unmarried
15806,Husband
15806,Other-relative
15806,Own-child
15806,Wife
27650,Husband
27650,Other-relative
27650,Own-child
27650,Wife
34012,Husband
34012,Not-in-family
34012,Other-relative
34012,Own-child
34012,Unmarried
34012,Wife
44052,Not-in-family
44052,Unmarried
613,Husband
613,Not-in-family
613,Other-relative
613,Own-child
613,Unmarried
613,Wife
29629,Not-in-family
29629,Unmarried
19290,Husband
19290,Other-relative
19290,Own-child
19290,Wife
33560,Not-in-family
33560,Unmarried
48779,Not-in-family
48779,Unmarried
4547,Husband
4547,Other-relative
4547,Own-child
4547,Wife
34891,Husband
34891,Other-relative
34891,Own-child
34891,Wife
15894,Husband
15894,Other-relative
15894,Own-child
15894,Wife
40070,Husband
40070,Other-relative
40070,Own-child
40070,Wife
18694,Husband
18694,Other-relative
18694,Own-child
18694,Wife
10965,Not-in-family
10965,Unmarried
46574,Husband
46574,Not-in-family
46574,Other-relative
46574,Own-child
46574,Unmarried
46574,Wife
40499,Husband
40499,Not-in-family
40499,Other-relative
40499,Own-child
40499,Unmarried
40499,Wife
24617,Husband
24617,Not-in-family
24617,Other-relative
24617,Own-child
24617,Unmarried
24617,Wife
32266,Husband
32266,Not-in-family
32266,Other-relative
32266,Own-child
32266,Unmarried
32266,Wife
48692,Husband
48692,Not-in-family
48692,Other-relative
48692,Own-child
48692,Unmarried
48692,Wife
19923,Husband
19923,Not-in-family
19923,Other-relative
19923,Own-child
19923,Unmarried
19923,Wife
36650,Husband
36650,Other-relative
36650,Own-child
36650,Wife
37328,Husband
37328,Not-in-family
37328,Other-relative
37328,Own-child
37328,Unmarried
37328,Wife
46863,Not-in-family
46863,Unmarried
36059,Husband
36059,Not-in-family
36059,Other-relative
36059,Own-child
36059,Unmarried
36059,Wife
28426,Not-in-family
28426,Unmarried
15321,Not-in-family
15321,Unmarried
28612,Husband
28612,Not-in-family
28612,Other-relative
28612,Own-child
28612,Unmarried
28612,Wife
44013,Husband
44013,Other-relative
44013,Own-child
44013,Wife
46973,Husband
46973,Not-in-family
46973,Other-relative
46973,Own-child
46973,Unmarried
46973,Wife
28466,Husband
28466,Other-relative
28466,Own-child
28466,Wife
24180,Husband
24180,Other-relative
24180,Own-child
24180,Wife
26563,Not-in-family
26563,Unmarried
32064,Husband
32064,Not-in-family
32064,Other-relative
32064,Own-child
32064,Unmarried
32064,Wife
46896,Not-in-family
46896,Unmarried
9266,Husband
9266,Other-relative
9266,Own-child
9266,Wife
35842,Husband
35842,Not-in-family
35842,Other-relative
35842,Own-child
35842,Unmarried
35842,Wife
34641,Husband
34641,Not-in-family
34641,Other-relative
34641,Own-child
34641,Unmarried
34641,Wife
27293,Husband
27293,Not-in-family
27293,Other-relative
27293,Own-child
27293,Unmarried
27293,Wife
12088,Husband
12088,Not-in-family
12088,Other-relative
12088,Own-child
12088,Unmarried
12088,Wife
22235,Not-in-family
22235,Unmarried
13067,Husband
13067,Not-in-family
13067,Other-relative
13067,Own-child
13067,Unmarried
13067,Wife
2011,Husband
2011,Other-relative
2011,Own-child
2011,Wife
47157,Husband
47157,Other-relative
47157,Own-child
47157,Wife
8269,Husband
8269,Other-relative
8269,Own-child
8269,Wife
21084,Husband
21084,Other-relative
21084,Own-child
21084,Wife
23709,Husband
23709,Not-in-family
23709,Other-relative
23709,Own-child
23709,Unmarried
23709,Wife
31525,Husband
31525,Not-in-family
31525,Other-relative
31525,Own-child
31525,Unmarried
31525,Wife
23510,Husband
23510,Other-relative
23510,Own-child
23510,Wife
34403,Husband
34403,Not-in-family
34403,Other-relative
34403,Own-child
34403,Unmarried
34403,Wife
47802,Husband
47802,Other-relative
47802,Own-child
47802,Wife
25159,Husband
25159,Not-in-family
25159,Other-relative
25159,Own-child
25159,Unmarried
25159,Wife
1859,Husband
1859,Not-in-family
1859,Other-relative
1859,Own-child
1859,Unmarried
1859,Wife
44347,Husband
44347,Other-relative
44347,Own-child
44347,Wife
7123,Husband
7123,Other-relative
7123,Own-child
7123,Wife
20809,Husband
20809,Not-in-family
20809,Other-relative
20809,Own-child
20809,Unmarried
20809,Wife
21674,Not-in-family
21674,Unmarried
510,Husband
510,Not-in-family
510,Other-relative
510,Own-child
510,Unmarried
510,Wife
1532,Husband
1532,Not-in-family
1532,Other-relative
1532,Own-child
1532,Unmarried
1532,Wife
32623,Husband
32623,Not-in-family
32623,Other-relative
32623,Own-child
32623,Unmarried
32623,Wife
1430,Husband
1430,Not-in-family
1430,Other-relative
1430,Own-child
1430,Unmarried
1430,Wife
45658,Husband
45658,Other-relative
45658,Own-child
45658,Wife
12417,Not-in-family
12417,Unmarried
24798,Husband
24798,Not-in-family
24798,Other-relative
24798,Own-child
24798,Unmarried
24798,Wife
28973,Not-in-family
28973,Unmarried
11247,Husband
11247,Not-in-family
11247,Other-relative
11247,Own-child
11247,Unmarried
11247,Wife
1245,Not-in-family
1245,Unmarried
9129,Husband
9129,Not-in-family
9129,Other-relative
9129,Own-child
9129,Unmarried
9129,Wife
5010,Husband
5010,Not-in-family
5010,Other-relative
5010,Own-child
5010,Unmarried
5010,Wife
39836,Husband
39836,Not-in-family
39836,Other-relative
39836,Own-child
39836,Unmarried
39836,Wife
3893,Husband
3893,Not-in-family
3893,Other-relative
3893,Own-child
3893,Unmarried
3893,Wife
35084,Husband
35084,Not-in-family
35084,Other-relative
35084,Own-child
35084,Unmarried
35084,Wife
16771,Husband
16771,Not-in-family
16771,Other-relative
16771,Own-child
16771,Unmarried
16771,Wife
12084,Not-in-family
12084,Unmarried
13593,Husband
13593,Not-in-family
13593,Other-relative
13593,Own-child
13593,Unmarried
13593,Wife
31563,Husband
31563,Not-in-family
31563,Other-relative
31563,Own-child
31563,Unmarried
31563,Wife
13048,Not-in-family
13048,Unmarried
48120,Husband
48120,Not-in-family
48120,Other-relative
48120,Own-child
48120,Unmarried
48120,Wife
39732,Husband
39732,Not-in-family
39732,Other-relative
39732,Own-child
39732,Unmarried
39732,Wife
6965,Husband
6965,Not-in-family
6965,Other-relative
6965,Own-child
6965,Unmarried
6965,Wife
29832,Husband
29832,Not-in-family
29832,Other-relative
29832,Own-child
29832,Unmarried
29832,Wife
33689,Husband
33689,Not-in-family
33689,Other-relative
33689,Own-child
33689,Unmarried
33689,Wife
35989,Husband
35989,Other-relative
35989,Own-child
35989,Wife
9979,Not-in-family
9979,Unmarried
6907,Husband
6907,Other-relative
6907,Own-child
6907,Wife
15425,Husband
15425,Not-in-family
15425,Other-relative
15425,Own-child
15425,Unmarried
15425,Wife
8641,Husband
8641,Not-in-family
8641,Other-relative
8641,Own-child
8641,Unmarried
8641,Wife
45028,Husband
45028,Other-relative
45028,Own-child
45028,Wife
13840,Husband
13840,Other-relative
13840,Own-child
13840,Wife
12649,Husband
12649,Other-relative
12649,Own-child
12649,Wife
7653,Husband
7653,Not-in-family
7653,Other-relative
7653,Own-child
7653,Unmarried
7653,Wife
43355,Husband
43355,Other-relative
43355,Own-child
43355,Wife
22473,Husband
22473,Not-in-family
22473,Other-relative
22473,Own-child
22473,Unmarried
22473,Wife
29203,Not-in-family
29203,Unmarried
31028,Husband
31028,Other-relative
31028,Own-child
31028,Wife
35332,Husband
35332,Other-relative
35332,Own-child
35332,Wife
23962,Husband
23962,Not-in-family
23962,Other-relative
23962,Own-child
23962,Unmarried
23962,Wife
35888,Husband
35888,Not-in-family
35888,Other-relative
35888,Own-child
35888,Unmarried
35888,Wife
12381,Husband
12381,Not-in-family
12381,Other-relative
12381,Own-child
12381,Unmarried
12381,Wife
39325,Not-in-family
39325,Unmarried
19231,Not-in-family
19231,Unmarried
42998,Husband
42998,Other-relative
42998,Own-child
42998,Wife
24083,Not-in-family
24083,Unmarried
30589,Husband
30589,Not-in-family
30589,Other-relative
30589,Own-child
30589,Unmarried
30589,Wife
9522,Not-in-family
9522,Unmarried
44643,Not-in-family
44643,Unmarried
34059,Husband
34059,Other-relative
34059,Own-child
34059,Wife
38234,Husband
38234,Not-in-family
38234,Other-relative
38234,Own-child
38234,Unmarried
38234,Wife
45133,Husband
45133,Other-relative
45133,Own-child
45133,Wife
46593,Husband
46593,Not-in-family
46593,Other-relative
46593,Own-child
46593,Unmarried
46593,Wife
18147,Husband
18147,Not-in-family
18147,Other-relative
18147,Own-child
18147,Unmarried
18147,Wife
13950,Not-in-family
13950,Unmarried
31457,Husband
31457,Not-in-family
31457,Other-relative
31457,Own-child
31457,Unmarried
31457,Wife
19848,Husband
19848,Not-in-family
19848,Other-relative
19848,Own-child
19848,Unmarried
19848,Wife
12301,Husband
12301,Not-in-family
12301,Other-relative
12301,Own-child
12301,Unmarried
12301,Wife
33192,Husband
33192,Not-in-family
33192,Other-relative
33192,Own-child
33192,Unmarried
33192,Wife
46289,Husband
46289,Not-in-family
46289,Other-relative
46289,Own-child
46289,Unmarried
46289,Wife
39375,Husband
39375,Not-in-family
39375,Other-relative
39375,Own-child
39375,Unmarried
39375,Wife
36043,Husband
36043,Not-in-family
36043,Other-relative
36043,Own-child
36043,Unmarried
36043,Wife
14606,Husband
14606,Other-relative
14606,Own-child
14606,Wife
30358,Husband
30358,Other-relative
30358,Own-child
30358,Wife
28685,Husband
28685,Other-relative
28685,Own-child
28685,Wife
457,Husband
457,Other-relative
457,Own-child
457,Wife
16614,Husband
16614,Other-relative
16614,Own-child
16614,Wife
37335,Husband
37335,Not-in-family
37335,Other-relative
37335,Own-child
37335,Unmarried
37335,Wife
27184,Husband
27184,Other-relative
27184,Own-child
27184,Wife
7000,Husband
7000,Not-in-family
7000,Other-relative
7000,Own-child
7000,Unmarried
7000,Wife
10989,Husband
10989,Not-in-family
10989,Other-relative
10989,Own-child
10989,Unmarried
10989,Wife
27889,Husband
27889,Not-in-family
27889,Other-relative
27889,Own-child
27889,Unmarried
27889,Wife
1573,Husband
1573,Not-in-family
1573,Other-relative
1573,Own-child
1573,Unmarried
1573,Wife
32856,Not-in-family
32856,Unmarried
31522,Husband
31522,Other-relative
31522,Own-child
31522,Wife
3620,Husband
3620,Other-relative
3620,Own-child
3620,Wife
39739,Husband
39739,Other-relative
39739,Own-child
39739,Wife
28103,Husband
28103,Other-relative
28103,Own-child
28103,Wife
28283,Not-in-family
28283,Unmarried
9461,Husband
9461,Not-in-family
9461,Other-relative
9461,Own-child
9461,Unmarried
9461,Wife
6985,Husband
6985,Not-in-family
6985,Other-relative
6985,Own-child
6985,Unmarried
6985,Wife
10235,Not-in-family
10235,Unmarried
26218,Husband
26218,Not-in-family
26218,Other-relative
26218,Own-child
26218,Unmarried
26218,Wife
43667,Husband
43667,Not-in-family
43667,Other-relative
43667,Own-child
43667,Unmarried
43667,Wife
38974,Husband
38974,Not-in-family
38974,Other-relative
38974,Own-child
38974,Unmarried
38974,Wife
36845,Not-in-family
36845,Unmarried
45507,Husband
45507,Not-in-family
45507,Other-relative
45507,Own-child
45507,Unmarried
45507,Wife
1511,Husband
1511,Not-in-family
1511,Other-relative
1511,Own-child
1511,Unmarried
1511,Wife
29031,Husband
29031,Other-relative
29031,Own-child
29031,Wife
7738,Not-in-family
7738,Unmarried
44285,Not-in-family
44285,Unmarried
44487,Husband
44487,Other-relative
44487,Own-child
44487,Wife
9323,Husband
9323,Other-relative
9323,Own-child
9323,Wife
28313,Husband
28313,Other-relative
28313,Own-child
28313,Wife
3707,Husband
3707,Not-in-family
3707,Other-relative
3707,Own-child
3707,Unmarried
3707,Wife
40630,Husband
40630,Not-in-family
40630,Other-relative
40630,Own-child
40630,Unmarried
40630,Wife
6447,Husband
6447,Not-in-family
6447,Other-relative
6447,Own-child
6447,Unmarried
6447,Wife
1207,Husband
1207,Not-in-family
1207,Other-relative
1207,Own-child
1207,Unmarried
1207,Wife
19150,Husband
19150,Not-in-family
19150,Other-relative
19150,Own-child
19150,Unmarried
19150,Wife
6371,Husband
6371,Other-relative
6371,Own-child
6371,Wife
15264,Husband
15264,Other-relative
15264,Own-child
15264,Wife
48700,Husband
48700,Other-relative
48700,Own-child
48700,Wife
32594,Husband
32594,Other-relative
32594,Own-child
32594,Wife
7392,Husband
7392,Not-in-family
7392,Other-relative
7392,Own-child
7392,Unmarried
7392,Wife
38294,Husband
38294,Other-relative
38294,Own-child
38294,Wife
25377,Husband
25377,Not-in-family
25377,Other-relative
25377,Own-child
25377,Unmarried
25377,Wife
41143,Husband
41143,Not-in-family
41143,Other-relative
41143,Own-child
41143,Unmarried
41143,Wife
7387,Husband
7387,Not-in-family
7387,Other-relative
7387,Own-child
7387,Unmarried
7387,Wife
3188,Not-in-family
3188,Unmarried
2628,Husband
2628,Other-relative
2628,Own-child
2628,Wife
17694,Husband
17694,Not-in-family
17694,Other-relative
17694,Own-child
17694,Unmarried
17694,Wife
34267,Husband
34267,Other-relative
34267,Own-child
34267,Wife
6400,Husband
6400,Not-in-family
6400,Other-relative
6400,Own-child
6400,Unmarried
6400,Wife
39712,Not-in-family
39712,Unmarried
45524,Husband
45524,Not-in-family
45524,Other-relative
45524,Own-child
45524,Unmarried
45524,Wife
11951,Husband
11951,Not-in-family
11951,Other-relative
11951,Own-child
11951,Unmarried
11951,Wife
13082,Husband
13082,Not-in-family
13082,Other-relative
13082,Own-child
13082,Unmarried
13082,Wife
1226,Husband
1226,Other-relative
1226,Own-child
1226,Wife
39603,Not-in-family
39603,Unmarried
27975,Husband
27975,Not-in-family
27975,Other-relative
27975,Own-child
27975,Unmarried
27975,Wife
25164,Husband
25164,Not-in-family
25164,Other-relative
25164,Own-child
25164,Unmarried
25164,Wife
43745,Husband
43745,Not-in-family
43745,Other-relative
43745,Own-child
43745,Unmarried
43745,Wife
23694,Husband
23694,Other-relative
23694,Own-child
23694,Wife
30696,Not-in-family
30696,Unmarried
35762,Not-in-family
35762,Unmarried
32144,Husband
32144,Other-relative
32144,Own-child
32144,Wife
42413,Not-in-family
42413,Unmarried
9242,Husband
9242,Other-relative
9242,Own-child
9242,Wife
33398,Husband
33398,Other-relative
33398,Own-child
33398,Wife
18162,Husband
18162,Not-in-family
18162,Other-relative
18162,Own-child
18162,Unmarried
18162,Wife
12718,Husband
12718,Not-in-family
12718,Other-relative
12718,Own-child
12718,Unmarried
12718,Wife
13050,Husband
13050,Other-relative
13050,Own-child
13050,Wife
44736,Not-in-family
44736,Unmarried
38204,Not-in-family
38204,Unmarried
36894,Husband
36894,Not-in-family
36894,Other-relative
36894,Own-child
36894,Unmarried
36894,Wife
45592,Husband
45592,Not-in-family
45592,Other-relative
45592,Own-child
45592,Unmarried
45592,Wife
230,Husband
230,Not-in-family
230,Other-relative
230,Own-child
230,Unmarried
230,Wife
1853,Not-in-family
1853,Unmarried
26380,Husband
26380,Not-in-family
26380,Other-relative
26380,Own-child
26380,Unmarried
26380,Wife
34179,Husband
34179,Not-in-family
34179,Other-relative
34179,Own-child
34179,Unmarried
34179,Wife
26441,Husband
26441,Not-in-family
26441,Other-relative
26441,Own-child
26441,Unmarried
26441,Wife
45544,Husband
45544,Not-in-family
45544,Other-relative
45544,Own-child
45544,Unmarried
45544,Wife
38199,Husband
38199,Not-in-family
38199,Other-relative
38199,Own-child
38199,Unmarried
38199,Wife
568,Not-in-family
568,Unmarried
39270,Husband
39270,Other-relative
39270,Own-child
39270,Wife
29274,Husband
29274,Other-relative
29274,Own-child
29274,Wife
26263,Husband
26263,Not-in-family
26263,Other-relative
26263,Own-child
26263,Unmarried
26263,Wife
17325,Husband
17325,Not-in-family
17325,Other-relative
17325,Own-child
17325,Unmarried
17325,Wife
31952,Husband
31952,Not-in-family
31952,Other-relative
31952,Own-child
31952,Unmarried
31952,Wife
32561,Husband
32561,Not-in-family
32561,Other-relative
32561,Own-child
32561,Unmarried
32561,Wife
26518,Husband
26518,Not-in-family
26518,Other-relative
26518,Own-child
26518,Unmarried
26518,Wife
41568,Husband
41568,Not-in-family
41568,Other-relative
41568,Own-child
41568,Unmarried
41568,Wife
31819,Husband
31819,Not-in-family
31819,Other-relative
31819,Own-child
31819,Unmarried
31819,Wife
45774,Husband
45774,Other-relative
45774,Own-child
45774,Wife
22936,Husband
22936,Other-relative
22936,Own-child
22936,Wife
6171,Husband
6171,Not-in-family
6171,Other-relative
6171,Own-child
6171,Unmarried
6171,Wife
25020,Husband
25020,Other-relative
25020,Own-child
25020,Wife
3756,Husband
3756,Not-in-family
3756,Other-relative
3756,Own-child
3756,Unmarried
3756,Wife
23952,Husband
23952,Not-in-family
23952,Other-relative
23952,Own-child
23952,Unmarried
23952,Wife
11932,Husband
11932,Not-in-family
11932,Other-relative
11932,Own-child
11932,Unmarried
11932,Wife
23006,Husband
23006,Other-relative
23006,Own-child
23006,Wife
45042,Not-in-family
45042,Unmarried
21210,Husband
21210,Other-relative
21210,Own-child
21210,Wife
22523,Husband
22523,Not-in-family
22523,Other-relative
22523,Own-child
22523,Unmarried
22523,Wife
45746,Husband
45746,Not-in-family
45746,Other-relative
45746,Own-child
45746,Unmarried
45746,Wife
22949,Husband
22949,Not-in-family
22949,Other-relative
22949,Own-child
22949,Unmarried
22949,Wife
40612,Husband
40612,Other-relative
40612,Own-child
40612,Wife
35317,Not-in-family
35317,Unmarried
7697,Husband
7697,Not-in-family
7697,Other-relative
7697,Own-child
7697,Unmarried
7697,Wife
36067,Husband
36067,Other-relative
36067,Own-child
36067,Wife
45704,Not-in-family
45704,Unmarried
28642,Husband
28642,Other-relative
28642,Own-child
28642,Wife
1000,Husband
1000,Not-in-family
1000,Other-relative
1000,Own-child
1000,Unmarried
1000,Wife
28595,Husband
28595,Other-relative
28595,Own-child
28595,Wife
7481,Husband
7481,Not-in-family
7481,Other-relative
7481,Own-child
7481,Unmarried
7481,Wife
9605,Not-in-family
9605,Unmarried
12446,Husband
12446,Other-relative
12446,Own-child
12446,Wife
9393,Husband
9393,Not-in-family
9393,Other-relative
9393,Own-child
9393,Unmarried
9393,Wife
11358,Not-in-family
11358,Unmarried
43642,Husband
43642,Not-in-family
43642,Other-relative
43642,Own-child
43642,Unmarried
43642,Wife
40733,Husband
40733,Not-in-family
40733,Other-relative
40733,Own-child
40733,Unmarried
40733,Wife
4038,Husband
4038,Not-in-family
4038,Other-relative
4038,Own-child
4038,Unmarried
4038,Wife
11485,Not-in-family
11485,Unmarried
29226,Husband
29226,Other-relative
29226,Own-child
29226,Wife
37206,Not-in-family
37206,Unmarried
35441,Husband
35441,Other-relative
35441,Own-child
35441,Wife
27881,Husband
27881,Not-in-family
27881,Other-relative
27881,Own-child
27881,Unmarried
27881,Wife
5477,Husband
5477,Other-relative
5477,Own-child
5477,Wife
11950,Husband
11950,Not-in-family
11950,Other-relative
11950,Own-child
11950,Unmarried
11950,Wife
9205,Husband
9205,Not-in-family
9205,Other-relative
9205,Own-child
9205,Unmarried
9205,Wife
18058,Not-in-family
18058,Unmarried
45679,Husband
45679,Other-relative
45679,Own-child
45679,Wife
2413,Not-in-family
2413,Unmarried
14379,Not-in-family
14379,Unmarried
13828,Husband
13828,Not-in-family
13828,Other-relative
13828,Own-child
13828,Unmarried
13828,Wife
28300,Husband
28300,Other-relative
28300,Own-child
28300,Wife
2060,Husband
2060,Not-in-family
2060,Other-relative
2060,Own-child
2060,Unmarried
2060,Wife
11115,Husband
11115,Not-in-family
11115,Other-relative
11115,Own-child
11115,Unmarried
11115,Wife
23400,Husband
23400,Not-in-family
23400,Other-relative
23400,Own-child
23400,Unmarried
23400,Wife
27191,Husband
27191,Not-in-family
27191,Other-relative
27191,Own-child
27191,Unmarried
27191,Wife
8510,Husband
8510,Not-in-family
8510,Other-relative
8510,Own-child
8510,Unmarried
8510,Wife
17210,Husband
17210,Other-relative
17210,Own-child
17210,Wife
17558,Husband
17558,Not-in-family
17558,Other-relative
17558,Own-child
17558,Unmarried
17558,Wife
45084,Husband
45084,Not-in-family
45084,Other-relative
45084,Own-child
45084,Unmarried
45084,Wife
46177,Husband
46177,Other-relative
46177,Own-child
46177,Wife
4594,Husband
4594,Other-relative
4594,Own-child
4594,Wife
27222,Husband
27222,Other-relative
27222,Own-child
27222,Wife
11517,Not-in-family
11517,Unmarried
25758,Husband
25758,Other-relative
25758,Own-child
25758,Wife
47408,Husband
47408,Not-in-family
47408,Other-relative
47408,Own-child
47408,Unmarried
47408,Wife
21376,Husband
21376,Not-in-family
21376,Other-relative
21376,Own-child
21376,Unmarried
21376,Wife
27639,Husband
27639,Other-relative
27639,Own-child
27639,Wife
27326,Husband
27326,Other-relative
27326,Own-child
27326,Wife
22542,Husband
22542,Other-relative
22542,Own-child
22542,Wife
48529,Husband
48529,Other-relative
48529,Own-child
48529,Wife
37554,Husband
37554,Not-in-family
37554,Other-relative
37554,Own-child
37554,Unmarried
37554,Wife
36531,Husband
36531,Not-in-family
36531,Other-relative
36531,Own-child
36531,Unmarried
36531,Wife
33605,Husband
33605,Other-relative
33605,Own-child
33605,Wife
24161,Husband
24161,Not-in-family
24161,Other-relative
24161,Own-child
24161,Unmarried
24161,Wife
48621,Husband
48621,Not-in-family
48621,Other-relative
48621,Own-child
48621,Unmarried
48621,Wife
14770,Not-in-family
14770,Unmarried
20617,Husband
20617,Not-in-family
20617,Other-relative
20617,Own-child
20617,Unmarried
20617,Wife
2750,Husband
2750,Not-in-family
2750,Other-relative
2750,Own-child
2750,Unmarried
2750,Wife
4168,Husband
4168,Not-in-family
4168,Other-relative
4168,Own-child
4168,Unmarried
4168,Wife
43487,Husband
43487,Not-in-family
43487,Other-relative
43487,Own-child
43487,Unmarried
43487,Wife
27847,Husband
27847,Other-relative
27847,Own-child
27847,Wife
46986,Husband
46986,Not-in-family
46986,Other-relative
46986,Own-child
46986,Unmarried
46986,Wife
43972,Husband
43972,Other-relative
43972,Own-child
43972,Wife
3899,Husband
3899,Not-in-family
3899,Other-relative
3899,Own-child
3899,Unmarried
3899,Wife
30564,Husband
30564,Not-in-family
30564,Other-relative
30564,Own-child
30564,Unmarried
30564,Wife
20,Husband
20,Other-relative
20,Own-child
20,Wife
27718,Husband
27718,Other-relative
27718,Own-child
27718,Wife
4563,Husband
4563,Not-in-family
4563,Other-relative
4563,Own-child
4563,Unmarried
4563,Wife
35650,Husband
35650,Other-relative
35650,Own-child
35650,Wife
46515,Husband
46515,Not-in-family
46515,Other-relative
46515,Own-child
46515,Unmarried
46515,Wife
17633,Husband
17633,Not-in-family
17633,Other-relative
17633,Own-child
17633,Unmarried
17633,Wife
15052,Not-in-family
15052,Unmarried
27285,Husband
27285,Not-in-family
27285,Other-relative
27285,Own-child
27285,Unmarried
27285,Wife
12456,Husband
12456,Other-relative
12456,Own-child
12456,Wife
27297,Husband
27297,Other-relative
27297,Own-child
27297,Wife
48004,Husband
48004,Other-relative
48004,Own-child
48004,Wife
30174,Husband
30174,Not-in-family
30174,Other-relative
30174,Own-child
30174,Unmarried
30174,Wife
35921,Husband
35921,Other-relative
35921,Own-child
35921,Wife
33411,Not-in-family
33411,Unmarried
41979,Husband
41979,Other-relative
41979,Own-child
41979,Wife
35069,Husband
35069,Not-in-family
35069,Other-relative
35069,Own-child
35069,Unmarried
35069,Wife
17590,Husband
17590,Not-in-family
17590,Other-relative
17590,Own-child
17590,Unmarried
17590,Wife
25827,Not-in-family
25827,Unmarried
12754,Not-in-family
12754,Unmarried
23827,Husband
23827,Not-in-family
23827,Other-relative
23827,Own-child
23827,Unmarried
23827,Wife
48201,Husband
48201,Not-in-family
48201,Other-relative
48201,Own-child
48201,Unmarried
48201,Wife
31339,Husband
31339,Not-in-family
31339,Other-relative
31339,Own-child
31339,Unmarried
31339,Wife
37073,Husband
37073,Not-in-family
37073,Other-relative
37073,Own-child
37073,Unmarried
37073,Wife
21788,Husband
21788,Other-relative
21788,Own-child
21788,Wife
16152,Not-in-family
16152,Unmarried
25917,Husband
25917,Other-relative
25917,Own-child
25917,Wife
9945,Husband
9945,Not-in-family
9945,Other-relative
9945,Own-child
9945,Unmarried
9945,Wife
4184,Husband
4184,Not-in-family
4184,Other-relative
4184,Own-child
4184,Unmarried
4184,Wife
9327,Husband
9327,Not-in-family
9327,Other-relative
9327,Own-child
9327,Unmarried
9327,Wife
43354,Not-in-family
43354,Unmarried
39441,Husband
39441,Not-in-family
39441,Other-relative
39441,Own-child
39441,Unmarried
39441,Wife
9834,Husband
9834,Not-in-family
9834,Other-relative
9834,Own-child
9834,Unmarried
9834,Wife
28495,Husband
28495,Not-in-family
28495,Other-relative
28495,Own-child
28495,Unmarried
28495,Wife
5215,Husband
5215,Other-relative
5215,Own-child
5215,Wife
47595,Husband
47595,Not-in-family
47595,Other-relative
47595,Own-child
47595,Unmarried
47595,Wife
40045,Husband
40045,Not-in-family
40045,Other-relative
40045,Own-child
40045,Unmarried
40045,Wife
7810,Husband
7810,Not-in-family
7810,Other-relative
7810,Own-child
7810,Unmarried
7810,Wife
15700,Husband
15700,Other-relative
15700,Own-child
15700,Wife
1094,Husband
1094,Other-relative
1094,Own-child
1094,Wife
43587,Husband
43587,Not-in-family
43587,Other-relative
43587,Own-child
43587,Unmarried
43587,Wife
3810,Not-in-family
3810,Unmarried
5581,Husband
5581,Not-in-family
5581,Other-relative
5581,Own-child
5581,Unmarried
5581,Wife
43944,Not-in-family
43944,Unmarried
23677,Husband
23677,Not-in-family
23677,Other-relative
23677,Own-child
23677,Unmarried
23677,Wife
3804,Husband
3804,Other-relative
3804,Own-child
3804,Wife
33940,Husband
33940,Other-relative
33940,Own-child
33940,Wife
30808,Husband
30808,Not-in-family
30808,Other-relative
30808,Own-child
30808,Unmarried
30808,Wife
23432,Husband
23432,Not-in-family
23432,Other-relative
23432,Own-child
23432,Unmarried
23432,Wife
30049,Not-in-family
30049,Unmarried
2298,Husband
2298,Not-in-family
2298,Other-relative
2298,Own-child
2298,Unmarried
2298,Wife
2860,Husband
2860,Other-relative
2860,Own-child
2860,Wife
40714,Husband
40714,Other-relative
40714,Own-child
40714,Wife
14507,Not-in-family
14507,Unmarried
42774,Husband
42774,Other-relative
42774,Own-child
42774,Wife
6797,Husband
6797,Other-relative
6797,Own-child
6797,Wife
9067,Husband
9067,Other-relative
9067,Own-child
9067,Wife
13686,Husband
13686,Other-relative
13686,Own-child
13686,Wife
3097,Not-in-family
3097,Unmarried
32558,Husband
32558,Not-in-family
32558,Other-relative
32558,Own-child
32558,Unmarried
32558,Wife
7954,Husband
7954,Not-in-family
7954,Other-relative
7954,Own-child
7954,Unmarried
7954,Wife
45489,Husband
45489,Other-relative
45489,Own-child
45489,Wife
46643,Husband
46643,Not-in-family
46643,Other-relative
46643,Own-child
46643,Unmarried
46643,Wife
33582,Husband
33582,Not-in-family
33582,Other-relative
33582,Own-child
33582,Unmarried
33582,Wife
3235,Husband
3235,Not-in-family
3235,Other-relative
3235,Own-child
3235,Unmarried
3235,Wife
38629,Husband
38629,Not-in-family
38629,Other-relative
38629,Own-child
38629,Unmarried
38629,Wife
40302,Husband
40302,Not-in-family
40302,Other-relative
40302,Own-child
40302,Unmarried
40302,Wife
385,Not-in-family
385,Unmarried
48632,Husband
48632,Not-in-family
48632,Other-relative
48632,Own-child
48632,Unmarried
48632,Wife
11104,Not-in-family
11104,Unmarried
14407,Not-in-family
14407,Unmarried
26445,Husband
26445,Not-in-family
26445,Other-relative
26445,Own-child
26445,Unmarried
26445,Wife
18191,Husband
18191,Not-in-family
18191,Other-relative
18191,Own-child
18191,Unmarried
18191,Wife
37237,Husband
37237,Not-in-family
37237,Other-relative
37237,Own-child
37237,Unmarried
37237,Wife
27284,Husband
27284,Not-in-family
27284,Other-relative
27284,Own-child
27284,Unmarried
27284,Wife
14434,Husband
14434,Other-relative
14434,Own-child
14434,Wife
22708,Husband
22708,Not-in-family
22708,Other-relative
22708,Own-child
22708,Unmarried
22708,Wife
20721,Husband
20721,Not-in-family
20721,Other-relative
20721,Own-child
20721,Unmarried
20721,Wife
42923,Husband
42923,Other-relative
42923,Own-child
42923,Wife
28631,Husband
28631,Not-in-family
28631,Other-relative
28631,Own-child
28631,Unmarried
28631,Wife
32208,Husband
32208,Not-in-family
32208,Other-relative
32208,Own-child
32208,Unmarried
32208,Wife
39261,Husband
39261,Not-in-family
39261,Other-relative
39261,Own-child
39261,Unmarried
39261,Wife
48672,Husband
48672,Not-in-family
48672,Other-relative
48672,Own-child
48672,Unmarried
48672,Wife
22656,Husband
22656,Not-in-family
22656,Other-relative
22656,Own-child
22656,Unmarried
22656,Wife
16091,Husband
16091,Not-in-family
16091,Other-relative
16091,Own-child
16091,Unmarried
16091,Wife
23750,Husband
23750,Other-relative
23750,Own-child
23750,Wife
18127,Husband
18127,Not-in-family
18127,Other-relative
18127,Own-child
18127,Unmarried
18127,Wife
41513,Not-in-family
41513,Unmarried
13692,Husband
13692,Not-in-family
13692,Other-relative
13692,Own-child
13692,Unmarried
13692,Wife
3223,Husband
3223,Not-in-family
3223,Other-relative
3223,Own-child
3223,Unmarried
3223,Wife
24280,Husband
24280,Not-in-family
24280,Other-relative
24280,Own-child
24280,Unmarried
24280,Wife
27345,Husband
27345,Other-relative
27345,Own-child
27345,Wife
44947,Husband
44947,Not-in-family
44947,Other-relative
44947,Own-child
44947,Unmarried
44947,Wife
12903,Husband
12903,Not-in-family
12903,Other-relative
12903,Own-child
12903,Unmarried
12903,Wife
13239,Husband
13239,Not-in-family
13239,Other-relative
13239,Own-child
13239,Unmarried
13239,Wife
41579,Husband
41579,Not-in-family
41579,Other-relative
41579,Own-child
41579,Unmarried
41579,Wife
33004,Husband
33004,Other-relative
33004,Own-child
33004,Wife
36893,Husband
36893,Other-relative
36893,Own-child
36893,Wife
36940,Husband
36940,Not-in-family
36940,Other-relative
36940,Own-child
36940,Unmarried
36940,Wife
36297,Husband
36297,Not-in-family
36297,Other-relative
36297,Own-child
36297,Unmarried
36297,Wife
26567,Husband
26567,Other-relative
26567,Own-child
26567,Wife
4273,Husband
4273,Not-in-family
4273,Other-relative
4273,Own-child
4273,Unmarried
4273,Wife
8075,Husband
8075,Not-in-family
8075,Other-relative
8075,Own-child
8075,Unmarried
8075,Wife
31950,Husband
31950,Not-in-family
31950,Other-relative
31950,Own-child
31950,Unmarried
31950,Wife
38755,Not-in-family
38755,Unmarried
41053,Not-in-family
41053,Unmarried
34126,Husband
34126,Other-relative
34126,Own-child
34126,Wife
40438,Husband
40438,Other-relative
40438,Own-child
40438,Wife
25927,Not-in-family
25927,Unmarried
2888,Not-in-family
2888,Unmarried
33238,Not-in-family
33238,Unmarried
40211,Husband
40211,Not-in-family
40211,Other-relative
40211,Own-child
40211,Unmarried
40211,Wife
31756,Husband
31756,Not-in-family
31756,Other-relative
31756,Own-child
31756,Unmarried
31756,Wife
21673,Husband
21673,Other-relative
21673,Own-child
21673,Wife
7639,Husband
7639,Other-relative
7639,Own-child
7639,Wife
43739,Husband
43739,Other-relative
43739,Own-child
43739,Wife
28157,Husband
28157,Other-relative
28157,Own-child
28157,Wife
14012,Husband
14012,Not-in-family
14012,Other-relative
14012,Own-child
14012,Unmarried
14012,Wife
10972,Husband
10972,Not-in-family
10972,Other-relative
10972,Own-child
10972,Unmarried
10972,Wife
212,Husband
212,Not-in-family
212,Other-relative
212,Own-child
212,Unmarried
212,Wife
833,Husband
833,Not-in-family
833,Other-relative
833,Own-child
833,Unmarried
833,Wife
4331,Husband
4331,Other-relative
4331,Own-child
4331,Wife
3517,Husband
3517,Other-relative
3517,Own-child
3517,Wife
17355,Husband
17355,Not-in-family
17355,Other-relative
17355,Own-child
17355,Unmarried
17355,Wife
46128,Husband
46128,Not-in-family
46128,Other-relative
46128,Own-child
46128,Unmarried
46128,Wife
38832,Husband
38832,Other-relative
38832,Own-child
38832,Wife
20749,Husband
20749,Not-in-family
20749,Other-relative
20749,Own-child
20749,Unmarried
20749,Wife
26114,Not-in-family
26114,Unmarried
31905,Husband
31905,Other-relative
31905,Own-child
31905,Wife
43343,Husband
43343,Not-in-family
43343,Other-relative
43343,Own-child
43343,Unmarried
43343,Wife
25050,Husband
25050,Not-in-family
25050,Other-relative
25050,Own-child
25050,Unmarried
25050,Wife
13154,Husband
13154,Not-in-family
13154,Other-relative
13154,Own-child
13154,Unmarried
13154,Wife
8393,Husband
8393,Other-relative
8393,Own-child
8393,Wife
39225,Not-in-family
39225,Unmarried
27162,Husband
27162,Other-relative
27162,Own-child
27162,Wife
9898,Husband
9898,Not-in-family
9898,Other-relative
9898,Own-child
9898,Unmarried
9898,Wife
927,Husband
927,Other-relative
927,Own-child
927,Wife
16331,Husband
16331,Not-in-family
16331,Other-relative
16331,Own-child
16331,Unmarried
16331,Wife
4374,Husband
4374,Other-relative
4374,Own-child
4374,Wife
46767,Husband
46767,Not-in-family
46767,Other-relative
46767,Own-child
46767,Unmarried
46767,Wife
48684,Husband
48684,Not-in-family
48684,Other-relative
48684,Own-child
48684,Unmarried
48684,Wife
27187,Husband
27187,Other-relative
27187,Own-child
27187,Wife
19104,Husband
19104,Other-relative
19104,Own-child
19104,Wife
15377,Husband
15377,Other-relative
15377,Own-child
15377,Wife
11674,Husband
11674,Other-relative
11674,Own-child
11674,Wife
27492,Husband
27492,Other-relative
27492,Own-child
27492,Wife
39072,Husband
39072,Not-in-family
39072,Other-relative
39072,Own-child
39072,Unmarried
39072,Wife
27464,Husband
27464,Not-in-family
27464,Other-relative
27464,Own-child
27464,Unmarried
27464,Wife
5669,Husband
5669,Other-relative
5669,Own-child
5669,Wife
14729,Not-in-family
14729,Unmarried
26276,Husband
26276,Other-relative
26276,Own-child
26276,Wife
13250,Husband
13250,Not-in-family
13250,Other-relative
13250,Own-child
13250,Unmarried
13250,Wife
18033,Husband
18033,Not-in-family
18033,Other-relative
18033,Own-child
18033,Unmarried
18033,Wife
12173,Husband
12173,Other-relative
12173,Own-child
12173,Wife
31799,Husband
31799,Not-in-family
31799,Other-relative
31799,Own-child
31799,Unmarried
31799,Wife
10053,Husband
10053,Other-relative
10053,Own-child
10053,Wife
1622,Husband
1622,Other-relative
1622,Own-child
1622,Wife
44380,Husband
44380,Not-in-family
44380,Other-relative
44380,Own-child
44380,Unmarried
44380,Wife
44113,Husband
44113,Other-relative
44113,Own-child
44113,Wife
41828,Husband
41828,Not-in-family
41828,Other-relative
41828,Own-child
41828,Unmarried
41828,Wife
34699,Husband
34699,Not-in-family
34699,Other-relative
34699,Own-child
34699,Unmarried
34699,Wife
31060,Husband
31060,Not-in-family
31060,Other-relative
31060,Own-child
31060,Unmarried
31060,Wife
38737,Husband
38737,Not-in-family
38737,Other-relative
38737,Own-child
38737,Unmarried
38737,Wife
13379,Husband
13379,Not-in-family
13379,Other-relative
13379,Own-child
13379,Unmarried
13379,Wife
12616,Husband
12616,Not-in-family
12616,Other-relative
12616,Own-child
12616,Unmarried
12616,Wife
29801,Husband
29801,Not-in-family
29801,Other-relative
29801,Own-child
29801,Unmarried
29801,Wife
33054,Husband
33054,Other-relative
33054,Own-child
33054,Wife
47524,Not-in-family
47524,Unmarried
25031,Husband
25031,Not-in-family
25031,Other-relative
25031,Own-child
25031,Unmarried
25031,Wife
18229,Husband
18229,Not-in-family
18229,Other-relative
18229,Own-child
18229,Unmarried
18229,Wife
48687,Not-in-family
48687,Unmarried
31364,Husband
31364,Other-relative
31364,Own-child
31364,Wife
25273,Husband
25273,Other-relative
25273,Own-child
25273,Wife
20959,Husband
20959,Not-in-family
20959,Other-relative
20959,Own-child
20959,Unmarried
20959,Wife
20584,Husband
20584,Not-in-family
20584,Other-relative
20584,Own-child
20584,Unmarried
20584,Wife
44111,Husband
44111,Not-in-family
44111,Other-relative
44111,Own-child
44111,Unmarried
44111,Wife
25788,Husband
25788,Other-relative
25788,Own-child
25788,Wife
26214,Husband
26214,Not-in-family
26214,Other-relative
26214,Own-child
26214,Unmarried
26214,Wife
43993,Not-in-family
43993,Unmarried
33207,Husband
33207,Not-in-family
33207,Other-relative
33207,Own-child
33207,Unmarried
33207,Wife
34406,Not-in-family
34406,Unmarried
1025,Husband
1025,Other-relative
1025,Own-child
1025,Wife
11534,Not-in-family
11534,Unmarried
22843,Husband
22843,Not-in-family
22843,Other-relative
22843,Own-child
22843,Unmarried
22843,Wife
40556,Not-in-family
40556,Unmarried
22416,Husband
22416,Other-relative
22416,Own-child
22416,Wife
25638,Husband
25638,Not-in-family
25638,Other-relative
25638,Own-child
25638,Unmarried
25638,Wife
22069,Husband
22069,Not-in-family
22069,Other-relative
22069,Own-child
22069,Unmarried
22069,Wife
23548,Husband
23548,Not-in-family
23548,Other-relative
23548,Own-child
23548,Unmarried
23548,Wife
44621,Not-in-family
44621,Unmarried
15085,Husband
15085,Not-in-family
15085,Other-relative
15085,Own-child
15085,Unmarried
15085,Wife
18687,Husband
18687,Other-relative
18687,Own-child
18687,Wife
43891,Not-in-family
43891,Unmarried
29841,Husband
29841,Not-in-family
29841,Other-relative
29841,Own-child
29841,Unmarried
29841,Wife
30493,Husband
30493,Not-in-family
30493,Other-relative
30493,Own-child
30493,Unmarried
30493,Wife
21474,Husband
21474,Not-in-family
21474,Other-relative
21474,Own-child
21474,Unmarried
21474,Wife
22733,Husband
22733,Not-in-family
22733,Other-relative
22733,Own-child
22733,Unmarried
22733,Wife
21654,Husband
21654,Not-in-family
21654,Other-relative
21654,Own-child
21654,Unmarried
21654,Wife
31087,Husband
31087,Not-in-family
31087,Other-relative
31087,Own-child
31087,Unmarried
31087,Wife
41041,Husband
41041,Not-in-family
41041,Other-relative
41041,Own-child
41041,Unmarried
41041,Wife
21882,Husband
21882,Not-in-family
21882,Other-relative
21882,Own-child
21882,Unmarried
21882,Wife
560,Not-in-family
560,Unmarried
2552,Husband
2552,Not-in-family
2552,Other-relative
2552,Own-child
2552,Unmarried
2552,Wife
16783,Husband
16783,Not-in-family
16783,Other-relative
16783,Own-child
16783,Unmarried
16783,Wife
27130,Not-in-family
27130,Unmarried
5967,Husband
5967,Other-relative
5967,Own-child
5967,Wife
46152,Husband
46152,Not-in-family
46152,Other-relative
46152,Own-child
46152,Unmarried
46152,Wife
26536,Not-in-family
26536,Unmarried
8858,Husband
8858,Other-relative
8858,Own-child
8858,Wife
38618,Husband
38618,Not-in-family
38618,Other-relative
38618,Own-child
38618,Unmarried
38618,Wife
11063,Husband
11063,Other-relative
11063,Own-child
11063,Wife
31975,Husband
31975,Other-relative
31975,Own-child
31975,Wife
4689,Husband
4689,Not-in-family
4689,Other-relative
4689,Own-child
4689,Unmarried
4689,Wife
28980,Husband
28980,Other-relative
28980,Own-child
28980,Wife
39951,Husband
39951,Other-relative
39951,Own-child
39951,Wife
4730,Husband
4730,Not-in-family
4730,Other-relative
4730,Own-child
4730,Unmarried
4730,Wife
7422,Husband
7422,Not-in-family
7422,Other-relative
7422,Own-child
7422,Unmarried
7422,Wife
4828,Not-in-family
4828,Unmarried
24428,Husband
24428,Not-in-family
24428,Other-relative
24428,Own-child
24428,Unmarried
24428,Wife
45394,Husband
45394,Not-in-family
45394,Other-relative
45394,Own-child
45394,Unmarried
45394,Wife
42323,Husband
42323,Not-in-family
42323,Other-relative
42323,Own-child
42323,Unmarried
42323,Wife
42682,Husband
42682,Not-in-family
42682,Other-relative
42682,Own-child
42682,Unmarried
42682,Wife
33078,Not-in-family
33078,Unmarried
38267,Husband
38267,Not-in-family
38267,Other-relative
38267,Own-child
38267,Unmarried
38267,Wife
31929,Husband
31929,Other-relative
31929,Own-child
31929,Wife
40053,Husband
40053,Other-relative
40053,Own-child
40053,Wife
27658,Husband
27658,Not-in-family
27658,Other-relative
27658,Own-child
27658,Unmarried
27658,Wife
5098,Husband
5098,Not-in-family
5098,Other-relative
5098,Own-child
5098,Unmarried
5098,Wife
17552,Husband
17552,Not-in-family
17552,Other-relative
17552,Own-child
17552,Unmarried
17552,Wife
38060,Husband
38060,Not-in-family
38060,Other-relative
38060,Own-child
38060,Unmarried
38060,Wife
14196,Husband
14196,Other-relative
14196,Own-child
14196,Wife
46752,Husband
46752,Not-in-family
46752,Other-relative
46752,Own-child
46752,Unmarried
46752,Wife
30735,Husband
30735,Not-in-family
30735,Other-relative
30735,Own-child
30735,Unmarried
30735,Wife
18959,Husband
18959,Other-relative
18959,Own-child
18959,Wife
16852,Husband
16852,Not-in-family
16852,Other-relative
16852,Own-child
16852,Unmarried
16852,Wife
1022,Not-in-family
1022,Unmarried
34903,Husband
34903,Not-in-family
34903,Other-relative
34903,Own-child
34903,Unmarried
34903,Wife
43793,Husband
43793,Other-relative
43793,Own-child
43793,Wife
4719,Husband
4719,Not-in-family
4719,Other-relative
4719,Own-child
4719,Unmarried
4719,Wife
22125,Not-in-family
22125,Unmarried
44372,Husband
44372,Not-in-family
44372,Other-relative
44372,Own-child
44372,Unmarried
44372,Wife
7276,Not-in-family
7276,Unmarried
33422,Husband
33422,Other-relative
33422,Own-child
33422,Wife
30027,Husband
30027,Not-in-family
30027,Other-relative
30027,Own-child
30027,Unmarried
30027,Wife
10734,Husband
10734,Not-in-family
10734,Other-relative
10734,Own-child
10734,Unmarried
10734,Wife
12109,Husband
12109,Not-in-family
12109,Other-relative
12109,Own-child
12109,Unmarried
12109,Wife
4929,Husband
4929,Not-in-family
4929,Other-relative
4929,Own-child
4929,Unmarried
4929,Wife
44965,Husband
44965,Not-in-family
44965,Other-relative
44965,Own-child
44965,Unmarried
44965,Wife
40884,Not-in-family
40884,Unmarried
30609,Husband
30609,Not-in-family
30609,Other-relative
30609,Own-child
30609,Unmarried
30609,Wife
36515,Husband
36515,Other-relative
36515,Own-child
36515,Wife
27542,Husband
27542,Not-in-family
27542,Other-relative
27542,Own-child
27542,Unmarried
27542,Wife
24925,Husband
24925,Other-relative
24925,Own-child
24925,Wife
42287,Husband
42287,Other-relative
42287,Own-child
42287,Wife
39285,Husband
39285,Not-in-family
39285,Other-relative
39285,Own-child
39285,Unmarried
39285,Wife
3784,Husband
3784,Not-in-family
3784,Other-relative
3784,Own-child
3784,Unmarried
3784,Wife
48495,Not-in-family
48495,Unmarried
310,Husband
310,Not-in-family
310,Other-relative
310,Own-child
310,Unmarried
310,Wife
9385,Husband
9385,Not-in-family
9385,Other-relative
9385,Own-child
9385,Unmarried
9385,Wife
36773,Not-in-family
36773,Unmarried
24103,Husband
24103,Other-relative
24103,Own-child
24103,Wife
34665,Not-in-family
34665,Unmarried
32871,Husband
32871,Not-in-family
32871,Other-relative
32871,Own-child
32871,Unmarried
32871,Wife
14545,Husband
14545,Not-in-family
14545,Other-relative
14545,Own-child
14545,Unmarried
14545,Wife
44564,Husband
44564,Other-relative
44564,Own-child
44564,Wife
25023,Husband
25023,Other-relative
25023,Own-child
25023,Wife
41872,Not-in-family
41872,Unmarried
45233,Not-in-family
45233,Unmarried
41202,Husband
41202,Not-in-family
41202,Other-relative
41202,Own-child
41202,Unmarried
41202,Wife
34116,Husband
34116,Other-relative
34116,Own-child
34116,Wife
27228,Husband
27228,Other-relative
27228,Own-child
27228,Wife
46811,Husband
46811,Other-relative
46811,Own-child
46811,Wife
36276,Husband
36276,Not-in-family
36276,Other-relative
36276,Own-child
36276,Unmarried
36276,Wife
29483,Not-in-family
29483,Unmarried
33353,Not-in-family
33353,Unmarried
5414,Husband
5414,Other-relative
5414,Own-child
5414,Wife
20820,Husband
20820,Not-in-family
20820,Other-relative
20820,Own-child
20820,Unmarried
20820,Wife
40578,Husband
40578,Not-in-family
40578,Other-relative
40578,Own-child
40578,Unmarried
40578,Wife
31065,Husband
31065,Other-relative
31065,Own-child
31065,Wife
38638,Husband
38638,Not-in-family
38638,Other-relative
38638,Own-child
38638,Unmarried
38638,Wife
15983,Husband
15983,Other-relative
15983,Own-child
15983,Wife
26846,Husband
26846,Not-in-family
26846,Other-relative
26846,Own-child
26846,Unmarried
26846,Wife
40101,Not-in-family
40101,Unmarried
45733,Husband
45733,Other-relative
45733,Own-child
45733,Wife
10050,Husband
10050,Not-in-family
10050,Other-relative
10050,Own-child
10050,Unmarried
10050,Wife
11188,Husband
11188,Other-relative
11188,Own-child
11188,Wife
39874,Husband
39874,Other-relative
39874,Own-child
39874,Wife
16388,Husband
16388,Not-in-family
16388,Other-relative
16388,Own-child
16388,Unmarried
16388,Wife
32544,Not-in-family
32544,Unmarried
12317,Husband
12317,Other-relative
12317,Own-child
12317,Wife
33500,Husband
33500,Other-relative
33500,Own-child
33500,Wife
3878,Husband
3878,Not-in-family
3878,Other-relative
3878,Own-child
3878,Unmarried
3878,Wife
34746,Husband
34746,Not-in-family
34746,Other-relative
34746,Own-child
34746,Unmarried
34746,Wife
22220,Husband
22220,Not-in-family
22220,Other-relative
22220,Own-child
22220,Unmarried
22220,Wife
36214,Husband
36214,Not-in-family
36214,Other-relative
36214,Own-child
36214,Unmarried
36214,Wife
39693,Husband
39693,Other-relative
39693,Own-child
39693,Wife
28072,Husband
28072,Not-in-family
28072,Other-relative
28072,Own-child
28072,Unmarried
28072,Wife
15016,Not-in-family
15016,Unmarried
421,Husband
421,Not-in-family
421,Other-relative
421,Own-child
421,Unmarried
421,Wife
4220,Not-in-family
4220,Unmarried
29199,Husband
29199,Other-relative
29199,Own-child
29199,Wife
31194,Husband
31194,Other-relative
31194,Own-child
31194,Wife
21311,Husband
21311,Other-relative
21311,Own-child
21311,Wife
44724,Husband
44724,Not-in-family
44724,Other-relative
44724,Own-child
44724,Unmarried
44724,Wife
3304,Husband
3304,Not-in-family
3304,Other-relative
3304,Own-child
3304,Unmarried
3304,Wife
17591,Husband
17591,Other-relative
17591,Own-child
17591,Wife
4221,Husband
4221,Not-in-family
4221,Other-relative
4221,Own-child
4221,Unmarried
4221,Wife
8386,Not-in-family
8386,Unmarried
46358,Husband
46358,Not-in-family
46358,Other-relative
46358,Own-child
46358,Unmarried
46358,Wife
27171,Husband
27171,Other-relative
27171,Own-child
27171,Wife
27884,Husband
27884,Not-in-family
27884,Other-relative
27884,Own-child
27884,Unmarried
27884,Wife
34867,Husband
34867,Other-relative
34867,Own-child
34867,Wife
22986,Husband
22986,Other-relative
22986,Own-child
22986,Wife
20647,Husband
20647,Not-in-family
20647,Other-relative
20647,Own-child
20647,Unmarried
20647,Wife
9191,Husband
9191,Not-in-family
9191,Other-relative
9191,Own-child
9191,Unmarried
9191,Wife
2718,Not-in-family
2718,Unmarried
46716,Husband
46716,Not-in-family
46716,Other-relative
46716,Own-child
46716,Unmarried
46716,Wife
34104,Not-in-family
34104,Unmarried
37110,Husband
37110,Other-relative
37110,Own-child
37110,Wife
33075,Husband
33075,Not-in-family
33075,Other-relative
33075,Own-child
33075,Unmarried
33075,Wife
35342,Husband
35342,Not-in-family
35342,Other-relative
35342,Own-child
35342,Unmarried
35342,Wife
8094,Husband
8094,Other-relative
8094,Own-child
8094,Wife
17124,Husband
17124,Not-in-family
17124,Other-relative
17124,Own-child
17124,Unmarried
17124,Wife
8875,Not-in-family
8875,Unmarried
8185,Husband
8185,Not-in-family
8185,Other-relative
8185,Own-child
8185,Unmarried
8185,Wife
28838,Husband
28838,Other-relative
28838,Own-child
28838,Wife
38724,Husband
38724,Not-in-family
38724,Other-relative
38724,Own-child
38724,Unmarried
38724,Wife
18304,Husband
18304,Not-in-family
18304,Other-relative
18304,Own-child
18304,Unmarried
18304,Wife
3332,Not-in-family
3332,Unmarried
46039,Husband
46039,Not-in-family
46039,Other-relative
46039,Own-child
46039,Unmarried
46039,Wife
24780,Husband
24780,Not-in-family
24780,Other-relative
24780,Own-child
24780,Unmarried
24780,Wife
37233,Husband
37233,Not-in-family
37233,Other-relative
37233,Own-child
37233,Unmarried
37233,Wife
13988,Husband
13988,Not-in-family
13988,Other-relative
13988,Own-child
13988,Unmarried
13988,Wife
7840,Husband
7840,Not-in-family
7840,Other-relative
7840,Own-child
7840,Unmarried
7840,Wife
22793,Husband
22793,Not-in-family
22793,Other-relative
22793,Own-child
22793,Unmarried
22793,Wife
5089,Husband
5089,Not-in-family
5089,Other-relative
5089,Own-child
5089,Unmarried
5089,Wife
15963,Husband
15963,Other-relative
15963,Own-child
15963,Wife
32110,Not-in-family
32110,Unmarried
17356,Husband
17356,Not-in-family
17356,Other-relative
17356,Own-child
17356,Unmarried
17356,Wife
3384,Husband
3384,Other-relative
3384,Own-child
3384,Wife
7057,Husband
7057,Other-relative
7057,Own-child
7057,Wife
37118,Husband
37118,Other-relative
37118,Own-child
37118,Wife
3017,Husband
3017,Not-in-family
3017,Other-relative
3017,Own-child
3017,Unmarried
3017,Wife
40885,Husband
40885,Other-relative
40885,Own-child
40885,Wife
10,Husband
10,Other-relative
10,Own-child
10,Wife
6812,Husband
6812,Other-relative
6812,Own-child
6812,Wife
45493,Husband
45493,Not-in-family
45493,Other-relative
45493,Own-child
45493,Unmarried
45493,Wife
28607,Husband
28607,Not-in-family
28607,Other-relative
28607,Own-child
28607,Unmarried
28607,Wife
26874,Not-in-family
26874,Unmarried
15787,Husband
15787,Other-relative
15787,Own-child
15787,Wife
9365,Not-in-family
9365,Unmarried
21133,Husband
21133,Other-relative
21133,Own-child
21133,Wife
43979,Not-in-family
43979,Unmarried
45072,Not-in-family
45072,Unmarried
46265,Husband
46265,Other-relative
46265,Own-child
46265,Wife
24610,Husband
24610,Other-relative
24610,Own-child
24610,Wife
26036,Husband
26036,Other-relative
26036,Own-child
26036,Wife
8143,Husband
8143,Other-relative
8143,Own-child
8143,Wife
9996,Husband
9996,Other-relative
9996,Own-child
9996,Wife
40962,Husband
40962,Not-in-family
40962,Other-relative
40962,Own-child
40962,Unmarried
40962,Wife
39331,Not-in-family
39331,Unmarried
30869,Husband
30869,Other-relative
30869,Own-child
30869,Wife
33433,Husband
33433,Not-in-family
33433,Other-relative
33433,Own-child
33433,Unmarried
33433,Wife
42064,Husband
42064,Not-in-family
42064,Other-relative
42064,Own-child
42064,Unmarried
42064,Wife
20439,Husband
20439,Other-relative
20439,Own-child
20439,Wife
28792,Husband
28792,Not-in-family
28792,Other-relative
28792,Own-child
28792,Unmarried
28792,Wife
37808,Husband
37808,Not-in-family
37808,Other-relative
37808,Own-child
37808,Unmarried
37808,Wife
28497,Husband
28497,Not-in-family
28497,Other-relative
28497,Own-child
28497,Unmarried
28497,Wife
908,Husband
908,Not-in-family
908,Other-relative
908,Own-child
908,Unmarried
908,Wife
35987,Husband
35987,Not-in-family
35987,Other-relative
35987,Own-child
35987,Unmarried
35987,Wife
16285,Husband
16285,Other-relative
16285,Own-child
16285,Wife
43417,Not-in-family
43417,Unmarried
5291,Not-in-family
5291,Unmarried
6547,Not-in-family
6547,Unmarried
25926,Husband
25926,Not-in-family
25926,Other-relative
25926,Own-child
25926,Unmarried
25926,Wife
12318,Husband
12318,Not-in-family
12318,Other-relative
12318,Own-child
12318,Unmarried
12318,Wife
28418,Husband
28418,Not-in-family
28418,Other-relative
28418,Own-child
28418,Unmarried
28418,Wife
24719,Husband
24719,Not-in-family
24719,Other-relative
24719,Own-child
24719,Unmarried
24719,Wife
38041,Not-in-family
38041,Unmarried
26181,Husband
26181,Not-in-family
26181,Other-relative
26181,Own-child
26181,Unmarried
26181,Wife
38752,Not-in-family
38752,Unmarried
37412,Not-in-family
37412,Unmarried
26860,Husband
26860,Other-relative
26860,Own-child
26860,Wife
36215,Not-in-family
36215,Unmarried
18941,Husband
18941,Other-relative
18941,Own-child
18941,Wife
22632,Husband
22632,Other-relative
22632,Own-child
22632,Wife
38352,Husband
38352,Other-relative
38352,Own-child
38352,Wife
13032,Husband
13032,Other-relative
13032,Own-child
13032,Wife
20375,Husband
20375,Not-in-family
20375,Other-relative
20375,Own-child
20375,Unmarried
20375,Wife
45321,Husband
45321,Other-relative
45321,Own-child
45321,Wife
1561,Husband
1561,Other-relative
1561,Own-child
1561,Wife
4525,Husband
4525,Not-in-family
4525,Other-relative
4525,Own-child
4525,Unmarried
4525,Wife
1754,Husband
1754,Other-relative
1754,Own-child
1754,Wife
46888,Not-in-family
46888,Unmarried
40369,Husband
40369,Not-in-family
40369,Other-relative
40369,Own-child
40369,Unmarried
40369,Wife
26009,Husband
26009,Other-relative
26009,Own-child
26009,Wife
9299,Husband
9299,Not-in-family
9299,Other-relative
9299,Own-child
9299,Unmarried
9299,Wife
39516,Husband
39516,Other-relative
39516,Own-child
39516,Wife
25389,Husband
25389,Not-in-family
25389,Other-relative
25389,Own-child
25389,Unmarried
25389,Wife
20585,Not-in-family
20585,Unmarried
22696,Husband
22696,Other-relative
22696,Own-child
22696,Wife
33556,Husband
33556,Not-in-family
33556,Other-relative
33556,Own-child
33556,Unmarried
33556,Wife
5454,Husband
5454,Not-in-family
5454,Other-relative
5454,Own-child
5454,Unmarried
5454,Wife
8897,Husband
8897,Not-in-family
8897,Other-relative
8897,Own-child
8897,Unmarried
8897,Wife
25840,Husband
25840,Not-in-family
25840,Other-relative
25840,Own-child
25840,Unmarried
25840,Wife
18985,Husband
18985,Not-in-family
18985,Other-relative
18985,Own-child
18985,Unmarried
18985,Wife
713,Husband
713,Other-relative
713,Own-child
713,Wife
16178,Husband
16178,Not-in-family
16178,Other-relative
16178,Own-child
16178,Unmarried
16178,Wife
9713,Husband
9713,Not-in-family
9713,Other-relative
9713,Own-child
9713,Unmarried
9713,Wife
30695,Husband
30695,Other-relative
30695,Own-child
30695,Wife
18995,Not-in-family
18995,Unmarried
6803,Husband
6803,Other-relative
6803,Own-child
6803,Wife
35520,Husband
35520,Not-in-family
35520,Other-relative
35520,Own-child
35520,Unmarried
35520,Wife
16367,Husband
16367,Not-in-family
16367,Other-relative
16367,Own-child
16367,Unmarried
16367,Wife
22491,Husband
22491,Other-relative
22491,Own-child
22491,Wife
363,Not-in-family
363,Unmarried
42646,Husband
42646,Not-in-family
42646,Other-relative
42646,Own-child
42646,Unmarried
42646,Wife
34670,Husband
34670,Other-relative
34670,Own-child
34670,Wife
4734,Husband
4734,Other-relative
4734,Own-child
4734,Wife
8547,Husband
8547,Not-in-family
8547,Other-relative
8547,Own-child
8547,Unmarried
8547,Wife
31403,Not-in-family
31403,Unmarried
38554,Husband
38554,Other-relative
38554,Own-child
38554,Wife
34049,Not-in-family
34049,Unmarried
7666,Not-in-family
7666,Unmarried
27941,Husband
27941,Other-relative
27941,Own-child
27941,Wife
23539,Husband
23539,Not-in-family
23539,Other-relative
23539,Own-child
23539,Unmarried
23539,Wife
22090,Husband
22090,Not-in-family
22090,Other-relative
22090,Own-child
22090,Unmarried
22090,Wife
3582,Husband
3582,Other-relative
3582,Own-child
3582,Wife
5472,Husband
5472,Not-in-family
5472,Other-relative
5472,Own-child
5472,Unmarried
5472,Wife
35295,Husband
35295,Not-in-family
35295,Other-relative
35295,Own-child
35295,Unmarried
35295,Wife
1402,Not-in-family
1402,Unmarried
10563,Husband
10563,Other-relative
10563,Own-child
10563,Wife
9695,Husband
9695,Other-relative
9695,Own-child
9695,Wife
27552,Not-in-family
27552,Unmarried
17760,Husband
17760,Not-in-family
17760,Other-relative
17760,Own-child
17760,Unmarried
17760,Wife
22408,Husband
22408,Not-in-family
22408,Other-relative
22408,Own-child
22408,Unmarried
22408,Wife
23542,Not-in-family
23542,Unmarried
26705,Husband
26705,Other-relative
26705,Own-child
26705,Wife
32947,Husband
32947,Not-in-family
32947,Other-relative
32947,Own-child
32947,Unmarried
32947,Wife
6786,Not-in-family
6786,Unmarried
43279,Husband
43279,Not-in-family
43279,Other-relative
43279,Own-child
43279,Unmarried
43279,Wife
8470,Not-in-family
8470,Unmarried
10314,Husband
10314,Not-in-family
10314,Other-relative
10314,Own-child
10314,Unmarried
10314,Wife
12371,Not-in-family
12371,Unmarried
11076,Not-in-family
11076,Unmarried
36649,Husband
36649,Other-relative
36649,Own-child
36649,Wife
39468,Husband
39468,Not-in-family
39468,Other-relative
39468,Own-child
39468,Unmarried
39468,Wife
8436,Husband
8436,Not-in-family
8436,Other-relative
8436,Own-child
8436,Unmarried
8436,Wife
42500,Husband
42500,Other-relative
42500,Own-child
42500,Wife
26665,Husband
26665,Not-in-family
26665,Other-relative
26665,Own-child
26665,Unmarried
26665,Wife
37286,Husband
37286,Other-relative
37286,Own-child
37286,Wife
29398,Not-in-family
29398,Unmarried
39684,Husband
39684,Other-relative
39684,Own-child
39684,Wife
13395,Not-in-family
13395,Unmarried
28870,Husband
28870,Other-relative
28870,Own-child
28870,Wife
48122,Husband
48122,Other-relative
48122,Own-child
48122,Wife
43986,Not-in-family
43986,Unmarried
36512,Husband
36512,Not-in-family
36512,Other-relative
36512,Own-child
36512,Unmarried
36512,Wife
6024,Husband
6024,Other-relative
6024,Own-child
6024,Wife
26129,Husband
26129,Not-in-family
26129,Other-relative
26129,Own-child
26129,Unmarried
26129,Wife
3855,Not-in-family
3855,Unmarried
36311,Not-in-family
36311,Unmarried
37802,Husband
37802,Not-in-family
37802,Other-relative
37802,Own-child
37802,Unmarried
37802,Wife
43462,Husband
43462,Not-in-family
43462,Other-relative
43462,Own-child
43462,Unmarried
43462,Wife
9631,Husband
9631,Not-in-family
9631,Other-relative
9631,Own-child
9631,Unmarried
9631,Wife
36589,Husband
36589,Not-in-family
36589,Other-relative
36589,Own-child
36589,Unmarried
36589,Wife
14233,Husband
14233,Other-relative
14233,Own-child
14233,Wife
13143,Husband
13143,Other-relative
13143,Own-child
13143,Wife
14564,Husband
14564,Not-in-family
14564,Other-relative
14564,Own-child
14564,Unmarried
14564,Wife
37441,Husband
37441,Other-relative
37441,Own-child
37441,Wife
21238,Husband
21238,Not-in-family
21238,Other-relative
21238,Own-child
21238,Unmarried
21238,Wife
48088,Husband
48088,Not-in-family
48088,Other-relative
48088,Own-child
48088,Unmarried
48088,Wife
33249,Husband
33249,Not-in-family
33249,Other-relative
33249,Own-child
33249,Unmarried
33249,Wife
31670,Husband
31670,Other-relative
31670,Own-child
31670,Wife
30777,Husband
30777,Not-in-family
30777,Other-relative
30777,Own-child
30777,Unmarried
30777,Wife
26045,Husband
26045,Other-relative
26045,Own-child
26045,Wife
20326,Husband
20326,Other-relative
20326,Own-child
20326,Wife
27745,Husband
27745,Not-in-family
27745,Other-relative
27745,Own-child
27745,Unmarried
27745,Wife
40366,Not-in-family
40366,Unmarried
5317,Husband
5317,Not-in-family
5317,Other-relative
5317,Own-child
5317,Unmarried
5317,Wife
25682,Husband
25682,Other-relative
25682,Own-child
25682,Wife
20639,Husband
20639,Other-relative
20639,Own-child
20639,Wife
35208,Husband
35208,Not-in-family
35208,Other-relative
35208,Own-child
35208,Unmarried
35208,Wife
23970,Husband
23970,Not-in-family
23970,Other-relative
23970,Own-child
23970,Unmarried
23970,Wife
42631,Not-in-family
42631,Unmarried
8432,Husband
8432,Not-in-family
8432,Other-relative
8432,Own-child
8432,Unmarried
8432,Wife
40983,Husband
40983,Not-in-family
40983,Other-relative
40983,Own-child
40983,Unmarried
40983,Wife
18131,Not-in-family
18131,Unmarried
18481,Husband
18481,Other-relative
18481,Own-child
18481,Wife
36117,Husband
36117,Other-relative
36117,Own-child
36117,Wife
22360,Not-in-family
22360,Unmarried
43136,Husband
43136,Not-in-family
43136,Other-relative
43136,Own-child
43136,Unmarried
43136,Wife
47671,Husband
47671,Other-relative
47671,Own-child
47671,Wife
23436,Husband
23436,Not-in-family
23436,Other-relative
23436,Own-child
23436,Unmarried
23436,Wife
41381,Husband
41381,Not-in-family
41381,Other-relative
41381,Own-child
41381,Unmarried
41381,Wife
9207,Husband
9207,Not-in-family
9207,Other-relative
9207,Own-child
9207,Unmarried
9207,Wife
19481,Husband
19481,Not-in-family
19481,Other-relative
19481,Own-child
19481,Unmarried
19481,Wife
41139,Husband
41139,Not-in-family
41139,Other-relative
41139,Own-child
41139,Unmarried
41139,Wife
30178,Husband
30178,Not-in-family
30178,Other-relative
30178,Own-child
30178,Unmarried
30178,Wife
32068,Husband
32068,Not-in-family
32068,Other-relative
32068,Own-child
32068,Unmarried
32068,Wife
8214,Husband
8214,Not-in-family
8214,Other-relative
8214,Own-child
8214,Unmarried
8214,Wife
31486,Husband
31486,Other-relative
31486,Own-child
31486,Wife
19338,Husband
19338,Not-in-family
19338,Other-relative
19338,Own-child
19338,Unmarried
19338,Wife
496,Husband
496,Not-in-family
496,Other-relative
496,Own-child
496,Unmarried
496,Wife
23300,Husband
23300,Other-relative
23300,Own-child
23300,Wife
6911,Husband
6911,Other-relative
6911,Own-child
6911,Wife
36369,Husband
36369,Not-in-family
36369,Other-relative
36369,Own-child
36369,Unmarried
36369,Wife
47409,Not-in-family
47409,Unmarried
20344,Husband
20344,Other-relative
20344,Own-child
20344,Wife
19183,Husband
19183,Not-in-family
19183,Other-relative
19183,Own-child
19183,Unmarried
19183,Wife
47434,Husband
47434,Other-relative
47434,Own-child
47434,Wife
5093,Husband
5093,Other-relative
5093,Own-child
5093,Wife
38827,Husband
38827,Not-in-family
38827,Other-relative
38827,Own-child
38827,Unmarried
38827,Wife
47095,Husband
47095,Other-relative
47095,Own-child
47095,Wife
22876,Husband
22876,Not-in-family
22876,Other-relative
22876,Own-child
22876,Unmarried
22876,Wife
16734,Husband
16734,Not-in-family
16734,Other-relative
16734,Own-child
16734,Unmarried
16734,Wife
10026,Husband
10026,Not-in-family
10026,Other-relative
10026,Own-child
10026,Unmarried
10026,Wife
19967,Husband
19967,Other-relative
19967,Own-child
19967,Wife
45764,Husband
45764,Not-in-family
45764,Other-relative
45764,Own-child
45764,Unmarried
45764,Wife
48387,Not-in-family
48387,Unmarried
26575,Husband
26575,Not-in-family
26575,Other-relative
26575,Own-child
26575,Unmarried
26575,Wife
4191,Not-in-family
4191,Unmarried
35472,Husband
35472,Not-in-family
35472,Other-relative
35472,Own-child
35472,Unmarried
35472,Wife
3770,Husband
3770,Not-in-family
3770,Other-relative
3770,Own-child
3770,Unmarried
3770,Wife
3343,Husband
3343,Other-relative
3343,Own-child
3343,Wife
29564,Husband
29564,Other-relative
29564,Own-child
29564,Wife
38649,Husband
38649,Not-in-family
38649,Other-relative
38649,Own-child
38649,Unmarried
38649,Wife
15269,Husband
15269,Not-in-family
15269,Other-relative
15269,Own-child
15269,Unmarried
15269,Wife
18713,Husband
18713,Not-in-family
18713,Other-relative
18713,Own-child
18713,Unmarried
18713,Wife
44811,Not-in-family
44811,Unmarried
41434,Husband
41434,Not-in-family
41434,Other-relative
41434,Own-child
41434,Unmarried
41434,Wife
19376,Husband
19376,Not-in-family
19376,Other-relative
19376,Own-child
19376,Unmarried
19376,Wife
18619,Not-in-family
18619,Unmarried
21262,Husband
21262,Other-relative
21262,Own-child
21262,Wife
48533,Husband
48533,Not-in-family
48533,Other-relative
48533,Own-child
48533,Unmarried
48533,Wife
357,Husband
357,Other-relative
357,Own-child
357,Wife
6992,Husband
6992,Other-relative
6992,Own-child
6992,Wife
21016,Husband
21016,Other-relative
21016,Own-child
21016,Wife
82,Husband
82,Other-relative
82,Own-child
82,Wife
3471,Husband
3471,Other-relative
3471,Own-child
3471,Wife
44361,Husband
44361,Not-in-family
44361,Other-relative
44361,Own-child
44361,Unmarried
44361,Wife
20494,Husband
20494,Not-in-family
20494,Other-relative
20494,Own-child
20494,Unmarried
20494,Wife
10535,Husband
10535,Not-in-family
10535,Other-relative
10535,Own-child
10535,Unmarried
10535,Wife
32537,Husband
32537,Not-in-family
32537,Other-relative
32537,Own-child
32537,Unmarried
32537,Wife
965,Husband
965,Other-relative
965,Own-child
965,Wife
40192,Husband
40192,Not-in-family
40192,Other-relative
40192,Own-child
40192,Unmarried
40192,Wife
5885,Husband
5885,Other-relative
5885,Own-child
5885,Wife
12169,Not-in-family
12169,Unmarried
18204,Husband
18204,Not-in-family
18204,Other-relative
18204,Own-child
18204,Unmarried
18204,Wife
43235,Husband
43235,Not-in-family
43235,Other-relative
43235,Own-child
43235,Unmarried
43235,Wife
22180,Husband
22180,Not-in-family
22180,Other-relative
22180,Own-child
22180,Unmarried
22180,Wife
8304,Not-in-family
8304,Unmarried
11417,Husband
11417,Not-in-family
11417,Other-relative
11417,Own-child
11417,Unmarried
11417,Wife
32700,Husband
32700,Other-relative
32700,Own-child
32700,Wife
23846,Husband
23846,Not-in-family
23846,Other-relative
23846,Own-child
23846,Unmarried
23846,Wife
22221,Husband
22221,Not-in-family
22221,Other-relative
22221,Own-child
22221,Unmarried
22221,Wife
3971,Husband
3971,Not-in-family
3971,Other-relative
3971,Own-child
3971,Unmarried
3971,Wife
40704,Husband
40704,Other-relative
40704,Own-child
40704,Wife
45574,Husband
45574,Other-relative
45574,Own-child
45574,Wife
4615,Husband
4615,Not-in-family
4615,Other-relative
4615,Own-child
4615,Unmarried
4615,Wife
37561,Husband
37561,Not-in-family
37561,Other-relative
37561,Own-child
37561,Unmarried
37561,Wife
17014,Husband
17014,Other-relative
17014,Own-child
17014,Wife
40779,Husband
40779,Other-relative
40779,Own-child
40779,Wife
1742,Not-in-family
1742,Unmarried
26148,Husband
26148,Not-in-family
26148,Other-relative
26148,Own-child
26148,Unmarried
26148,Wife
45074,Not-in-family
45074,Unmarried
35281,Husband
35281,Other-relative
35281,Own-child
35281,Wife
18405,Husband
18405,Not-in-family
18405,Other-relative
18405,Own-child
18405,Unmarried
18405,Wife
36143,Husband
36143,Other-relative
36143,Own-child
36143,Wife
40062,Husband
40062,Other-relative
40062,Own-child
40062,Wife
30575,Husband
30575,Not-in-family
30575,Other-relative
30575,Own-child
30575,Unmarried
30575,Wife
22871,Husband
22871,Not-in-family
22871,Other-relative
22871,Own-child
22871,Unmarried
22871,Wife
17253,Husband
17253,Not-in-family
17253,Other-relative
17253,Own-child
17253,Unmarried
17253,Wife
40027,Husband
40027,Not-in-family
40027,Other-relative
40027,Own-child
40027,Unmarried
40027,Wife
14266,Husband
14266,Other-relative
14266,Own-child
14266,Wife
13536,Husband
13536,Not-in-family
13536,Other-relative
13536,Own-child
13536,Unmarried
13536,Wife
43683,Not-in-family
43683,Unmarried
18381,Not-in-family
18381,Unmarried
16413,Husband
16413,Not-in-family
16413,Other-relative
16413,Own-child
16413,Unmarried
16413,Wife
46931,Husband
46931,Other-relative
46931,Own-child
46931,Wife
29924,Husband
29924,Not-in-family
29924,Other-relative
29924,Own-child
29924,Unmarried
29924,Wife
20034,Not-in-family
20034,Unmarried
5835,Husband
5835,Not-in-family
5835,Other-relative
5835,Own-child
5835,Unmarried
5835,Wife
5710,Husband
5710,Other-relative
5710,Own-child
5710,Wife
280,Not-in-family
280,Unmarried
37881,Husband
37881,Not-in-family
37881,Other-relative
37881,Own-child
37881,Unmarried
37881,Wife
28551,Husband
28551,Other-relative
28551,Own-child
28551,Wife
39403,Husband
39403,Not-in-family
39403,Other-relative
39403,Own-child
39403,Unmarried
39403,Wife
17659,Husband
17659,Not-in-family
17659,Other-relative
17659,Own-child
17659,Unmarried
17659,Wife
38633,Husband
38633,Other-relative
38633,Own-child
38633,Wife
6516,Not-in-family
6516,Unmarried
26931,Husband
26931,Other-relative
26931,Own-child
26931,Wife
15361,Husband
15361,Not-in-family
15361,Other-relative
15361,Own-child
15361,Unmarried
15361,Wife
20200,Husband
20200,Other-relative
20200,Own-child
20200,Wife
2230,Husband
2230,Other-relative
2230,Own-child
2230,Wife
13571,Husband
13571,Not-in-family
13571,Other-relative
13571,Own-child
13571,Unmarried
13571,Wife
45440,Husband
45440,Not-in-family
45440,Other-relative
45440,Own-child
45440,Unmarried
45440,Wife
20250,Husband
20250,Not-in-family
20250,Other-relative
20250,Own-child
20250,Unmarried
20250,Wife
32049,Husband
32049,Other-relative
32049,Own-child
32049,Wife
2470,Husband
2470,Other-relative
2470,Own-child
2470,Wife
12444,Husband
12444,Not-in-family
12444,Other-relative
12444,Own-child
12444,Unmarried
12444,Wife
29550,Husband
29550,Not-in-family
29550,Other-relative
29550,Own-child
29550,Unmarried
29550,Wife
27700,Not-in-family
27700,Unmarried
34845,Not-in-family
34845,Unmarried
26272,Husband
26272,Not-in-family
26272,Other-relative
26272,Own-child
26272,Unmarried
26272,Wife
18717,Husband
18717,Not-in-family
18717,Other-relative
18717,Own-child
18717,Unmarried
18717,Wife
26807,Husband
26807,Not-in-family
26807,Other-relative
26807,Own-child
26807,Unmarried
26807,Wife
38017,Husband
38017,Not-in-family
38017,Other-relative
38017,Own-child
38017,Unmarried
38017,Wife
33063,Husband
33063,Not-in-family
33063,Other-relative
33063,Own-child
33063,Unmarried
33063,Wife
15593,Husband
15593,Not-in-family
15593,Other-relative
15593,Own-child
15593,Unmarried
15593,Wife
35496,Not-in-family
35496,Unmarried
20348,Not-in-family
20348,Unmarried
36451,Husband
36451,Not-in-family
36451,Other-relative
36451,Own-child
36451,Unmarried
36451,Wife
47516,Husband
47516,Not-in-family
47516,Other-relative
47516,Own-child
47516,Unmarried
47516,Wife
32397,Husband
32397,Not-in-family
32397,Other-relative
32397,Own-child
32397,Unmarried
32397,Wife
17600,Husband
17600,Not-in-family
17600,Other-relative
17600,Own-child
17600,Unmarried
17600,Wife
25936,Husband
25936,Other-relative
25936,Own-child
25936,Wife
24275,Not-in-family
24275,Unmarried
11735,Husband
11735,Not-in-family
11735,Other-relative
11735,Own-child
11735,Unmarried
11735,Wife
38283,Husband
38283,Other-relative
38283,Own-child
38283,Wife
18811,Not-in-family
18811,Unmarried
1915,Husband
1915,Not-in-family
1915,Other-relative
1915,Own-child
1915,Unmarried
1915,Wife
36769,Husband
36769,Not-in-family
36769,Other-relative
36769,Own-child
36769,Unmarried
36769,Wife
41974,Husband
41974,Other-relative
41974,Own-child
41974,Wife
26420,Husband
26420,Other-relative
26420,Own-child
26420,Wife
23425,Husband
23425,Other-relative
23425,Own-child
23425,Wife
35457,Husband
35457,Other-relative
35457,Own-child
35457,Wife
3117,Not-in-family
3117,Unmarried
7312,Husband
7312,Other-relative
7312,Own-child
7312,Wife
32633,Husband
32633,Not-in-family
32633,Other-relative
32633,Own-child
32633,Unmarried
32633,Wife
12027,Husband
12027,Other-relative
12027,Own-child
12027,Wife
19352,Husband
19352,Not-in-family
19352,Other-relative
19352,Own-child
19352,Unmarried
19352,Wife
7059,Husband
7059,Other-relative
7059,Own-child
7059,Wife
42586,Husband
42586,Not-in-family
42586,Other-relative
42586,Own-child
42586,Unmarried
42586,Wife
8311,Husband
8311,Not-in-family
8311,Other-relative
8311,Own-child
8311,Unmarried
8311,Wife
39013,Husband
39013,Not-in-family
39013,Other-relative
39013,Own-child
39013,Unmarried
39013,Wife
45276,Husband
45276,Not-in-family
45276,Other-relative
45276,Own-child
45276,Unmarried
45276,Wife
17766,Husband
17766,Not-in-family
17766,Other-relative
17766,Own-child
17766,Unmarried
17766,Wife
14412,Husband
14412,Other-relative
14412,Own-child
14412,Wife
21837,Husband
21837,Not-in-family
21837,Other-relative
21837,Own-child
21837,Unmarried
21837,Wife
24421,Husband
24421,Other-relative
24421,Own-child
24421,Wife
6625,Husband
6625,Other-relative
6625,Own-child
6625,Wife
10917,Husband
10917,Other-relative
10917,Own-child
10917,Wife
43597,Husband
43597,Not-in-family
43597,Other-relative
43597,Own-child
43597,Unmarried
43597,Wife
46469,Husband
46469,Not-in-family
46469,Other-relative
46469,Own-child
46469,Unmarried
46469,Wife
28617,Husband
28617,Other-relative
28617,Own-child
28617,Wife
27708,Husband
27708,Other-relative
27708,Own-child
27708,Wife
25096,Husband
25096,Not-in-family
25096,Other-relative
25096,Own-child
25096,Unmarried
25096,Wife
19756,Husband
19756,Not-in-family
19756,Other-relative
19756,Own-child
19756,Unmarried
19756,Wife
11088,Husband
11088,Not-in-family
11088,Other-relative
11088,Own-child
11088,Unmarried
11088,Wife
28577,Husband
28577,Other-relative
28577,Own-child
28577,Wife
29576,Husband
29576,Not-in-family
29576,Other-relative
29576,Own-child
29576,Unmarried
29576,Wife
10281,Husband
10281,Not-in-family
10281,Other-relative
10281,Own-child
10281,Unmarried
10281,Wife
22853,Husband
22853,Not-in-family
22853,Other-relative
22853,Own-child
22853,Unmarried
22853,Wife
24336,Husband
24336,Other-relative
24336,Own-child
24336,Wife
17420,Not-in-family
17420,Unmarried
21276,Husband
21276,Other-relative
21276,Own-child
21276,Wife
1254,Husband
1254,Not-in-family
1254,Other-relative
1254,Own-child
1254,Unmarried
1254,Wife
919,Husband
919,Not-in-family
919,Other-relative
919,Own-child
919,Unmarried
919,Wife
3028,Not-in-family
3028,Unmarried
38342,Husband
38342,Other-relative
38342,Own-child
38342,Wife
43416,Not-in-family
43416,Unmarried
35153,Husband
35153,Not-in-family
35153,Other-relative
35153,Own-child
35153,Unmarried
35153,Wife
36347,Not-in-family
36347,Unmarried
46060,Not-in-family
46060,Unmarried
13335,Husband
13335,Not-in-family
13335,Other-relative
13335,Own-child
13335,Unmarried
13335,Wife
15649,Not-in-family
15649,Unmarried
40757,Husband
40757,Other-relative
40757,Own-child
40757,Wife
11721,Not-in-family
11721,Unmarried
9405,Husband
9405,Not-in-family
9405,Other-relative
9405,Own-child
9405,Unmarried
9405,Wife
35482,Not-in-family
35482,Unmarried
43517,Husband
43517,Other-relative
43517,Own-child
43517,Wife
48615,Husband
48615,Other-relative
48615,Own-child
48615,Wife
6511,Not-in-family
6511,Unmarried
18838,Husband
18838,Other-relative
18838,Own-child
18838,Wife
36300,Not-in-family
36300,Unmarried
40398,Husband
40398,Other-relative
40398,Own-child
40398,Wife
23934,Husband
23934,Not-in-family
23934,Other-relative
23934,Own-child
23934,Unmarried
23934,Wife
21645,Not-in-family
21645,Unmarried
22356,Husband
22356,Other-relative
22356,Own-child
22356,Wife
44019,Husband
44019,Not-in-family
44019,Other-relative
44019,Own-child
44019,Unmarried
44019,Wife
6619,Husband
6619,Not-in-family
6619,Other-relative
6619,Own-child
6619,Unmarried
6619,Wife
45672,Husband
45672,Not-in-family
45672,Other-relative
45672,Own-child
45672,Unmarried
45672,Wife
25092,Husband
25092,Not-in-family
25092,Other-relative
25092,Own-child
25092,Unmarried
25092,Wife
32910,Husband
32910,Not-in-family
32910,Other-relative
32910,Own-child
32910,Unmarried
32910,Wife
42015,Husband
42015,Not-in-family
42015,Other-relative
42015,Own-child
42015,Unmarried
42015,Wife
46702,Husband
46702,Other-relative
46702,Own-child
46702,Wife
15627,Husband
15627,Other-relative
15627,Own-child
15627,Wife
32932,Husband
32932,Not-in-family
32932,Other-relative
32932,Own-child
32932,Unmarried
32932,Wife
38738,Husband
38738,Not-in-family
38738,Other-relative
38738,Own-child
38738,Unmarried
38738,Wife
8195,Husband
8195,Not-in-family
8195,Other-relative
8195,Own-child
8195,Unmarried
8195,Wife
33135,Husband
33135,Other-relative
33135,Own-child
33135,Wife
6531,Not-in-family
6531,Unmarried
2103,Husband
2103,Other-relative
2103,Own-child
2103,Wife
5524,Husband
5524,Not-in-family
5524,Other-relative
5524,Own-child
5524,Unmarried
5524,Wife
14946,Husband
14946,Not-in-family
14946,Other-relative
14946,Own-child
14946,Unmarried
14946,Wife
20390,Husband
20390,Not-in-family
20390,Other-relative
20390,Own-child
20390,Unmarried
20390,Wife
44210,Husband
44210,Not-in-family
44210,Other-relative
44210,Own-child
44210,Unmarried
44210,Wife
813,Husband
813,Not-in-family
813,Other-relative
813,Own-child
813,Unmarried
813,Wife
20719,Husband
20719,Other-relative
20719,Own-child
20719,Wife
43301,Husband
43301,Other-relative
43301,Own-child
43301,Wife
46410,Husband
46410,Not-in-family
46410,Other-relative
46410,Own-child
46410,Unmarried
46410,Wife
4276,Not-in-family
4276,Unmarried
1057,Not-in-family
1057,Unmarried
34871,Husband
34871,Other-relative
34871,Own-child
34871,Wife
35836,Not-in-family
35836,Unmarried
12360,Husband
12360,Not-in-family
12360,Other-relative
12360,Own-child
12360,Unmarried
12360,Wife
15899,Husband
15899,Other-relative
15899,Own-child
15899,Wife
2454,Husband
2454,Not-in-family
2454,Other-relative
2454,Own-child
2454,Unmarried
2454,Wife
15531,Husband
15531,Not-in-family
15531,Other-relative
15531,Own-child
15531,Unmarried
15531,Wife
5461,Not-in-family
5461,Unmarried
9723,Husband
9723,Other-relative
9723,Own-child
9723,Wife
16028,Husband
16028,Not-in-family
16028,Other-relative
16028,Own-child
16028,Unmarried
16028,Wife
45639,Husband
45639,Not-in-family
45639,Other-relative
45639,Own-child
45639,Unmarried
45639,Wife
42511,Husband
42511,Not-in-family
42511,Other-relative
42511,Own-child
42511,Unmarried
42511,Wife
6294,Husband
6294,Not-in-family
6294,Other-relative
6294,Own-child
6294,Unmarried
6294,Wife
8763,Husband
8763,Not-in-family
8763,Other-relative
8763,Own-child
8763,Unmarried
8763,Wife
24757,Not-in-family
24757,Unmarried
40144,Husband
40144,Not-in-family
40144,Other-relative
40144,Own-child
40144,Unmarried
40144,Wife
23117,Husband
23117,Not-in-family
23117,Other-relative
23117,Own-child
23117,Unmarried
23117,Wife
35347,Husband
35347,Not-in-family
35347,Other-relative
35347,Own-child
35347,Unmarried
35347,Wife
41599,Husband
41599,Other-relative
41599,Own-child
41599,Wife
39206,Husband
39206,Not-in-family
39206,Other-relative
39206,Own-child
39206,Unmarried
39206,Wife
23216,Husband
23216,Not-in-family
23216,Other-relative
23216,Own-child
23216,Unmarried
23216,Wife
34868,Husband
34868,Other-relative
34868,Own-child
34868,Wife
40226,Husband
40226,Not-in-family
40226,Other-relative
40226,Own-child
40226,Unmarried
40226,Wife
7744,Husband
7744,Other-relative
7744,Own-child
7744,Wife
3118,Husband
3118,Not-in-family
3118,Other-relative
3118,Own-child
3118,Unmarried
3118,Wife
1428,Not-in-family
1428,Unmarried
31979,Husband
31979,Not-in-family
31979,Other-relative
31979,Own-child
31979,Unmarried
31979,Wife
28826,Husband
28826,Other-relative
28826,Own-child
28826,Wife
22205,Not-in-family
22205,Unmarried
35278,Husband
35278,Not-in-family
35278,Other-relative
35278,Own-child
35278,Unmarried
35278,Wife
35428,Husband
35428,Other-relative
35428,Own-child
35428,Wife
10848,Husband
10848,Other-relative
10848,Own-child
10848,Wife
30658,Husband
30658,Not-in-family
30658,Other-relative
30658,Own-child
30658,Unmarried
30658,Wife
31716,Husband
31716,Not-in-family
31716,Other-relative
31716,Own-child
31716,Unmarried
31716,Wife
42158,Husband
42158,Other-relative
42158,Own-child
42158,Wife
5146,Husband
5146,Not-in-family
5146,Other-relative
5146,Own-child
5146,Unmarried
5146,Wife
14048,Husband
14048,Other-relative
14048,Own-child
14048,Wife
24743,Husband
24743,Not-in-family
24743,Other-relative
24743,Own-child
24743,Unmarried
24743,Wife
34951,Husband
34951,Not-in-family
34951,Other-relative
34951,Own-child
34951,Unmarried
34951,Wife
1922,Husband
1922,Not-in-family
1922,Other-relative
1922,Own-child
1922,Unmarried
1922,Wife
5158,Husband
5158,Other-relative
5158,Own-child
5158,Wife
20798,Husband
20798,Not-in-family
20798,Other-relative
20798,Own-child
20798,Unmarried
20798,Wife
18435,Husband
18435,Other-relative
18435,Own-child
18435,Wife
1981,Husband
1981,Other-relative
1981,Own-child
1981,Wife
29329,Not-in-family
29329,Unmarried
34479,Husband
34479,Not-in-family
34479,Other-relative
34479,Own-child
34479,Unmarried
34479,Wife
29166,Husband
29166,Not-in-family
29166,Other-relative
29166,Own-child
29166,Unmarried
29166,Wife
47922,Husband
47922,Not-in-family
47922,Other-relative
47922,Own-child
47922,Unmarried
47922,Wife
45421,Not-in-family
45421,Unmarried
25365,Husband
25365,Not-in-family
25365,Other-relative
25365,Own-child
25365,Unmarried
25365,Wife
14173,Husband
14173,Not-in-family
14173,Other-relative
14173,Own-child
14173,Unmarried
14173,Wife
3413,Husband
3413,Other-relative
3413,Own-child
3413,Wife
9439,Husband
9439,Other-relative
9439,Own-child
9439,Wife
22163,Husband
22163,Other-relative
22163,Own-child
22163,Wife
29431,Husband
29431,Other-relative
29431,Own-child
29431,Wife
35264,Husband
35264,Not-in-family
35264,Other-relative
35264,Own-child
35264,Unmarried
35264,Wife
40253,Not-in-family
40253,Unmarried
36383,Husband
36383,Not-in-family
36383,Other-relative
36383,Own-child
36383,Unmarried
36383,Wife
32229,Not-in-family
32229,Unmarried
36186,Husband
36186,Not-in-family
36186,Other-relative
36186,Own-child
36186,Unmarried
36186,Wife
771,Not-in-family
771,Unmarried
27215,Husband
27215,Not-in-family
27215,Other-relative
27215,Own-child
27215,Unmarried
27215,Wife
614,Husband
614,Not-in-family
614,Other-relative
614,Own-child
614,Unmarried
614,Wife
26882,Husband
26882,Other-relative
26882,Own-child
26882,Wife
42081,Husband
42081,Other-relative
42081,Own-child
42081,Wife
48744,Husband
48744,Not-in-family
48744,Other-relative
48744,Own-child
48744,Unmarried
48744,Wife
34939,Husband
34939,Not-in-family
34939,Other-relative
34939,Own-child
34939,Unmarried
34939,Wife
43650,Husband
43650,Not-in-family
43650,Other-relative
43650,Own-child
43650,Unmarried
43650,Wife
16297,Husband
16297,Other-relative
16297,Own-child
16297,Wife
22807,Husband
22807,Other-relative
22807,Own-child
22807,Wife
40154,Husband
40154,Other-relative
40154,Own-child
40154,Wife
7533,Not-in-family
7533,Unmarried
8307,Husband
8307,Other-relative
8307,Own-child
8307,Wife
25039,Husband
25039,Not-in-family
25039,Other-relative
25039,Own-child
25039,Unmarried
25039,Wife
29161,Husband
29161,Not-in-family
29161,Other-relative
29161,Own-child
29161,Unmarried
29161,Wife
45452,Husband
45452,Other-relative
45452,Own-child
45452,Wife
40653,Husband
40653,Other-relative
40653,Own-child
40653,Wife
48146,Husband
48146,Other-relative
48146,Own-child
48146,Wife
46214,Husband
46214,Other-relative
46214,Own-child
46214,Wife
1469,Husband
1469,Other-relative
1469,Own-child
1469,Wife
23206,Husband
23206,Not-in-family
23206,Other-relative
23206,Own-child
23206,Unmarried
23206,Wife
21427,Husband
21427,Other-relative
21427,Own-child
21427,Wife
23862,Husband
23862,Not-in-family
23862,Other-relative
23862,Own-child
23862,Unmarried
23862,Wife
23520,Husband
23520,Not-in-family
23520,Other-relative
23520,Own-child
23520,Unmarried
23520,Wife
11590,Husband
11590,Not-in-family
11590,Other-relative
11590,Own-child
11590,Unmarried
11590,Wife
14328,Not-in-family
14328,Unmarried
8883,Husband
8883,Other-relative
8883,Own-child
8883,Wife
11367,Husband
11367,Not-in-family
11367,Other-relative
11367,Own-child
11367,Unmarried
11367,Wife
48721,Husband
48721,Other-relative
48721,Own-child
48721,Wife
26793,Husband
26793,Not-in-family
26793,Other-relative
26793,Own-child
26793,Unmarried
26793,Wife
34575,Husband
34575,Not-in-family
34575,Other-relative
34575,Own-child
34575,Unmarried
34575,Wife
4666,Husband
4666,Other-relative
4666,Own-child
4666,Wife
39204,Husband
39204,Other-relative
39204,Own-child
39204,Wife
28254,Husband
28254,Not-in-family
28254,Other-relative
28254,Own-child
28254,Unmarried
28254,Wife
5035,Husband
5035,Not-in-family
5035,Other-relative
5035,Own-child
5035,Unmarried
5035,Wife
12983,Husband
12983,Other-relative
12983,Own-child
12983,Wife
9737,Husband
9737,Not-in-family
9737,Other-relative
9737,Own-child
9737,Unmarried
9737,Wife
9791,Husband
9791,Not-in-family
9791,Other-relative
9791,Own-child
9791,Unmarried
9791,Wife
34244,Husband
34244,Not-in-family
34244,Other-relative
34244,Own-child
34244,Unmarried
34244,Wife
5899,Husband
5899,Not-in-family
5899,Other-relative
5899,Own-child
5899,Unmarried
5899,Wife
23242,Not-in-family
23242,Unmarried
11632,Not-in-family
11632,Unmarried
35935,Not-in-family
35935,Unmarried
3534,Husband
3534,Not-in-family
3534,Other-relative
3534,Own-child
3534,Unmarried
3534,Wife
20019,Husband
20019,Not-in-family
20019,Other-relative
20019,Own-child
20019,Unmarried
20019,Wife
26160,Husband
26160,Other-relative
26160,Own-child
26160,Wife
17192,Husband
17192,Other-relative
17192,Own-child
17192,Wife
14172,Husband
14172,Not-in-family
14172,Other-relative
14172,Own-child
14172,Unmarried
14172,Wife
21241,Husband
21241,Not-in-family
21241,Other-relative
21241,Own-child
21241,Unmarried
21241,Wife
43969,Husband
43969,Other-relative
43969,Own-child
43969,Wife
35632,Not-in-family
35632,Unmarried
18722,Husband
18722,Not-in-family
18722,Other-relative
18722,Own-child
18722,Unmarried
18722,Wife
26169,Husband
26169,Not-in-family
26169,Other-relative
26169,Own-child
26169,Unmarried
26169,Wife
10445,Husband
10445,Other-relative
10445,Own-child
10445,Wife
15625,Husband
15625,Not-in-family
15625,Other-relative
15625,Own-child
15625,Unmarried
15625,Wife
34344,Not-in-family
34344,Unmarried
23638,Husband
23638,Not-in-family
23638,Other-relative
23638,Own-child
23638,Unmarried
23638,Wife
48014,Husband
48014,Not-in-family
48014,Other-relative
48014,Own-child
48014,Unmarried
48014,Wife
30151,Husband
30151,Not-in-family
30151,Other-relative
30151,Own-child
30151,Unmarried
30151,Wife
27403,Husband
27403,Other-relative
27403,Own-child
27403,Wife
6390,Husband
6390,Other-relative
6390,Own-child
6390,Wife
41735,Not-in-family
41735,Unmarried
48807,Husband
48807,Not-in-family
48807,Other-relative
48807,Own-child
48807,Unmarried
48807,Wife
31051,Husband
31051,Not-in-family
31051,Other-relative
31051,Own-child
31051,Unmarried
31051,Wife
16149,Not-in-family
16149,Unmarried
934,Husband
934,Not-in-family
934,Other-relative
934,Own-child
934,Unmarried
934,Wife
19707,Husband
19707,Not-in-family
19707,Other-relative
19707,Own-child
19707,Unmarried
19707,Wife
16986,Husband
16986,Not-in-family
16986,Other-relative
16986,Own-child
16986,Unmarried
16986,Wife
45454,Husband
45454,Other-relative
45454,Own-child
45454,Wife
7066,Husband
7066,Other-relative
7066,Own-child
7066,Wife
23482,Husband
23482,Not-in-family
23482,Other-relative
23482,Own-child
23482,Unmarried
23482,Wife
40536,Not-in-family
40536,Unmarried
28699,Husband
28699,Not-in-family
28699,Other-relative
28699,Own-child
28699,Unmarried
28699,Wife
17116,Husband
17116,Not-in-family
17116,Other-relative
17116,Own-child
17116,Unmarried
17116,Wife
36013,Husband
36013,Not-in-family
36013,Other-relative
36013,Own-child
36013,Unmarried
36013,Wife
5231,Husband
5231,Not-in-family
5231,Other-relative
5231,Own-child
5231,Unmarried
5231,Wife
84,Husband
84,Not-in-family
84,Other-relative
84,Own-child
84,Unmarried
84,Wife
24687,Not-in-family
24687,Unmarried
20524,Husband
20524,Not-in-family
20524,Other-relative
20524,Own-child
20524,Unmarried
20524,Wife
13993,Husband
13993,Not-in-family
13993,Other-relative
13993,Own-child
13993,Unmarried
13993,Wife
43692,Husband
43692,Other-relative
43692,Own-child
43692,Wife
3778,Husband
3778,Other-relative
3778,Own-child
3778,Wife
12944,Husband
12944,Not-in-family
12944,Other-relative
12944,Own-child
12944,Unmarried
12944,Wife
20229,Husband
20229,Other-relative
20229,Own-child
20229,Wife
20108,Not-in-family
20108,Unmarried
39233,Husband
39233,Not-in-family
39233,Other-relative
39233,Own-child
39233,Unmarried
39233,Wife
26592,Husband
26592,Not-in-family
26592,Other-relative
26592,Own-child
26592,Unmarried
26592,Wife
5171,Husband
5171,Not-in-family
5171,Other-relative
5171,Own-child
5171,Unmarried
5171,Wife
31222,Not-in-family
31222,Unmarried
30018,Not-in-family
30018,Unmarried
34469,Not-in-family
34469,Unmarried
34185,Not-in-family
34185,Unmarried
21169,Not-in-family
21169,Unmarried
232,Not-in-family
232,Unmarried
41526,Husband
41526,Not-in-family
41526,Other-relative
41526,Own-child
41526,Unmarried
41526,Wife
17709,Husband
17709,Not-in-family
17709,Other-relative
17709,Own-child
17709,Unmarried
17709,Wife
45038,Husband
45038,Other-relative
45038,Own-child
45038,Wife
10823,Husband
10823,Other-relative
10823,Own-child
10823,Wife
23692,Not-in-family
23692,Unmarried
7357,Husband
7357,Other-relative
7357,Own-child
7357,Wife
43589,Husband
43589,Not-in-family
43589,Other-relative
43589,Own-child
43589,Unmarried
43589,Wife
4450,Husband
4450,Not-in-family
4450,Other-relative
4450,Own-child
4450,Unmarried
4450,Wife
36857,Husband
36857,Not-in-family
36857,Other-relative
36857,Own-child
36857,Unmarried
36857,Wife
19362,Husband
19362,Not-in-family
19362,Other-relative
19362,Own-child
19362,Unmarried
19362,Wife
42704,Not-in-family
42704,Unmarried
8169,Husband
8169,Other-relative
8169,Own-child
8169,Wife
40901,Not-in-family
40901,Unmarried
39563,Husband
39563,Not-in-family
39563,Other-relative
39563,Own-child
39563,Unmarried
39563,Wife
11555,Not-in-family
11555,Unmarried
2488,Husband
2488,Other-relative
2488,Own-child
2488,Wife
18283,Husband
18283,Other-relative
18283,Own-child
18283,Wife
13387,Husband
13387,Other-relative
13387,Own-child
13387,Wife
1054,Not-in-family
1054,Unmarried
5785,Husband
5785,Not-in-family
5785,Other-relative
5785,Own-child
5785,Unmarried
5785,Wife
34915,Husband
34915,Not-in-family
34915,Other-relative
34915,Own-child
34915,Unmarried
34915,Wife
40801,Husband
40801,Other-relative
40801,Own-child
40801,Wife
22191,Not-in-family
22191,Unmarried
7493,Husband
7493,Other-relative
7493,Own-child
7493,Wife
33555,Husband
33555,Not-in-family
33555,Other-relative
33555,Own-child
33555,Unmarried
33555,Wife
41217,Not-in-family
41217,Unmarried
22880,Husband
22880,Not-in-family
22880,Other-relative
22880,Own-child
22880,Unmarried
22880,Wife
42117,Not-in-family
42117,Unmarried
30119,Husband
30119,Not-in-family
30119,Other-relative
30119,Own-child
30119,Unmarried
30119,Wife
47549,Husband
47549,Not-in-family
47549,Other-relative
47549,Own-child
47549,Unmarried
47549,Wife
5587,Husband
5587,Not-in-family
5587,Other-relative
5587,Own-child
5587,Unmarried
5587,Wife
22740,Husband
22740,Other-relative
22740,Own-child
22740,Wife
30169,Husband
30169,Other-relative
30169,Own-child
30169,Wife
14833,Not-in-family
14833,Unmarried
41827,Husband
41827,Not-in-family
41827,Other-relative
41827,Own-child
41827,Unmarried
41827,Wife
32651,Husband
32651,Not-in-family
32651,Other-relative
32651,Own-child
32651,Unmarried
32651,Wife
1082,Husband
1082,Not-in-family
1082,Other-relative
1082,Own-child
1082,Unmarried
1082,Wife
48102,Husband
48102,Other-relative
48102,Own-child
48102,Wife
548,Husband
548,Not-in-family
548,Other-relative
548,Own-child
548,Unmarried
548,Wife
8776,Husband
8776,Other-relative
8776,Own-child
8776,Wife
32535,Husband
32535,Other-relative
32535,Own-child
32535,Wife
28697,Husband
28697,Not-in-family
28697,Other-relative
28697,Own-child
28697,Unmarried
28697,Wife
20692,Husband
20692,Other-relative
20692,Own-child
20692,Wife
12025,Husband
12025,Not-in-family
12025,Other-relative
12025,Own-child
12025,Unmarried
12025,Wife
6164,Husband
6164,Not-in-family
6164,Other-relative
6164,Own-child
6164,Unmarried
6164,Wife
8023,Husband
8023,Other-relative
8023,Own-child
8023,Wife
13643,Husband
13643,Other-relative
13643,Own-child
13643,Wife
19496,Husband
19496,Not-in-family
19496,Other-relative
19496,Own-child
19496,Unmarried
19496,Wife
12892,Not-in-family
12892,Unmarried
12957,Husband
12957,Not-in-family
12957,Other-relative
12957,Own-child
12957,Unmarried
12957,Wife
30038,Husband
30038,Other-relative
30038,Own-child
30038,Wife
10180,Husband
10180,Other-relative
10180,Own-child
10180,Wife
27073,Husband
27073,Not-in-family
27073,Other-relative
27073,Own-child
27073,Unmarried
27073,Wife
19538,Husband
19538,Other-relative
19538,Own-child
19538,Wife
18970,Husband
18970,Not-in-family
18970,Other-relative
18970,Own-child
18970,Unmarried
18970,Wife
3599,Husband
3599,Not-in-family
3599,Other-relative
3599,Own-child
3599,Unmarried
3599,Wife
40636,Husband
40636,Not-in-family
40636,Other-relative
40636,Own-child
40636,Unmarried
40636,Wife
1496,Husband
1496,Not-in-family
1496,Other-relative
1496,Own-child
1496,Unmarried
1496,Wife
4990,Husband
4990,Not-in-family
4990,Other-relative
4990,Own-child
4990,Unmarried
4990,Wife
42666,Husband
42666,Other-relative
42666,Own-child
42666,Wife
12054,Husband
12054,Not-in-family
12054,Other-relative
12054,Own-child
12054,Unmarried
12054,Wife
80,Husband
80,Not-in-family
80,Other-relative
80,Own-child
80,Unmarried
80,Wife
45051,Husband
45051,Not-in-family
45051,Other-relative
45051,Own-child
45051,Unmarried
45051,Wife
40951,Husband
40951,Other-relative
40951,Own-child
40951,Wife
40916,Husband
40916,Other-relative
40916,Own-child
40916,Wife
5385,Husband
5385,Not-in-family
5385,Other-relative
5385,Own-child
5385,Unmarried
5385,Wife
116,Husband
116,Other-relative
116,Own-child
116,Wife
3786,Husband
3786,Not-in-family
3786,Other-relative
3786,Own-child
3786,Unmarried
3786,Wife
21057,Husband
21057,Not-in-family
21057,Other-relative
21057,Own-child
21057,Unmarried
21057,Wife
20508,Not-in-family
20508,Unmarried
20682,Husband
20682,Not-in-family
20682,Other-relative
20682,Own-child
20682,Unmarried
20682,Wife
33097,Husband
33097,Not-in-family
33097,Other-relative
33097,Own-child
33097,Unmarried
33097,Wife
6925,Husband
6925,Not-in-family
6925,Other-relative
6925,Own-child
6925,Unmarried
6925,Wife
41057,Husband
41057,Not-in-family
41057,Other-relative
41057,Own-child
41057,Unmarried
41057,Wife
9552,Husband
9552,Not-in-family
9552,Other-relative
9552,Own-child
9552,Unmarried
9552,Wife
36028,Husband
36028,Other-relative
36028,Own-child
36028,Wife
10935,Husband
10935,Not-in-family
10935,Other-relative
10935,Own-child
10935,Unmarried
10935,Wife
46049,Not-in-family
46049,Unmarried
22977,Husband
22977,Not-in-family
22977,Other-relative
22977,Own-child
22977,Unmarried
22977,Wife
32547,Husband
32547,Not-in-family
32547,Other-relative
32547,Own-child
32547,Unmarried
32547,Wife
10119,Husband
10119,Other-relative
10119,Own-child
10119,Wife
46500,Husband
46500,Not-in-family
46500,Other-relative
46500,Own-child
46500,Unmarried
46500,Wife
6889,Husband
6889,Not-in-family
6889,Other-relative
6889,Own-child
6889,Unmarried
6889,Wife
6874,Husband
6874,Not-in-family
6874,Other-relative
6874,Own-child
6874,Unmarried
6874,Wife
16001,Not-in-family
16001,Unmarried
12966,Husband
12966,Not-in-family
12966,Other-relative
12966,Own-child
12966,Unmarried
12966,Wife
11344,Husband
11344,Not-in-family
11344,Other-relative
11344,Own-child
11344,Unmarried
11344,Wife
13191,Not-in-family
13191,Unmarried
661,Husband
661,Not-in-family
661,Other-relative
661,Own-child
661,Unmarried
661,Wife
33787,Husband
33787,Not-in-family
33787,Other-relative
33787,Own-child
33787,Unmarried
33787,Wife
38480,Not-in-family
38480,Unmarried
34346,Husband
34346,Not-in-family
34346,Other-relative
34346,Own-child
34346,Unmarried
34346,Wife
18316,Husband
18316,Other-relative
18316,Own-child
18316,Wife
27656,Husband
27656,Not-in-family
27656,Other-relative
27656,Own-child
27656,Unmarried
27656,Wife
40889,Husband
40889,Not-in-family
40889,Other-relative
40889,Own-child
40889,Unmarried
40889,Wife
43435,Not-in-family
43435,Unmarried
43316,Husband
43316,Not-in-family
43316,Other-relative
43316,Own-child
43316,Unmarried
43316,Wife
28247,Not-in-family
28247,Unmarried
39268,Husband
39268,Not-in-family
39268,Other-relative
39268,Own-child
39268,Unmarried
39268,Wife
32352,Husband
32352,Not-in-family
32352,Other-relative
32352,Own-child
32352,Unmarried
32352,Wife
18205,Husband
18205,Not-in-family
18205,Other-relative
18205,Own-child
18205,Unmarried
18205,Wife
23833,Husband
23833,Not-in-family
23833,Other-relative
23833,Own-child
23833,Unmarried
23833,Wife
25184,Husband
25184,Not-in-family
25184,Other-relative
25184,Own-child
25184,Unmarried
25184,Wife
13057,Husband
13057,Not-in-family
13057,Other-relative
13057,Own-child
13057,Unmarried
13057,Wife
35710,Husband
35710,Not-in-family
35710,Other-relative
35710,Own-child
35710,Unmarried
35710,Wife
44204,Not-in-family
44204,Unmarried
47583,Husband
47583,Other-relative
47583,Own-child
47583,Wife
18407,Not-in-family
18407,Unmarried
45892,Husband
45892,Not-in-family
45892,Other-relative
45892,Own-child
45892,Unmarried
45892,Wife
4368,Husband
4368,Not-in-family
4368,Other-relative
4368,Own-child
4368,Unmarried
4368,Wife
30940,Husband
30940,Other-relative
30940,Own-child
30940,Wife
43593,Not-in-family
43593,Unmarried
1687,Husband
1687,Not-in-family
1687,Other-relative
1687,Own-child
1687,Unmarried
1687,Wife
36735,Not-in-family
36735,Unmarried
5337,Husband
5337,Not-in-family
5337,Other-relative
5337,Own-child
5337,Unmarried
5337,Wife
37166,Husband
37166,Not-in-family
37166,Other-relative
37166,Own-child
37166,Unmarried
37166,Wife
29672,Husband
29672,Not-in-family
29672,Other-relative
29672,Own-child
29672,Unmarried
29672,Wife
7343,Husband
7343,Other-relative
7343,Own-child
7343,Wife
39205,Husband
39205,Not-in-family
39205,Other-relative
39205,Own-child
39205,Unmarried
39205,Wife
45928,Not-in-family
45928,Unmarried
35752,Husband
35752,Other-relative
35752,Own-child
35752,Wife
24721,Husband
24721,Not-in-family
24721,Other-relative
24721,Own-child
24721,Unmarried
24721,Wife
43079,Husband
43079,Other-relative
43079,Own-child
43079,Wife
9873,Husband
9873,Other-relative
9873,Own-child
9873,Wife
4323,Not-in-family
4323,Unmarried
20466,Husband
20466,Other-relative
20466,Own-child
20466,Wife
8343,Husband
8343,Not-in-family
8343,Other-relative
8343,Own-child
8343,Unmarried
8343,Wife
44877,Husband
44877,Other-relative
44877,Own-child
44877,Wife
10349,Husband
10349,Not-in-family
10349,Other-relative
10349,Own-child
10349,Unmarried
10349,Wife
25003,Husband
25003,Not-in-family
25003,Other-relative
25003,Own-child
25003,Unmarried
25003,Wife
45068,Not-in-family
45068,Unmarried
20968,Husband
20968,Not-in-family
20968,Other-relative
20968,Own-child
20968,Unmarried
20968,Wife
37508,Husband
37508,Not-in-family
37508,Other-relative
37508,Own-child
37508,Unmarried
37508,Wife
33841,Not-in-family
33841,Unmarried
19600,Husband
19600,Not-in-family
19600,Other-relative
19600,Own-child
19600,Unmarried
19600,Wife
39495,Husband
39495,Not-in-family
39495,Other-relative
39495,Own-child
39495,Unmarried
39495,Wife
24701,Husband
24701,Other-relative
24701,Own-child
24701,Wife
24857,Husband
24857,Not-in-family
24857,Other-relative
24857,Own-child
24857,Unmarried
24857,Wife
39545,Not-in-family
39545,Unmarried
11005,Husband
11005,Other-relative
11005,Own-child
11005,Wife
11011,Husband
11011,Other-relative
11011,Own-child
11011,Wife
7235,Not-in-family
7235,Unmarried
39010,Husband
39010,Other-relative
39010,Own-child
39010,Wife
32123,Not-in-family
32123,Unmarried
23196,Husband
23196,Other-relative
23196,Own-child
23196,Wife
47036,Husband
47036,Not-in-family
47036,Other-relative
47036,Own-child
47036,Unmarried
47036,Wife
28339,Husband
28339,Other-relative
28339,Own-child
28339,Wife
27859,Not-in-family
27859,Unmarried
26773,Husband
26773,Other-relative
26773,Own-child
26773,Wife
35470,Not-in-family
35470,Unmarried
6843,Husband
6843,Other-relative
6843,Own-child
6843,Wife
20636,Husband
20636,Not-in-family
20636,Other-relative
20636,Own-child
20636,Unmarried
20636,Wife
28946,Husband
28946,Other-relative
28946,Own-child
28946,Wife
32508,Not-in-family
32508,Unmarried
15258,Husband
15258,Not-in-family
15258,Other-relative
15258,Own-child
15258,Unmarried
15258,Wife
22460,Husband
22460,Not-in-family
22460,Other-relative
22460,Own-child
22460,Unmarried
22460,Wife
21424,Husband
21424,Other-relative
21424,Own-child
21424,Wife
44744,Husband
44744,Not-in-family
44744,Other-relative
44744,Own-child
44744,Unmarried
44744,Wife
12406,Husband
12406,Not-in-family
12406,Other-relative
12406,Own-child
12406,Unmarried
12406,Wife
4610,Husband
4610,Other-relative
4610,Own-child
4610,Wife
11491,Husband
11491,Not-in-family
11491,Other-relative
11491,Own-child
11491,Unmarried
11491,Wife
42662,Husband
42662,Other-relative
42662,Own-child
42662,Wife
22201,Husband
22201,Not-in-family
22201,Other-relative
22201,Own-child
22201,Unmarried
22201,Wife
46036,Husband
46036,Not-in-family
46036,Other-relative
46036,Own-child
46036,Unmarried
46036,Wife
3566,Husband
3566,Not-in-family
3566,Other-relative
3566,Own-child
3566,Unmarried
3566,Wife
8818,Husband
8818,Not-in-family
8818,Other-relative
8818,Own-child
8818,Unmarried
8818,Wife
13968,Husband
13968,Not-in-family
13968,Other-relative
13968,Own-child
13968,Unmarried
13968,Wife
3945,Husband
3945,Not-in-family
3945,Other-relative
3945,Own-child
3945,Unmarried
3945,Wife
21050,Husband
21050,Other-relative
21050,Own-child
21050,Wife
18109,Husband
18109,Not-in-family
18109,Other-relative
18109,Own-child
18109,Unmarried
18109,Wife
34938,Husband
34938,Other-relative
34938,Own-child
34938,Wife
47755,Husband
47755,Not-in-family
47755,Other-relative
47755,Own-child
47755,Unmarried
47755,Wife
20853,Husband
20853,Not-in-family
20853,Other-relative
20853,Own-child
20853,Unmarried
20853,Wife
22570,Husband
22570,Other-relative
22570,Own-child
22570,Wife
39395,Husband
39395,Other-relative
39395,Own-child
39395,Wife
11106,Husband
11106,Other-relative
11106,Own-child
11106,Wife
14918,Husband
14918,Not-in-family
14918,Other-relative
14918,Own-child
14918,Unmarried
14918,Wife
38357,Husband
38357,Not-in-family
38357,Other-relative
38357,Own-child
38357,Unmarried
38357,Wife
36348,Husband
36348,Not-in-family
36348,Other-relative
36348,Own-child
36348,Unmarried
36348,Wife
21755,Not-in-family
21755,Unmarried
8671,Not-in-family
8671,Unmarried
47161,Not-in-family
47161,Unmarried
29192,Husband
29192,Not-in-family
29192,Other-relative
29192,Own-child
29192,Unmarried
29192,Wife
7429,Husband
7429,Other-relative
7429,Own-child
7429,Wife
42336,Not-in-family
42336,Unmarried
42277,Husband
42277,Not-in-family
42277,Other-relative
42277,Own-child
42277,Unmarried
42277,Wife
16414,Husband
16414,Other-relative
16414,Own-child
16414,Wife
32286,Husband
32286,Not-in-family
32286,Other-relative
32286,Own-child
32286,Unmarried
32286,Wife
29855,Husband
29855,Other-relative
29855,Own-child
29855,Wife
8932,Husband
8932,Other-relative
8932,Own-child
8932,Wife
10783,Husband
10783,Other-relative
10783,Own-child
10783,Wife
35364,Not-in-family
35364,Unmarried
32499,Husband
32499,Other-relative
32499,Own-child
32499,Wife
17707,Husband
17707,Other-relative
17707,Own-child
17707,Wife
19723,Not-in-family
19723,Unmarried
10618,Husband
10618,Other-relative
10618,Own-child
10618,Wife
18451,Husband
18451,Not-in-family
18451,Other-relative
18451,Own-child
18451,Unmarried
18451,Wife
15151,Husband
15151,Not-in-family
15151,Other-relative
15151,Own-child
15151,Unmarried
15151,Wife
36477,Husband
36477,Not-in-family
36477,Other-relative
36477,Own-child
36477,Unmarried
36477,Wife
478,Not-in-family
478,Unmarried
36968,Husband
36968,Not-in-family
36968,Other-relative
36968,Own-child
36968,Unmarried
36968,Wife
26591,Husband
26591,Not-in-family
26591,Other-relative
26591,Own-child
26591,Unmarried
26591,Wife
23103,Husband
23103,Not-in-family
23103,Other-relative
23103,Own-child
23103,Unmarried
23103,Wife
6337,Husband
6337,Not-in-family
6337,Other-relative
6337,Own-child
6337,Unmarried
6337,Wife
2787,Husband
2787,Not-in-family
2787,Other-relative
2787,Own-child
2787,Unmarried
2787,Wife
1195,Not-in-family
1195,Unmarried
32129,Husband
32129,Not-in-family
32129,Other-relative
32129,Own-child
32129,Unmarried
32129,Wife
5312,Husband
5312,Other-relative
5312,Own-child
5312,Wife
24025,Not-in-family
24025,Unmarried
47091,Husband
47091,Not-in-family
47091,Other-relative
47091,Own-child
47091,Unmarried
47091,Wife
18487,Not-in-family
18487,Unmarried
10643,Husband
10643,Not-in-family
10643,Other-relative
10643,Own-child
10643,Unmarried
10643,Wife
17302,Husband
17302,Other-relative
17302,Own-child
17302,Wife
56,Husband
56,Not-in-family
56,Other-relative
56,Own-child
56,Unmarried
56,Wife
4040,Not-in-family
4040,Unmarried
41764,Not-in-family
41764,Unmarried
47427,Husband
47427,Other-relative
47427,Own-child
47427,Wife
39834,Husband
39834,Not-in-family
39834,Other-relative
39834,Own-child
39834,Unmarried
39834,Wife
48269,Husband
48269,Not-in-family
48269,Other-relative
48269,Own-child
48269,Unmarried
48269,Wife
16879,Husband
16879,Other-relative
16879,Own-child
16879,Wife
23411,Husband
23411,Other-relative
23411,Own-child
23411,Wife
27830,Husband
27830,Not-in-family
27830,Other-relative
27830,Own-child
27830,Unmarried
27830,Wife
34958,Husband
34958,Not-in-family
34958,Other-relative
34958,Own-child
34958,Unmarried
34958,Wife
13878,Husband
13878,Not-in-family
13878,Other-relative
13878,Own-child
13878,Unmarried
13878,Wife
32519,Husband
32519,Not-in-family
32519,Other-relative
32519,Own-child
32519,Unmarried
32519,Wife
43779,Husband
43779,Other-relative
43779,Own-child
43779,Wife
3353,Husband
3353,Other-relative
3353,Own-child
3353,Wife
37946,Husband
37946,Not-in-family
37946,Other-relative
37946,Own-child
37946,Unmarried
37946,Wife
29352,Husband
29352,Other-relative
29352,Own-child
29352,Wife
24985,Husband
24985,Not-in-family
24985,Other-relative
24985,Own-child
24985,Unmarried
24985,Wife
48461,Husband
48461,Other-relative
48461,Own-child
48461,Wife
34035,Husband
34035,Not-in-family
34035,Other-relative
34035,Own-child
34035,Unmarried
34035,Wife
16573,Husband
16573,Not-in-family
16573,Other-relative
16573,Own-child
16573,Unmarried
16573,Wife
8655,Husband
8655,Other-relative
8655,Own-child
8655,Wife
21933,Not-in-family
21933,Unmarried
11320,Husband
11320,Other-relative
11320,Own-child
11320,Wife
41950,Husband
41950,Not-in-family
41950,Other-relative
41950,Own-child
41950,Unmarried
41950,Wife
42132,Husband
42132,Other-relative
42132,Own-child
42132,Wife
25646,Husband
25646,Not-in-family
25646,Other-relative
25646,Own-child
25646,Unmarried
25646,Wife
34947,Husband
34947,Not-in-family
34947,Other-relative
34947,Own-child
34947,Unmarried
34947,Wife
654,Husband
654,Other-relative
654,Own-child
654,Wife
45498,Husband
45498,Other-relative
45498,Own-child
45498,Wife
40769,Husband
40769,Not-in-family
40769,Other-relative
40769,Own-child
40769,Unmarried
40769,Wife
45944,Husband
45944,Not-in-family
45944,Other-relative
45944,Own-child
45944,Unmarried
45944,Wife
20935,Not-in-family
20935,Unmarried
4984,Husband
4984,Not-in-family
4984,Other-relative
4984,Own-child
4984,Unmarried
4984,Wife
32371,Husband
32371,Not-in-family
32371,Other-relative
32371,Own-child
32371,Unmarried
32371,Wife
21636,Not-in-family
21636,Unmarried
10106,Not-in-family
10106,Unmarried
19498,Husband
19498,Other-relative
19498,Own-child
19498,Wife
45540,Husband
45540,Not-in-family
45540,Other-relative
45540,Own-child
45540,Unmarried
45540,Wife
8689,Husband
8689,Not-in-family
8689,Other-relative
8689,Own-child
8689,Unmarried
8689,Wife
3842,Not-in-family
3842,Unmarried
12471,Husband
12471,Not-in-family
12471,Other-relative
12471,Own-child
12471,Unmarried
12471,Wife
30425,Not-in-family
30425,Unmarried
3569,Husband
3569,Not-in-family
3569,Other-relative
3569,Own-child
3569,Unmarried
3569,Wife
5665,Husband
5665,Not-in-family
5665,Other-relative
5665,Own-child
5665,Unmarried
5665,Wife
30631,Husband
30631,Other-relative
30631,Own-child
30631,Wife
10142,Not-in-family
10142,Unmarried
16929,Husband
16929,Not-in-family
16929,Other-relative
16929,Own-child
16929,Unmarried
16929,Wife
9558,Husband
9558,Other-relative
9558,Own-child
9558,Wife
43322,Not-in-family
43322,Unmarried
48796,Not-in-family
48796,Unmarried
37103,Husband
37103,Not-in-family
37103,Other-relative
37103,Own-child
37103,Unmarried
37103,Wife
30031,Husband
30031,Other-relative
30031,Own-child
30031,Wife
18679,Husband
18679,Other-relative
18679,Own-child
18679,Wife
43669,Husband
43669,Other-relative
43669,Own-child
43669,Wife
37687,Husband
37687,Not-in-family
37687,Other-relative
37687,Own-child
37687,Unmarried
37687,Wife
5121,Husband
5121,Other-relative
5121,Own-child
5121,Wife
29051,Husband
29051,Not-in-family
29051,Other-relative
29051,Own-child
29051,Unmarried
29051,Wife
45936,Husband
45936,Other-relative
45936,Own-child
45936,Wife
14924,Husband
14924,Not-in-family
14924,Other-relative
14924,Own-child
14924,Unmarried
14924,Wife
46335,Not-in-family
46335,Unmarried
6601,Not-in-family
6601,Unmarried
26372,Husband
26372,Other-relative
26372,Own-child
26372,Wife
30867,Husband
30867,Not-in-family
30867,Other-relative
30867,Own-child
30867,Unmarried
30867,Wife
17287,Husband
17287,Other-relative
17287,Own-child
17287,Wife
48695,Husband
48695,Not-in-family
48695,Other-relative
48695,Own-child
48695,Unmarried
48695,Wife
3678,Husband
3678,Not-in-family
3678,Other-relative
3678,Own-child
3678,Unmarried
3678,Wife
45496,Husband
45496,Not-in-family
45496,Other-relative
45496,Own-child
45496,Unmarried
45496,Wife
2399,Not-in-family
2399,Unmarried
47487,Husband
47487,Not-in-family
47487,Other-relative
47487,Own-child
47487,Unmarried
47487,Wife
18216,Husband
18216,Not-in-family
18216,Other-relative
18216,Own-child
18216,Unmarried
18216,Wife
16829,Husband
16829,Not-in-family
16829,Other-relative
16829,Own-child
16829,Unmarried
16829,Wife
46655,Husband
46655,Not-in-family
46655,Other-relative
46655,Own-child
46655,Unmarried
46655,Wife
24516,Husband
24516,Not-in-family
24516,Other-relative
24516,Own-child
24516,Unmarried
24516,Wife
15753,Husband
15753,Not-in-family
15753,Other-relative
15753,Own-child
15753,Unmarried
15753,Wife
30991,Husband
30991,Not-in-family
30991,Other-relative
30991,Own-child
30991,Unmarried
30991,Wife
1027,Husband
1027,Not-in-family
1027,Other-relative
1027,Own-child
1027,Unmarried
1027,Wife
2096,Not-in-family
2096,Unmarried
30020,Husband
30020,Not-in-family
30020,Other-relative
30020,Own-child
30020,Unmarried
30020,Wife
38284,Husband
38284,Not-in-family
38284,Other-relative
38284,Own-child
38284,Unmarried
38284,Wife
14873,Husband
14873,Other-relative
14873,Own-child
14873,Wife
17025,Husband
17025,Not-in-family
17025,Other-relative
17025,Own-child
17025,Unmarried
17025,Wife
46350,Husband
46350,Other-relative
46350,Own-child
46350,Wife
46743,Not-in-family
46743,Unmarried
25988,Husband
25988,Other-relative
25988,Own-child
25988,Wife
29811,Husband
29811,Not-in-family
29811,Other-relative
29811,Own-child
29811,Unmarried
29811,Wife
12045,Husband
12045,Not-in-family
12045,Other-relative
12045,Own-child
12045,Unmarried
12045,Wife
46102,Husband
46102,Not-in-family
46102,Other-relative
46102,Own-child
46102,Unmarried
46102,Wife
14397,Husband
14397,Not-in-family
14397,Other-relative
14397,Own-child
14397,Unmarried
14397,Wife
36679,Husband
36679,Not-in-family
36679,Other-relative
36679,Own-child
36679,Unmarried
36679,Wife
10220,Husband
10220,Not-in-family
10220,Other-relative
10220,Own-child
10220,Unmarried
10220,Wife
1095,Husband
1095,Not-in-family
1095,Other-relative
1095,Own-child
1095,Unmarried
1095,Wife
29762,Not-in-family
29762,Unmarried
29408,Not-in-family
29408,Unmarried
21967,Husband
21967,Not-in-family
21967,Other-relative
21967,Own-child
21967,Unmarried
21967,Wife
19033,Husband
19033,Other-relative
19033,Own-child
19033,Wife
11403,Husband
11403,Not-in-family
11403,Other-relative
11403,Own-child
11403,Unmarried
11403,Wife
138,Husband
138,Not-in-family
138,Other-relative
138,Own-child
138,Unmarried
138,Wife
48607,Husband
48607,Not-in-family
48607,Other-relative
48607,Own-child
48607,Unmarried
48607,Wife
1144,Husband
1144,Not-in-family
1144,Other-relative
1144,Own-child
1144,Unmarried
1144,Wife
119,Not-in-family
119,Unmarried
15342,Not-in-family
15342,Unmarried
44081,Not-in-family
44081,Unmarried
43471,Husband
43471,Not-in-family
43471,Other-relative
43471,Own-child
43471,Unmarried
43471,Wife
36888,Husband
36888,Not-in-family
36888,Other-relative
36888,Own-child
36888,Unmarried
36888,Wife
7532,Husband
7532,Not-in-family
7532,Other-relative
7532,Own-child
7532,Unmarried
7532,Wife
33558,Husband
33558,Not-in-family
33558,Other-relative
33558,Own-child
33558,Unmarried
33558,Wife
47432,Husband
47432,Other-relative
47432,Own-child
47432,Wife
4039,Not-in-family
4039,Unmarried
40312,Husband
40312,Not-in-family
40312,Other-relative
40312,Own-child
40312,Unmarried
40312,Wife
30248,Husband
30248,Not-in-family
30248,Other-relative
30248,Own-child
30248,Unmarried
30248,Wife
1376,Husband
1376,Not-in-family
1376,Other-relative
1376,Own-child
1376,Unmarried
1376,Wife
22960,Husband
22960,Not-in-family
22960,Other-relative
22960,Own-child
22960,Unmarried
22960,Wife
25620,Husband
25620,Not-in-family
25620,Other-relative
25620,Own-child
25620,Unmarried
25620,Wife
19953,Husband
19953,Other-relative
19953,Own-child
19953,Wife
12793,Husband
12793,Not-in-family
12793,Other-relative
12793,Own-child
12793,Unmarried
12793,Wife
36881,Husband
36881,Not-in-family
36881,Other-relative
36881,Own-child
36881,Unmarried
36881,Wife
27630,Husband
27630,Not-in-family
27630,Other-relative
27630,Own-child
27630,Unmarried
27630,Wife
48394,Husband
48394,Not-in-family
48394,Other-relative
48394,Own-child
48394,Unmarried
48394,Wife
24396,Husband
24396,Other-relative
24396,Own-child
24396,Wife
28521,Not-in-family
28521,Unmarried
26350,Husband
26350,Other-relative
26350,Own-child
26350,Wife
43714,Not-in-family
43714,Unmarried
1647,Husband
1647,Not-in-family
1647,Other-relative
1647,Own-child
1647,Unmarried
1647,Wife
17225,Husband
17225,Not-in-family
17225,Other-relative
17225,Own-child
17225,Unmarried
17225,Wife
24782,Husband
24782,Other-relative
24782,Own-child
24782,Wife
2829,Husband
2829,Not-in-family
2829,Other-relative
2829,Own-child
2829,Unmarried
2829,Wife
20157,Husband
20157,Not-in-family
20157,Other-relative
20157,Own-child
20157,Unmarried
20157,Wife
48405,Husband
48405,Not-in-family
48405,Other-relative
48405,Own-child
48405,Unmarried
48405,Wife
4453,Husband
4453,Other-relative
4453,Own-child
4453,Wife
7913,Husband
7913,Not-in-family
7913,Other-relative
7913,Own-child
7913,Unmarried
7913,Wife
36889,Husband
36889,Not-in-family
36889,Other-relative
36889,Own-child
36889,Unmarried
36889,Wife
33191,Not-in-family
33191,Unmarried
18042,Husband
18042,Other-relative
18042,Own-child
18042,Wife
27236,Husband
27236,Not-in-family
27236,Other-relative
27236,Own-child
27236,Unmarried
27236,Wife
33213,Husband
33213,Not-in-family
33213,Other-relative
33213,Own-child
33213,Unmarried
33213,Wife
44575,Husband
44575,Other-relative
44575,Own-child
44575,Wife
11249,Husband
11249,Other-relative
11249,Own-child
11249,Wife
35532,Husband
35532,Not-in-family
35532,Other-relative
35532,Own-child
35532,Unmarried
35532,Wife
12816,Husband
12816,Other-relative
12816,Own-child
12816,Wife
23451,Not-in-family
23451,Unmarried
29563,Husband
29563,Not-in-family
29563,Other-relative
29563,Own-child
29563,Unmarried
29563,Wife
15772,Husband
15772,Not-in-family
15772,Other-relative
15772,Own-child
15772,Unmarried
15772,Wife
46808,Not-in-family
46808,Unmarried
26292,Husband
26292,Not-in-family
26292,Other-relative
26292,Own-child
26292,Unmarried
26292,Wife
3089,Husband
3089,Other-relative
3089,Own-child
3089,Wife
3137,Husband
3137,Not-in-family
3137,Other-relative
3137,Own-child
3137,Unmarried
3137,Wife
39024,Husband
39024,Other-relative
39024,Own-child
39024,Wife
40804,Husband
40804,Not-in-family
40804,Other-relative
40804,Own-child
40804,Unmarried
40804,Wife
35431,Husband
35431,Other-relative
35431,Own-child
35431,Wife
483,Husband
483,Not-in-family
483,Other-relative
483,Own-child
483,Unmarried
483,Wife
17969,Husband
17969,Other-relative
17969,Own-child
17969,Wife
555,Husband
555,Not-in-family
555,Other-relative
555,Own-child
555,Unmarried
555,Wife
10295,Husband
10295,Other-relative
10295,Own-child
10295,Wife
40778,Husband
40778,Other-relative
40778,Own-child
40778,Wife
33468,Husband
33468,Not-in-family
33468,Other-relative
33468,Own-child
33468,Unmarried
33468,Wife
28659,Husband
28659,Other-relative
28659,Own-child
28659,Wife
3098,Husband
3098,Not-in-family
3098,Other-relative
3098,Own-child
3098,Unmarried
3098,Wife
5266,Husband
5266,Not-in-family
5266,Other-relative
5266,Own-child
5266,Unmarried
5266,Wife
35932,Not-in-family
35932,Unmarried
26241,Husband
26241,Other-relative
26241,Own-child
26241,Wife
18550,Husband
18550,Not-in-family
18550,Other-relative
18550,Own-child
18550,Unmarried
18550,Wife
47458,Husband
47458,Not-in-family
47458,Other-relative
47458,Own-child
47458,Unmarried
47458,Wife
6606,Husband
6606,Not-in-family
6606,Other-relative
6606,Own-child
6606,Unmarried
6606,Wife
14162,Husband
14162,Other-relative
14162,Own-child
14162,Wife
301,Husband
301,Not-in-family
301,Other-relative
301,Own-child
301,Unmarried
301,Wife
41805,Husband
41805,Other-relative
41805,Own-child
41805,Wife
3040,Husband
3040,Not-in-family
3040,Other-relative
3040,Own-child
3040,Unmarried
3040,Wife
8487,Not-in-family
8487,Unmarried
23045,Husband
23045,Other-relative
23045,Own-child
23045,Wife
33565,Husband
33565,Other-relative
33565,Own-child
33565,Wife
34807,Husband
34807,Not-in-family
34807,Other-relative
34807,Own-child
34807,Unmarried
34807,Wife
4256,Husband
4256,Other-relative
4256,Own-child
4256,Wife
3761,Husband
3761,Not-in-family
3761,Other-relative
3761,Own-child
3761,Unmarried
3761,Wife
26408,Not-in-family
26408,Unmarried
20828,Husband
20828,Other-relative
20828,Own-child
20828,Wife
19016,Husband
19016,Not-in-family
19016,Other-relative
19016,Own-child
19016,Unmarried
19016,Wife
34075,Husband
34075,Other-relative
34075,Own-child
34075,Wife
10061,Husband
10061,Not-in-family
10061,Other-relative
10061,Own-child
10061,Unmarried
10061,Wife
26659,Husband
26659,Other-relative
26659,Own-child
26659,Wife
6172,Husband
6172,Not-in-family
6172,Other-relative
6172,Own-child
6172,Unmarried
6172,Wife
3746,Husband
3746,Not-in-family
3746,Other-relative
3746,Own-child
3746,Unmarried
3746,Wife
37356,Husband
37356,Not-in-family
37356,Other-relative
37356,Own-child
37356,Unmarried
37356,Wife
47364,Not-in-family
47364,Unmarried
22984,Husband
22984,Other-relative
22984,Own-child
22984,Wife
5113,Husband
5113,Not-in-family
5113,Other-relative
5113,Own-child
5113,Unmarried
5113,Wife
1934,Husband
1934,Other-relative
1934,Own-child
1934,Wife
7580,Husband
7580,Not-in-family
7580,Other-relative
7580,Own-child
7580,Unmarried
7580,Wife
17803,Husband
17803,Other-relative
17803,Own-child
17803,Wife
39760,Not-in-family
39760,Unmarried
37274,Not-in-family
37274,Unmarried
43232,Husband
43232,Other-relative
43232,Own-child
43232,Wife
2694,Husband
2694,Other-relative
2694,Own-child
2694,Wife
34534,Husband
34534,Other-relative
34534,Own-child
34534,Wife
32209,Not-in-family
32209,Unmarried
18724,Husband
18724,Other-relative
18724,Own-child
18724,Wife
16656,Husband
16656,Other-relative
16656,Own-child
16656,Wife
44528,Husband
44528,Other-relative
44528,Own-child
44528,Wife
1293,Husband
1293,Other-relative
1293,Own-child
1293,Wife
43132,Not-in-family
43132,Unmarried
35889,Husband
35889,Other-relative
35889,Own-child
35889,Wife
2663,Not-in-family
2663,Unmarried
3814,Husband
3814,Not-in-family
3814,Other-relative
3814,Own-child
3814,Unmarried
3814,Wife
44430,Husband
44430,Not-in-family
44430,Other-relative
44430,Own-child
44430,Unmarried
44430,Wife
11339,Husband
11339,Not-in-family
11339,Other-relative
11339,Own-child
11339,Unmarried
11339,Wife
28908,Not-in-family
28908,Unmarried
30756,Not-in-family
30756,Unmarried
39576,Not-in-family
39576,Unmarried
39667,Husband
39667,Not-in-family
39667,Other-relative
39667,Own-child
39667,Unmarried
39667,Wife
3697,Husband
3697,Other-relative
3697,Own-child
3697,Wife
13676,Husband
13676,Not-in-family
13676,Other-relative
13676,Own-child
13676,Unmarried
13676,Wife
9722,Not-in-family
9722,Unmarried
33578,Husband
33578,Not-in-family
33578,Other-relative
33578,Own-child
33578,Unmarried
33578,Wife
5504,Husband
5504,Not-in-family
5504,Other-relative
5504,Own-child
5504,Unmarried
5504,Wife
16356,Not-in-family
16356,Unmarried
4753,Husband
4753,Other-relative
4753,Own-child
4753,Wife
8305,Husband
8305,Not-in-family
8305,Other-relative
8305,Own-child
8305,Unmarried
8305,Wife
35497,Not-in-family
35497,Unmarried
30560,Husband
30560,Other-relative
30560,Own-child
30560,Wife
20402,Husband
20402,Not-in-family
20402,Other-relative
20402,Own-child
20402,Unmarried
20402,Wife
8186,Husband
8186,Not-in-family
8186,Other-relative
8186,Own-child
8186,Unmarried
8186,Wife
15941,Husband
15941,Not-in-family
15941,Other-relative
15941,Own-child
15941,Unmarried
15941,Wife
19539,Husband
19539,Not-in-family
19539,Other-relative
19539,Own-child
19539,Unmarried
19539,Wife
28483,Husband
28483,Not-in-family
28483,Other-relative
28483,Own-child
28483,Unmarried
28483,Wife
18946,Not-in-family
18946,Unmarried
19798,Not-in-family
19798,Unmarried
28643,Husband
28643,Not-in-family
28643,Other-relative
28643,Own-child
28643,Unmarried
28643,Wife
32708,Husband
32708,Not-in-family
32708,Other-relative
32708,Own-child
32708,Unmarried
32708,Wife
24094,Husband
24094,Not-in-family
24094,Other-relative
24094,Own-child
24094,Unmarried
24094,Wife
29370,Not-in-family
29370,Unmarried
14843,Husband
14843,Not-in-family
14843,Other-relative
14843,Own-child
14843,Unmarried
14843,Wife
27940,Husband
27940,Not-in-family
27940,Other-relative
27940,Own-child
27940,Unmarried
27940,Wife
32898,Husband
32898,Not-in-family
32898,Other-relative
32898,Own-child
32898,Unmarried
32898,Wife
33898,Not-in-family
33898,Unmarried
9684,Husband
9684,Other-relative
9684,Own-child
9684,Wife
1729,Husband
1729,Not-in-family
1729,Other-relative
1729,Own-child
1729,Unmarried
1729,Wife
42357,Husband
42357,Not-in-family
42357,Other-relative
42357,Own-child
42357,Unmarried
42357,Wife
32848,Husband
32848,Not-in-family
32848,Other-relative
32848,Own-child
32848,Unmarried
32848,Wife
5456,Husband
5456,Other-relative
5456,Own-child
5456,Wife
45611,Husband
45611,Not-in-family
45611,Other-relative
45611,Own-child
45611,Unmarried
45611,Wife
44938,Not-in-family
44938,Unmarried
2652,Husband
2652,Not-in-family
2652,Other-relative
2652,Own-child
2652,Unmarried
2652,Wife
3503,Husband
3503,Not-in-family
3503,Other-relative
3503,Own-child
3503,Unmarried
3503,Wife
4231,Husband
4231,Not-in-family
4231,Other-relative
4231,Own-child
4231,Unmarried
4231,Wife
48519,Husband
48519,Other-relative
48519,Own-child
48519,Wife
16932,Husband
16932,Not-in-family
16932,Other-relative
16932,Own-child
16932,Unmarried
16932,Wife
39405,Husband
39405,Not-in-family
39405,Other-relative
39405,Own-child
39405,Unmarried
39405,Wife
48642,Husband
48642,Not-in-family
48642,Other-relative
48642,Own-child
48642,Unmarried
48642,Wife
38422,Husband
38422,Other-relative
38422,Own-child
38422,Wife
39207,Husband
39207,Not-in-family
39207,Other-relative
39207,Own-child
39207,Unmarried
39207,Wife
16131,Husband
16131,Not-in-family
16131,Other-relative
16131,Own-child
16131,Unmarried
16131,Wife
22728,Not-in-family
22728,Unmarried
41799,Not-in-family
41799,Unmarried
22049,Husband
22049,Not-in-family
22049,Other-relative
22049,Own-child
22049,Unmarried
22049,Wife
42492,Not-in-family
42492,Unmarried
46472,Husband
46472,Not-in-family
46472,Other-relative
46472,Own-child
46472,Unmarried
46472,Wife
29136,Husband
29136,Other-relative
29136,Own-child
29136,Wife
35492,Husband
35492,Not-in-family
35492,Other-relative
35492,Own-child
35492,Unmarried
35492,Wife
19279,Not-in-family
19279,Unmarried
17205,Husband
17205,Not-in-family
17205,Other-relative
17205,Own-child
17205,Unmarried
17205,Wife
36729,Not-in-family
36729,Unmarried
41628,Husband
41628,Not-in-family
41628,Other-relative
41628,Own-child
41628,Unmarried
41628,Wife
27250,Not-in-family
27250,Unmarried
22665,Husband
22665,Not-in-family
22665,Other-relative
22665,Own-child
22665,Unmarried
22665,Wife
23884,Husband
23884,Not-in-family
23884,Other-relative
23884,Own-child
23884,Unmarried
23884,Wife
46503,Husband
46503,Not-in-family
46503,Other-relative
46503,Own-child
46503,Unmarried
46503,Wife
1278,Husband
1278,Other-relative
1278,Own-child
1278,Wife
41155,Husband
41155,Not-in-family
41155,Other-relative
41155,Own-child
41155,Unmarried
41155,Wife
20382,Husband
20382,Other-relative
20382,Own-child
20382,Wife
16686,Not-in-family
16686,Unmarried
18701,Husband
18701,Not-in-family
18701,Other-relative
18701,Own-child
18701,Unmarried
18701,Wife
24864,Not-in-family
24864,Unmarried
48836,Husband
48836,Not-in-family
48836,Other-relative
48836,Own-child
48836,Unmarried
48836,Wife
38601,Husband
38601,Not-in-family
38601,Other-relative
38601,Own-child
38601,Unmarried
38601,Wife
6749,Not-in-family
6749,Unmarried
13226,Husband
13226,Not-in-family
13226,Other-relative
13226,Own-child
13226,Unmarried
13226,Wife
2253,Husband
2253,Not-in-family
2253,Other-relative
2253,Own-child
2253,Unmarried
2253,Wife
15193,Husband
15193,Not-in-family
15193,Other-relative
15193,Own-child
15193,Unmarried
15193,Wife
906,Husband
906,Not-in-family
906,Other-relative
906,Own-child
906,Unmarried
906,Wife
47578,Husband
47578,Other-relative
47578,Own-child
47578,Wife
5715,Husband
5715,Not-in-family
5715,Other-relative
5715,Own-child
5715,Unmarried
5715,Wife
42247,Husband
42247,Other-relative
42247,Own-child
42247,Wife
39003,Husband
39003,Other-relative
39003,Own-child
39003,Wife
5013,Husband
5013,Other-relative
5013,Own-child
5013,Wife
23389,Husband
23389,Not-in-family
23389,Other-relative
23389,Own-child
23389,Unmarried
23389,Wife
25732,Husband
25732,Other-relative
25732,Own-child
25732,Wife
37062,Husband
37062,Not-in-family
37062,Other-relative
37062,Own-child
37062,Unmarried
37062,Wife
24270,Husband
24270,Not-in-family
24270,Other-relative
24270,Own-child
24270,Unmarried
24270,Wife
21360,Not-in-family
21360,Unmarried
19736,Husband
19736,Other-relative
19736,Own-child
19736,Wife
16639,Husband
16639,Not-in-family
16639,Other-relative
16639,Own-child
16639,Unmarried
16639,Wife
6237,Husband
6237,Not-in-family
6237,Other-relative
6237,Own-child
6237,Unmarried
6237,Wife
26954,Not-in-family
26954,Unmarried
6678,Not-in-family
6678,Unmarried
1825,Husband
1825,Not-in-family
1825,Other-relative
1825,Own-child
1825,Unmarried
1825,Wife
32015,Husband
32015,Not-in-family
32015,Other-relative
32015,Own-child
32015,Unmarried
32015,Wife
33719,Husband
33719,Other-relative
33719,Own-child
33719,Wife
41215,Husband
41215,Other-relative
41215,Own-child
41215,Wife
45660,Husband
45660,Not-in-family
45660,Other-relative
45660,Own-child
45660,Unmarried
45660,Wife
42301,Husband
42301,Other-relative
42301,Own-child
42301,Wife
42712,Husband
42712,Not-in-family
42712,Other-relative
42712,Own-child
42712,Unmarried
42712,Wife
8403,Not-in-family
8403,Unmarried
39492,Not-in-family
39492,Unmarried
12017,Husband
12017,Other-relative
12017,Own-child
12017,Wife
34856,Husband
34856,Not-in-family
34856,Other-relative
34856,Own-child
34856,Unmarried
34856,Wife
24409,Husband
24409,Not-in-family
24409,Other-relative
24409,Own-child
24409,Unmarried
24409,Wife
12041,Not-in-family
12041,Unmarried
46165,Not-in-family
46165,Unmarried
9729,Husband
9729,Other-relative
9729,Own-child
9729,Wife
15985,Husband
15985,Other-relative
15985,Own-child
15985,Wife
36092,Husband
36092,Not-in-family
36092,Other-relative
36092,Own-child
36092,Unmarried
36092,Wife
30709,Husband
30709,Not-in-family
30709,Other-relative
30709,Own-child
30709,Unmarried
30709,Wife
9232,Husband
9232,Not-in-family
9232,Other-relative
9232,Own-child
9232,Unmarried
9232,Wife
38997,Husband
38997,Other-relative
38997,Own-child
38997,Wife
8171,Husband
8171,Not-in-family
8171,Other-relative
8171,Own-child
8171,Unmarried
8171,Wife
21908,Husband
21908,Not-in-family
21908,Other-relative
21908,Own-child
21908,Unmarried
21908,Wife
1867,Husband
1867,Not-in-family
1867,Other-relative
1867,Own-child
1867,Unmarried
1867,Wife
985,Not-in-family
985,Unmarried
10620,Husband
10620,Other-relative
10620,Own-child
10620,Wife
46234,Husband
46234,Other-relative
46234,Own-child
46234,Wife
1298,Husband
1298,Other-relative
1298,Own-child
1298,Wife
28550,Husband
28550,Not-in-family
28550,Other-relative
28550,Own-child
28550,Unmarried
28550,Wife
19202,Husband
19202,Not-in-family
19202,Other-relative
19202,Own-child
19202,Unmarried
19202,Wife
32197,Husband
32197,Not-in-family
32197,Other-relative
32197,Own-child
32197,Unmarried
32197,Wife
28824,Husband
28824,Not-in-family
28824,Other-relative
28824,Own-child
28824,Unmarried
28824,Wife
17276,Husband
17276,Other-relative
17276,Own-child
17276,Wife
20598,Husband
20598,Other-relative
20598,Own-child
20598,Wife
48210,Husband
48210,Other-relative
48210,Own-child
48210,Wife
8889,Not-in-family
8889,Unmarried
29969,Not-in-family
29969,Unmarried
26582,Husband
26582,Other-relative
26582,Own-child
26582,Wife
21550,Husband
21550,Not-in-family
21550,Other-relative
21550,Own-child
21550,Unmarried
21550,Wife
41824,Husband
41824,Other-relative
41824,Own-child
41824,Wife
23273,Husband
23273,Other-relative
23273,Own-child
23273,Wife
13700,Husband
13700,Not-in-family
13700,Other-relative
13700,Own-child
13700,Unmarried
13700,Wife
2033,Husband
2033,Not-in-family
2033,Other-relative
2033,Own-child
2033,Unmarried
2033,Wife
37887,Husband
37887,Other-relative
37887,Own-child
37887,Wife
37032,Husband
37032,Not-in-family
37032,Other-relative
37032,Own-child
37032,Unmarried
37032,Wife
9039,Husband
9039,Not-in-family
9039,Other-relative
9039,Own-child
9039,Unmarried
9039,Wife
3469,Husband
3469,Other-relative
3469,Own-child
3469,Wife
41029,Husband
41029,Not-in-family
41029,Other-relative
41029,Own-child
41029,Unmarried
41029,Wife
17668,Husband
17668,Other-relative
17668,Own-child
17668,Wife
20360,Not-in-family
20360,Unmarried
14960,Husband
14960,Other-relative
14960,Own-child
14960,Wife
23754,Husband
23754,Other-relative
23754,Own-child
23754,Wife
31190,Husband
31190,Not-in-family
31190,Other-relative
31190,Own-child
31190,Unmarried
31190,Wife
38353,Husband
38353,Other-relative
38353,Own-child
38353,Wife
36608,Husband
36608,Other-relative
36608,Own-child
36608,Wife
7817,Not-in-family
7817,Unmarried
15711,Not-in-family
15711,Unmarried
17186,Not-in-family
17186,Unmarried
26729,Husband
26729,Not-in-family
26729,Other-relative
26729,Own-child
26729,Unmarried
26729,Wife
29432,Husband
29432,Other-relative
29432,Own-child
29432,Wife
27681,Husband
27681,Other-relative
27681,Own-child
27681,Wife
4222,Husband
4222,Not-in-family
4222,Other-relative
4222,Own-child
4222,Unmarried
4222,Wife
13262,Husband
13262,Not-in-family
13262,Other-relative
13262,Own-child
13262,Unmarried
13262,Wife
26064,Husband
26064,Other-relative
26064,Own-child
26064,Wife
45712,Husband
45712,Not-in-family
45712,Other-relative
45712,Own-child
45712,Unmarried
45712,Wife
31308,Husband
31308,Not-in-family
31308,Other-relative
31308,Own-child
31308,Unmarried
31308,Wife
5436,Husband
5436,Not-in-family
5436,Other-relative
5436,Own-child
5436,Unmarried
5436,Wife
41016,Husband
41016,Not-in-family
41016,Other-relative
41016,Own-child
41016,Unmarried
41016,Wife
43727,Husband
43727,Not-in-family
43727,Other-relative
43727,Own-child
43727,Unmarried
43727,Wife
46648,Husband
46648,Other-relative
46648,Own-child
46648,Wife
33814,Husband
33814,Other-relative
33814,Own-child
33814,Wife
43256,Husband
43256,Not-in-family
43256,Other-relative
43256,Own-child
43256,Unmarried
43256,Wife
21374,Husband
21374,Other-relative
21374,Own-child
21374,Wife
19474,Husband
19474,Other-relative
19474,Own-child
19474,Wife
26132,Not-in-family
26132,Unmarried
36984,Husband
36984,Not-in-family
36984,Other-relative
36984,Own-child
36984,Unmarried
36984,Wife
25654,Husband
25654,Not-in-family
25654,Other-relative
25654,Own-child
25654,Unmarried
25654,Wife
19000,Husband
19000,Other-relative
19000,Own-child
19000,Wife
25602,Husband
25602,Not-in-family
25602,Other-relative
25602,Own-child
25602,Unmarried
25602,Wife
9917,Husband
9917,Not-in-family
9917,Other-relative
9917,Own-child
9917,Unmarried
9917,Wife
43170,Husband
43170,Not-in-family
43170,Other-relative
43170,Own-child
43170,Unmarried
43170,Wife
22883,Husband
22883,Not-in-family
22883,Other-relative
22883,Own-child
22883,Unmarried
22883,Wife
41345,Husband
41345,Other-relative
41345,Own-child
41345,Wife
5419,Husband
5419,Other-relative
5419,Own-child
5419,Wife
39073,Husband
39073,Not-in-family
39073,Other-relative
39073,Own-child
39073,Unmarried
39073,Wife
30820,Husband
30820,Not-in-family
30820,Other-relative
30820,Own-child
30820,Unmarried
30820,Wife
37514,Husband
37514,Not-in-family
37514,Other-relative
37514,Own-child
37514,Unmarried
37514,Wife
18140,Husband
18140,Other-relative
18140,Own-child
18140,Wife
47775,Husband
47775,Not-in-family
47775,Other-relative
47775,Own-child
47775,Unmarried
47775,Wife
42275,Husband
42275,Other-relative
42275,Own-child
42275,Wife
47452,Husband
47452,Other-relative
47452,Own-child
47452,Wife
19980,Husband
19980,Not-in-family
19980,Other-relative
19980,Own-child
19980,Unmarried
19980,Wife
39490,Husband
39490,Other-relative
39490,Own-child
39490,Wife
48746,Husband
48746,Other-relative
48746,Own-child
48746,Wife
26321,Husband
26321,Other-relative
26321,Own-child
26321,Wife
12012,Husband
12012,Not-in-family
12012,Other-relative
12012,Own-child
12012,Unmarried
12012,Wife
34861,Husband
34861,Not-in-family
34861,Other-relative
34861,Own-child
34861,Unmarried
34861,Wife
31544,Husband
31544,Not-in-family
31544,Other-relative
31544,Own-child
31544,Unmarried
31544,Wife
28776,Husband
28776,Not-in-family
28776,Other-relative
28776,Own-child
28776,Unmarried
28776,Wife
47657,Not-in-family
47657,Unmarried
29597,Not-in-family
29597,Unmarried
11455,Husband
11455,Not-in-family
11455,Other-relative
11455,Own-child
11455,Unmarried
11455,Wife
5181,Husband
5181,Not-in-family
5181,Other-relative
5181,Own-child
5181,Unmarried
5181,Wife
16113,Husband
16113,Not-in-family
16113,Other-relative
16113,Own-child
16113,Unmarried
16113,Wife
23847,Not-in-family
23847,Unmarried
21675,Husband
21675,Not-in-family
21675,Other-relative
21675,Own-child
21675,Unmarried
21675,Wife
35029,Husband
35029,Other-relative
35029,Own-child
35029,Wife
16703,Husband
16703,Not-in-family
16703,Other-relative
16703,Own-child
16703,Unmarried
16703,Wife
23231,Husband
23231,Not-in-family
23231,Other-relative
23231,Own-child
23231,Unmarried
23231,Wife
45111,Husband
45111,Other-relative
45111,Own-child
45111,Wife
5810,Husband
5810,Other-relative
5810,Own-child
5810,Wife
10338,Husband
10338,Not-in-family
10338,Other-relative
10338,Own-child
10338,Unmarried
10338,Wife
18441,Husband
18441,Not-in-family
18441,Other-relative
18441,Own-child
18441,Unmarried
18441,Wife
9717,Not-in-family
9717,Unmarried
46436,Husband
46436,Other-relative
46436,Own-child
46436,Wife
29413,Husband
29413,Not-in-family
29413,Other-relative
29413,Own-child
29413,Unmarried
29413,Wife
20346,Husband
20346,Other-relative
20346,Own-child
20346,Wife
4661,Husband
4661,Other-relative
4661,Own-child
4661,Wife
9312,Not-in-family
9312,Unmarried
30199,Husband
30199,Not-in-family
30199,Other-relative
30199,Own-child
30199,Unmarried
30199,Wife
22715,Husband
22715,Not-in-family
22715,Other-relative
22715,Own-child
22715,Unmarried
22715,Wife
41204,Not-in-family
41204,Unmarried
14824,Husband
14824,Not-in-family
14824,Other-relative
14824,Own-child
14824,Unmarried
14824,Wife
38904,Husband
38904,Not-in-family
38904,Other-relative
38904,Own-child
38904,Unmarried
38904,Wife
32503,Husband
32503,Not-in-family
32503,Other-relative
32503,Own-child
32503,Unmarried
32503,Wife
18477,Husband
18477,Not-in-family
18477,Other-relative
18477,Own-child
18477,Unmarried
18477,Wife
364,Not-in-family
364,Unmarried
11251,Husband
11251,Not-in-family
11251,Other-relative
11251,Own-child
11251,Unmarried
11251,Wife
2569,Husband
2569,Other-relative
2569,Own-child
2569,Wife
2527,Husband
2527,Not-in-family
2527,Other-relative
2527,Own-child
2527,Unmarried
2527,Wife
7589,Husband
7589,Not-in-family
7589,Other-relative
7589,Own-child
7589,Unmarried
7589,Wife
33575,Husband
33575,Other-relative
33575,Own-child
33575,Wife
38022,Husband
38022,Not-in-family
38022,Other-relative
38022,Own-child
38022,Unmarried
38022,Wife
28121,Husband
28121,Not-in-family
28121,Other-relative
28121,Own-child
28121,Unmarried
28121,Wife
29562,Husband
29562,Not-in-family
29562,Other-relative
29562,Own-child
29562,Unmarried
29562,Wife
44694,Husband
44694,Other-relative
44694,Own-child
44694,Wife
24358,Husband
24358,Other-relative
24358,Own-child
24358,Wife
42351,Husband
42351,Not-in-family
42351,Other-relative
42351,Own-child
42351,Unmarried
42351,Wife
38689,Husband
38689,Not-in-family
38689,Other-relative
38689,Own-child
38689,Unmarried
38689,Wife
44899,Husband
44899,Other-relative
44899,Own-child
44899,Wife
35256,Husband
35256,Not-in-family
35256,Other-relative
35256,Own-child
35256,Unmarried
35256,Wife
48087,Not-in-family
48087,Unmarried
14840,Not-in-family
14840,Unmarried
45483,Husband
45483,Not-in-family
45483,Other-relative
45483,Own-child
45483,Unmarried
45483,Wife
6463,Husband
6463,Not-in-family
6463,Other-relative
6463,Own-child
6463,Unmarried
6463,Wife
12107,Husband
12107,Other-relative
12107,Own-child
12107,Wife
6865,Husband
6865,Not-in-family
6865,Other-relative
6865,Own-child
6865,Unmarried
6865,Wife
4668,Husband
4668,Other-relative
4668,Own-child
4668,Wife
22637,Husband
22637,Not-in-family
22637,Other-relative
22637,Own-child
22637,Unmarried
22637,Wife
13794,Husband
13794,Not-in-family
13794,Other-relative
13794,Own-child
13794,Unmarried
13794,Wife
34969,Husband
34969,Other-relative
34969,Own-child
34969,Wife
13311,Husband
13311,Other-relative
13311,Own-child
13311,Wife
88,Not-in-family
88,Unmarried
31139,Husband
31139,Other-relative
31139,Own-child
31139,Wife
41069,Husband
41069,Other-relative
41069,Own-child
41069,Wife
6290,Husband
6290,Not-in-family
6290,Other-relative
6290,Own-child
6290,Unmarried
6290,Wife
39051,Husband
39051,Not-in-family
39051,Other-relative
39051,Own-child
39051,Unmarried
39051,Wife
22533,Husband
22533,Not-in-family
22533,Other-relative
22533,Own-child
22533,Unmarried
22533,Wife
18497,Husband
18497,Other-relative
18497,Own-child
18497,Wife
28906,Not-in-family
28906,Unmarried
26077,Husband
26077,Not-in-family
26077,Other-relative
26077,Own-child
26077,Unmarried
26077,Wife
45943,Husband
45943,Not-in-family
45943,Other-relative
45943,Own-child
45943,Unmarried
45943,Wife
40888,Husband
40888,Not-in-family
40888,Other-relative
40888,Own-child
40888,Unmarried
40888,Wife
2273,Husband
2273,Other-relative
2273,Own-child
2273,Wife
32944,Husband
32944,Not-in-family
32944,Other-relative
32944,Own-child
32944,Unmarried
32944,Wife
28093,Husband
28093,Not-in-family
28093,Other-relative
28093,Own-child
28093,Unmarried
28093,Wife
31142,Husband
31142,Other-relative
31142,Own-child
31142,Wife
921,Husband
921,Not-in-family
921,Other-relative
921,Own-child
921,Unmarried
921,Wife
15807,Husband
15807,Not-in-family
15807,Other-relative
15807,Own-child
15807,Unmarried
15807,Wife
40717,Husband
40717,Other-relative
40717,Own-child
40717,Wife
4346,Husband
4346,Not-in-family
4346,Other-relative
4346,Own-child
4346,Unmarried
4346,Wife
9733,Husband
9733,Not-in-family
9733,Other-relative
9733,Own-child
9733,Unmarried
9733,Wife
42251,Husband
42251,Not-in-family
42251,Other-relative
42251,Own-child
42251,Unmarried
42251,Wife
24151,Husband
24151,Not-in-family
24151,Other-relative
24151,Own-child
24151,Unmarried
24151,Wife
2739,Husband
2739,Not-in-family
2739,Other-relative
2739,Own-child
2739,Unmarried
2739,Wife
4541,Husband
4541,Not-in-family
4541,Other-relative
4541,Own-child
4541,Unmarried
4541,Wife
14199,Not-in-family
14199,Unmarried
35138,Husband
35138,Not-in-family
35138,Other-relative
35138,Own-child
35138,Unmarried
35138,Wife
37824,Husband
37824,Not-in-family
37824,Other-relative
37824,Own-child
37824,Unmarried
37824,Wife
6969,Husband
6969,Not-in-family
6969,Other-relative
6969,Own-child
6969,Unmarried
6969,Wife
13644,Husband
13644,Other-relative
13644,Own-child
13644,Wife
31896,Husband
31896,Other-relative
31896,Own-child
31896,Wife
3448,Husband
3448,Other-relative
3448,Own-child
3448,Wife
401,Husband
401,Not-in-family
401,Other-relative
401,Own-child
401,Unmarried
401,Wife
7289,Husband
7289,Other-relative
7289,Own-child
7289,Wife
47934,Husband
47934,Other-relative
47934,Own-child
47934,Wife
24680,Husband
24680,Not-in-family
24680,Other-relative
24680,Own-child
24680,Unmarried
24680,Wife
4574,Husband
4574,Not-in-family
4574,Other-relative
4574,Own-child
4574,Unmarried
4574,Wife
38906,Not-in-family
38906,Unmarried
43792,Husband
43792,Not-in-family
43792,Other-relative
43792,Own-child
43792,Unmarried
43792,Wife
20523,Husband
20523,Not-in-family
20523,Other-relative
20523,Own-child
20523,Unmarried
20523,Wife
45438,Not-in-family
45438,Unmarried
40022,Husband
40022,Not-in-family
40022,Other-relative
40022,Own-child
40022,Unmarried
40022,Wife
29279,Husband
29279,Not-in-family
29279,Other-relative
29279,Own-child
29279,Unmarried
29279,Wife
15403,Husband
15403,Not-in-family
15403,Other-relative
15403,Own-child
15403,Unmarried
15403,Wife
44178,Husband
44178,Other-relative
44178,Own-child
44178,Wife
43649,Husband
43649,Not-in-family
43649,Other-relative
43649,Own-child
43649,Unmarried
43649,Wife
14782,Not-in-family
14782,Unmarried
43041,Not-in-family
43041,Unmarried
399,Husband
399,Other-relative
399,Own-child
399,Wife
29219,Husband
29219,Other-relative
29219,Own-child
29219,Wife
33951,Husband
33951,Other-relative
33951,Own-child
33951,Wife
19960,Not-in-family
19960,Unmarried
47833,Husband
47833,Not-in-family
47833,Other-relative
47833,Own-child
47833,Unmarried
47833,Wife
14339,Not-in-family
14339,Unmarried
31742,Husband
31742,Not-in-family
31742,Other-relative
31742,Own-child
31742,Unmarried
31742,Wife
23625,Husband
23625,Other-relative
23625,Own-child
23625,Wife
467,Husband
467,Other-relative
467,Own-child
467,Wife
4140,Husband
4140,Other-relative
4140,Own-child
4140,Wife
14743,Not-in-family
14743,Unmarried
6990,Husband
6990,Other-relative
6990,Own-child
6990,Wife
12622,Husband
12622,Not-in-family
12622,Other-relative
12622,Own-child
12622,Unmarried
12622,Wife
14761,Husband
14761,Not-in-family
14761,Other-relative
14761,Own-child
14761,Unmarried
14761,Wife
19395,Husband
19395,Not-in-family
19395,Other-relative
19395,Own-child
19395,Unmarried
19395,Wife
5713,Husband
5713,Not-in-family
5713,Other-relative
5713,Own-child
5713,Unmarried
5713,Wife
21709,Husband
21709,Not-in-family
21709,Other-relative
21709,Own-child
21709,Unmarried
21709,Wife
24536,Husband
24536,Not-in-family
24536,Other-relative
24536,Own-child
24536,Unmarried
24536,Wife
14292,Husband
14292,Not-in-family
14292,Other-relative
14292,Own-child
14292,Unmarried
14292,Wife
15448,Husband
15448,Not-in-family
15448,Other-relative
15448,Own-child
15448,Unmarried
15448,Wife
39933,Husband
39933,Other-relative
39933,Own-child
39933,Wife
35778,Husband
35778,Other-relative
35778,Own-child
35778,Wife
34120,Husband
34120,Other-relative
34120,Own-child
34120,Wife
25734,Husband
25734,Not-in-family
25734,Other-relative
25734,Own-child
25734,Unmarried
25734,Wife
3740,Husband
3740,Not-in-family
3740,Other-relative
3740,Own-child
3740,Unmarried
3740,Wife
46310,Not-in-family
46310,Unmarried
6643,Husband
6643,Not-in-family
6643,Other-relative
6643,Own-child
6643,Unmarried
6643,Wife
42007,Husband
42007,Not-in-family
42007,Other-relative
42007,Own-child
42007,Unmarried
42007,Wife
48007,Not-in-family
48007,Unmarried
35962,Husband
35962,Other-relative
35962,Own-child
35962,Wife
15068,Husband
15068,Other-relative
15068,Own-child
15068,Wife
13033,Husband
13033,Other-relative
13033,Own-child
13033,Wife
35772,Husband
35772,Other-relative
35772,Own-child
35772,Wife
13866,Husband
13866,Not-in-family
13866,Other-relative
13866,Own-child
13866,Unmarried
13866,Wife
25358,Husband
25358,Other-relative
25358,Own-child
25358,Wife
2266,Husband
2266,Other-relative
2266,Own-child
2266,Wife
20909,Not-in-family
20909,Unmarried
13367,Husband
13367,Not-in-family
13367,Other-relative
13367,Own-child
13367,Unmarried
13367,Wife
7610,Husband
7610,Other-relative
7610,Own-child
7610,Wife
40191,Not-in-family
40191,Unmarried
8475,Not-in-family
8475,Unmarried
21581,Husband
21581,Other-relative
21581,Own-child
21581,Wife
39011,Husband
39011,Other-relative
39011,Own-child
39011,Wife
15908,Husband
15908,Not-in-family
15908,Other-relative
15908,Own-child
15908,Unmarried
15908,Wife
11937,Husband
11937,Other-relative
11937,Own-child
11937,Wife
38641,Husband
38641,Not-in-family
38641,Other-relative
38641,Own-child
38641,Unmarried
38641,Wife
1285,Husband
1285,Not-in-family
1285,Other-relative
1285,Own-child
1285,Unmarried
1285,Wife
22801,Husband
22801,Not-in-family
22801,Other-relative
22801,Own-child
22801,Unmarried
22801,Wife
46093,Husband
46093,Not-in-family
46093,Other-relative
46093,Own-child
46093,Unmarried
46093,Wife
27952,Husband
27952,Other-relative
27952,Own-child
27952,Wife
34494,Not-in-family
34494,Unmarried
31397,Husband
31397,Not-in-family
31397,Other-relative
31397,Own-child
31397,Unmarried
31397,Wife
16116,Husband
16116,Not-in-family
16116,Other-relative
16116,Own-child
16116,Unmarried
16116,Wife
42640,Husband
42640,Other-relative
42640,Own-child
42640,Wife
8080,Husband
8080,Not-in-family
8080,Other-relative
8080,Own-child
8080,Unmarried
8080,Wife
10521,Husband
10521,Not-in-family
10521,Other-relative
10521,Own-child
10521,Unmarried
10521,Wife
17419,Husband
17419,Other-relative
17419,Own-child
17419,Wife
21451,Husband
21451,Not-in-family
21451,Other-relative
21451,Own-child
21451,Unmarried
21451,Wife
11359,Husband
11359,Other-relative
11359,Own-child
11359,Wife
3611,Husband
3611,Other-relative
3611,Own-child
3611,Wife
41554,Husband
41554,Not-in-family
41554,Other-relative
41554,Own-child
41554,Unmarried
41554,Wife
34782,Husband
34782,Other-relative
34782,Own-child
34782,Wife
4079,Husband
4079,Other-relative
4079,Own-child
4079,Wife
6076,Husband
6076,Not-in-family
6076,Other-relative
6076,Own-child
6076,Unmarried
6076,Wife
11625,Husband
11625,Other-relative
11625,Own-child
11625,Wife
46601,Husband
46601,Other-relative
46601,Own-child
46601,Wife
37390,Husband
37390,Not-in-family
37390,Other-relative
37390,Own-child
37390,Unmarried
37390,Wife
36202,Husband
36202,Not-in-family
36202,Other-relative
36202,Own-child
36202,Unmarried
36202,Wife
6426,Husband
6426,Not-in-family
6426,Other-relative
6426,Own-child
6426,Unmarried
6426,Wife
20472,Not-in-family
20472,Unmarried
43492,Husband
43492,Not-in-family
43492,Other-relative
43492,Own-child
43492,Unmarried
43492,Wife
31676,Husband
31676,Not-in-family
31676,Other-relative
31676,Own-child
31676,Unmarried
31676,Wife
6966,Husband
6966,Not-in-family
6966,Other-relative
6966,Own-child
6966,Unmarried
6966,Wife
38961,Not-in-family
38961,Unmarried
36925,Not-in-family
36925,Unmarried
4319,Husband
4319,Not-in-family
4319,Other-relative
4319,Own-child
4319,Unmarried
4319,Wife
22572,Not-in-family
22572,Unmarried
13443,Husband
13443,Other-relative
13443,Own-child
13443,Wife
8139,Husband
8139,Other-relative
8139,Own-child
8139,Wife
14366,Husband
14366,Other-relative
14366,Own-child
14366,Wife
22944,Husband
22944,Other-relative
22944,Own-child
22944,Wife
17719,Husband
17719,Other-relative
17719,Own-child
17719,Wife
30287,Husband
30287,Other-relative
30287,Own-child
30287,Wife
23244,Husband
23244,Other-relative
23244,Own-child
23244,Wife
15374,Husband
15374,Other-relative
15374,Own-child
15374,Wife
48321,Husband
48321,Not-in-family
48321,Other-relative
48321,Own-child
48321,Unmarried
48321,Wife
30594,Husband
30594,Other-relative
30594,Own-child
30594,Wife
45517,Husband
45517,Not-in-family
45517,Other-relative
45517,Own-child
45517,Unmarried
45517,Wife
24357,Husband
24357,Not-in-family
24357,Other-relative
24357,Own-child
24357,Unmarried
24357,Wife
21199,Husband
21199,Other-relative
21199,Own-child
21199,Wife
18078,Husband
18078,Other-relative
18078,Own-child
18078,Wife
9663,Husband
9663,Not-in-family
9663,Other-relative
9663,Own-child
9663,Unmarried
9663,Wife
11587,Husband
11587,Not-in-family
11587,Other-relative
11587,Own-child
11587,Unmarried
11587,Wife
33835,Husband
33835,Not-in-family
33835,Other-relative
33835,Own-child
33835,Unmarried
33835,Wife
9402,Husband
9402,Not-in-family
9402,Other-relative
9402,Own-child
9402,Unmarried
9402,Wife
39920,Husband
39920,Other-relative
39920,Own-child
39920,Wife
14553,Husband
14553,Not-in-family
14553,Other-relative
14553,Own-child
14553,Unmarried
14553,Wife
34502,Husband
34502,Other-relative
34502,Own-child
34502,Wife
22906,Husband
22906,Other-relative
22906,Own-child
22906,Wife
29708,Husband
29708,Other-relative
29708,Own-child
29708,Wife
23211,Husband
23211,Other-relative
23211,Own-child
23211,Wife
1089,Husband
1089,Not-in-family
1089,Other-relative
1089,Own-child
1089,Unmarried
1089,Wife
23821,Husband
23821,Other-relative
23821,Own-child
23821,Wife
30882,Husband
30882,Other-relative
30882,Own-child
30882,Wife
4328,Husband
4328,Not-in-family
4328,Other-relative
4328,Own-child
4328,Unmarried
4328,Wife
9071,Husband
9071,Other-relative
9071,Own-child
9071,Wife
21333,Husband
21333,Other-relative
21333,Own-child
21333,Wife
28732,Husband
28732,Not-in-family
28732,Other-relative
28732,Own-child
28732,Unmarried
28732,Wife
41563,Husband
41563,Other-relative
41563,Own-child
41563,Wife
19086,Not-in-family
19086,Unmarried
2644,Not-in-family
2644,Unmarried
19465,Husband
19465,Other-relative
19465,Own-child
19465,Wife
27734,Husband
27734,Other-relative
27734,Own-child
27734,Wife
26997,Husband
26997,Not-in-family
26997,Other-relative
26997,Own-child
26997,Unmarried
26997,Wife
12870,Husband
12870,Not-in-family
12870,Other-relative
12870,Own-child
12870,Unmarried
12870,Wife
25628,Not-in-family
25628,Unmarried
18536,Husband
18536,Not-in-family
18536,Other-relative
18536,Own-child
18536,Unmarried
18536,Wife
34907,Husband
34907,Other-relative
34907,Own-child
34907,Wife
15621,Husband
15621,Other-relative
15621,Own-child
15621,Wife
24587,Husband
24587,Not-in-family
24587,Other-relative
24587,Own-child
24587,Unmarried
24587,Wife
38421,Not-in-family
38421,Unmarried
38180,Husband
38180,Not-in-family
38180,Other-relative
38180,Own-child
38180,Unmarried
38180,Wife
17942,Not-in-family
17942,Unmarried
31375,Not-in-family
31375,Unmarried
15402,Not-in-family
15402,Unmarried
47069,Husband
47069,Other-relative
47069,Own-child
47069,Wife
29429,Husband
29429,Not-in-family
29429,Other-relative
29429,Own-child
29429,Unmarried
29429,Wife
8117,Husband
8117,Not-in-family
8117,Other-relative
8117,Own-child
8117,Unmarried
8117,Wife
31428,Husband
31428,Not-in-family
31428,Other-relative
31428,Own-child
31428,Unmarried
31428,Wife
23427,Husband
23427,Not-in-family
23427,Other-relative
23427,Own-child
23427,Unmarried
23427,Wife
37162,Not-in-family
37162,Unmarried
13936,Husband
13936,Not-in-family
13936,Other-relative
13936,Own-child
13936,Unmarried
13936,Wife
25142,Husband
25142,Other-relative
25142,Own-child
25142,Wife
10268,Husband
10268,Other-relative
10268,Own-child
10268,Wife
19484,Husband
19484,Not-in-family
19484,Other-relative
19484,Own-child
19484,Unmarried
19484,Wife
4358,Not-in-family
4358,Unmarried
663,Not-in-family
663,Unmarried
28031,Husband
28031,Not-in-family
28031,Other-relative
28031,Own-child
28031,Unmarried
28031,Wife
44629,Husband
44629,Not-in-family
44629,Other-relative
44629,Own-child
44629,Unmarried
44629,Wife
42770,Husband
42770,Not-in-family
42770,Other-relative
42770,Own-child
42770,Unmarried
42770,Wife
18955,Husband
18955,Not-in-family
18955,Other-relative
18955,Own-child
18955,Unmarried
18955,Wife
42113,Not-in-family
42113,Unmarried
31656,Not-in-family
31656,Unmarried
17935,Not-in-family
17935,Unmarried
1465,Husband
1465,Other-relative
1465,Own-child
1465,Wife
33900,Husband
33900,Other-relative
33900,Own-child
33900,Wife
43055,Husband
43055,Not-in-family
43055,Other-relative
43055,Own-child
43055,Unmarried
43055,Wife
45535,Husband
45535,Not-in-family
45535,Other-relative
45535,Own-child
45535,Unmarried
45535,Wife
10483,Husband
10483,Not-in-family
10483,Other-relative
10483,Own-child
10483,Unmarried
10483,Wife
7812,Husband
7812,Not-in-family
7812,Other-relative
7812,Own-child
7812,Unmarried
7812,Wife
43896,Husband
43896,Other-relative
43896,Own-child
43896,Wife
20258,Husband
20258,Other-relative
20258,Own-child
20258,Wife
5499,Not-in-family
5499,Unmarried
28774,Husband
28774,Not-in-family
28774,Other-relative
28774,Own-child
28774,Unmarried
28774,Wife
31520,Husband
31520,Not-in-family
31520,Other-relative
31520,Own-child
31520,Unmarried
31520,Wife
43817,Not-in-family
43817,Unmarried
17359,Husband
17359,Other-relative
17359,Own-child
17359,Wife
31058,Husband
31058,Other-relative
31058,Own-child
31058,Wife
23860,Husband
23860,Not-in-family
23860,Other-relative
23860,Own-child
23860,Unmarried
23860,Wife
8223,Husband
8223,Not-in-family
8223,Other-relative
8223,Own-child
8223,Unmarried
8223,Wife
44770,Husband
44770,Not-in-family
44770,Other-relative
44770,Own-child
44770,Unmarried
44770,Wife
37113,Not-in-family
37113,Unmarried
46429,Husband
46429,Other-relative
46429,Own-child
46429,Wife
24351,Not-in-family
24351,Unmarried
25681,Not-in-family
25681,Unmarried
33419,Husband
33419,Other-relative
33419,Own-child
33419,Wife
32810,Husband
32810,Other-relative
32810,Own-child
32810,Wife
8816,Husband
8816,Not-in-family
8816,Other-relative
8816,Own-child
8816,Unmarried
8816,Wife
20179,Husband
20179,Not-in-family
20179,Other-relative
20179,Own-child
20179,Unmarried
20179,Wife
33110,Husband
33110,Not-in-family
33110,Other-relative
33110,Own-child
33110,Unmarried
33110,Wife
47905,Husband
47905,Not-in-family
47905,Other-relative
47905,Own-child
47905,Unmarried
47905,Wife
4819,Husband
4819,Not-in-family
4819,Other-relative
4819,Own-child
4819,Unmarried
4819,Wife
15713,Husband
15713,Not-in-family
15713,Other-relative
15713,Own-child
15713,Unmarried
15713,Wife
14683,Husband
14683,Not-in-family
14683,Other-relative
14683,Own-child
14683,Unmarried
14683,Wife
9848,Husband
9848,Other-relative
9848,Own-child
9848,Wife
21436,Husband
21436,Other-relative
21436,Own-child
21436,Wife
9623,Husband
9623,Not-in-family
9623,Other-relative
9623,Own-child
9623,Unmarried
9623,Wife
18068,Husband
18068,Not-in-family
18068,Other-relative
18068,Own-child
18068,Unmarried
18068,Wife
28506,Husband
28506,Not-in-family
28506,Other-relative
28506,Own-child
28506,Unmarried
28506,Wife
45469,Husband
45469,Other-relative
45469,Own-child
45469,Wife
23554,Husband
23554,Not-in-family
23554,Other-relative
23554,Own-child
23554,Unmarried
23554,Wife
48238,Not-in-family
48238,Unmarried
45991,Not-in-family
45991,Unmarried
29472,Husband
29472,Other-relative
29472,Own-child
29472,Wife
43920,Husband
43920,Other-relative
43920,Own-child
43920,Wife
25485,Husband
25485,Other-relative
25485,Own-child
25485,Wife
44936,Husband
44936,Other-relative
44936,Own-child
44936,Wife
23090,Husband
23090,Not-in-family
23090,Other-relative
23090,Own-child
23090,Unmarried
23090,Wife
5287,Husband
5287,Not-in-family
5287,Other-relative
5287,Own-child
5287,Unmarried
5287,Wife
36021,Not-in-family
36021,Unmarried
1231,Not-in-family
1231,Unmarried
29081,Not-in-family
29081,Unmarried
45096,Husband
45096,Not-in-family
45096,Other-relative
45096,Own-child
45096,Unmarried
45096,Wife
37003,Husband
37003,Not-in-family
37003,Other-relative
37003,Own-child
37003,Unmarried
37003,Wife
2825,Husband
2825,Not-in-family
2825,Other-relative
2825,Own-child
2825,Unmarried
2825,Wife
11654,Husband
11654,Not-in-family
11654,Other-relative
11654,Own-child
11654,Unmarried
11654,Wife
23656,Husband
23656,Other-relative
23656,Own-child
23656,Wife
27922,Husband
27922,Other-relative
27922,Own-child
27922,Wife
47845,Not-in-family
47845,Unmarried
38559,Not-in-family
38559,Unmarried
30730,Husband
30730,Not-in-family
30730,Other-relative
30730,Own-child
30730,Unmarried
30730,Wife
39020,Husband
39020,Not-in-family
39020,Other-relative
39020,Own-child
39020,Unmarried
39020,Wife
31416,Not-in-family
31416,Unmarried
11599,Husband
11599,Other-relative
11599,Own-child
11599,Wife
3776,Not-in-family
3776,Unmarried
32692,Not-in-family
32692,Unmarried
12960,Not-in-family
12960,Unmarried
18154,Husband
18154,Not-in-family
18154,Other-relative
18154,Own-child
18154,Unmarried
18154,Wife
14684,Husband
14684,Other-relative
14684,Own-child
14684,Wife
12923,Husband
12923,Not-in-family
12923,Other-relative
12923,Own-child
12923,Unmarried
12923,Wife
15356,Husband
15356,Not-in-family
15356,Other-relative
15356,Own-child
15356,Unmarried
15356,Wife
24440,Not-in-family
24440,Unmarried
36131,Husband
36131,Not-in-family
36131,Other-relative
36131,Own-child
36131,Unmarried
36131,Wife
7833,Not-in-family
7833,Unmarried
34015,Not-in-family
34015,Unmarried
12122,Not-in-family
12122,Unmarried
36904,Husband
36904,Other-relative
36904,Own-child
36904,Wife
38970,Husband
38970,Not-in-family
38970,Other-relative
38970,Own-child
38970,Unmarried
38970,Wife
34783,Husband
34783,Not-in-family
34783,Other-relative
34783,Own-child
34783,Unmarried
34783,Wife
32963,Husband
32963,Not-in-family
32963,Other-relative
32963,Own-child
32963,Unmarried
32963,Wife
16863,Husband
16863,Not-in-family
16863,Other-relative
16863,Own-child
16863,Unmarried
16863,Wife
39047,Husband
39047,Not-in-family
39047,Other-relative
39047,Own-child
39047,Unmarried
39047,Wife
41692,Husband
41692,Not-in-family
41692,Other-relative
41692,Own-child
41692,Unmarried
41692,Wife
44651,Husband
44651,Other-relative
44651,Own-child
44651,Wife
36054,Husband
36054,Other-relative
36054,Own-child
36054,Wife
40559,Husband
40559,Other-relative
40559,Own-child
40559,Wife
21997,Not-in-family
21997,Unmarried
9889,Husband
9889,Not-in-family
9889,Other-relative
9889,Own-child
9889,Unmarried
9889,Wife
828,Not-in-family
828,Unmarried
12567,Husband
12567,Other-relative
12567,Own-child
12567,Wife
47186,Husband
47186,Not-in-family
47186,Other-relative
47186,Own-child
47186,Unmarried
47186,Wife
24584,Husband
24584,Other-relative
24584,Own-child
24584,Wife
23595,Husband
23595,Not-in-family
23595,Other-relative
23595,Own-child
23595,Unmarried
23595,Wife
24496,Husband
24496,Other-relative
24496,Own-child
24496,Wife
25221,Husband
25221,Not-in-family
25221,Other-relative
25221,Own-child
25221,Unmarried
25221,Wife
4406,Husband
4406,Other-relative
4406,Own-child
4406,Wife
31781,Husband
31781,Not-in-family
31781,Other-relative
31781,Own-child
31781,Unmarried
31781,Wife
37417,Husband
37417,Not-in-family
37417,Other-relative
37417,Own-child
37417,Unmarried
37417,Wife
45345,Husband
45345,Other-relative
45345,Own-child
45345,Wife
2830,Husband
2830,Other-relative
2830,Own-child
2830,Wife
16126,Husband
16126,Other-relative
16126,Own-child
16126,Wife
43107,Husband
43107,Other-relative
43107,Own-child
43107,Wife
23215,Husband
23215,Other-relative
23215,Own-child
23215,Wife
17527,Husband
17527,Not-in-family
17527,Other-relative
17527,Own-child
17527,Unmarried
17527,Wife
33603,Husband
33603,Other-relative
33603,Own-child
33603,Wife
20146,Not-in-family
20146,Unmarried
6776,Husband
6776,Other-relative
6776,Own-child
6776,Wife
30041,Husband
30041,Other-relative
30041,Own-child
30041,Wife
17241,Husband
17241,Not-in-family
17241,Other-relative
17241,Own-child
17241,Unmarried
17241,Wife
22063,Husband
22063,Other-relative
22063,Own-child
22063,Wife
31601,Husband
31601,Other-relative
31601,Own-child
31601,Wife
8724,Husband
8724,Other-relative
8724,Own-child
8724,Wife
6307,Husband
6307,Not-in-family
6307,Other-relative
6307,Own-child
6307,Unmarried
6307,Wife
32718,Husband
32718,Not-in-family
32718,Other-relative
32718,Own-child
32718,Unmarried
32718,Wife
27790,Husband
27790,Not-in-family
27790,Other-relative
27790,Own-child
27790,Unmarried
27790,Wife
37689,Husband
37689,Other-relative
37689,Own-child
37689,Wife
38128,Husband
38128,Not-in-family
38128,Other-relative
38128,Own-child
38128,Unmarried
38128,Wife
1407,Husband
1407,Other-relative
1407,Own-child
1407,Wife
21638,Husband
21638,Other-relative
21638,Own-child
21638,Wife
21023,Husband
21023,Not-in-family
21023,Other-relative
21023,Own-child
21023,Unmarried
21023,Wife
24699,Husband
24699,Not-in-family
24699,Other-relative
24699,Own-child
24699,Unmarried
24699,Wife
34644,Husband
34644,Not-in-family
34644,Other-relative
34644,Own-child
34644,Unmarried
34644,Wife
41694,Not-in-family
41694,Unmarried
17596,Husband
17596,Not-in-family
17596,Other-relative
17596,Own-child
17596,Unmarried
17596,Wife
24397,Husband
24397,Other-relative
24397,Own-child
24397,Wife
21732,Not-in-family
21732,Unmarried
9528,Husband
9528,Not-in-family
9528,Other-relative
9528,Own-child
9528,Unmarried
9528,Wife
29007,Not-in-family
29007,Unmarried
6126,Not-in-family
6126,Unmarried
45761,Husband
45761,Not-in-family
45761,Other-relative
45761,Own-child
45761,Unmarried
45761,Wife
28538,Not-in-family
28538,Unmarried
4865,Husband
4865,Other-relative
4865,Own-child
4865,Wife
20640,Husband
20640,Not-in-family
20640,Other-relative
20640,Own-child
20640,Unmarried
20640,Wife
27124,Husband
27124,Other-relative
27124,Own-child
27124,Wife
4784,Husband
4784,Not-in-family
4784,Other-relative
4784,Own-child
4784,Unmarried
4784,Wife
28850,Husband
28850,Other-relative
28850,Own-child
28850,Wife
16484,Husband
16484,Not-in-family
16484,Other-relative
16484,Own-child
16484,Unmarried
16484,Wife
25120,Husband
25120,Not-in-family
25120,Other-relative
25120,Own-child
25120,Unmarried
25120,Wife
18894,Husband
18894,Other-relative
18894,Own-child
18894,Wife
39657,Husband
39657,Not-in-family
39657,Other-relative
39657,Own-child
39657,Unmarried
39657,Wife
19101,Husband
19101,Not-in-family
19101,Other-relative
19101,Own-child
19101,Unmarried
19101,Wife
29170,Not-in-family
29170,Unmarried
29209,Husband
29209,Not-in-family
29209,Other-relative
29209,Own-child
29209,Unmarried
29209,Wife
23603,Husband
23603,Other-relative
23603,Own-child
23603,Wife
36571,Husband
36571,Not-in-family
36571,Other-relative
36571,Own-child
36571,Unmarried
36571,Wife
34572,Husband
34572,Other-relative
34572,Own-child
34572,Wife
46674,Husband
46674,Other-relative
46674,Own-child
46674,Wife
43776,Husband
43776,Not-in-family
43776,Other-relative
43776,Own-child
43776,Unmarried
43776,Wife
38135,Not-in-family
38135,Unmarried
36798,Husband
36798,Other-relative
36798,Own-child
36798,Wife
31688,Husband
31688,Not-in-family
31688,Other-relative
31688,Own-child
31688,Unmarried
31688,Wife
10200,Husband
10200,Not-in-family
10200,Other-relative
10200,Own-child
10200,Unmarried
10200,Wife
6170,Husband
6170,Not-in-family
6170,Other-relative
6170,Own-child
6170,Unmarried
6170,Wife
19435,Husband
19435,Not-in-family
19435,Other-relative
19435,Own-child
19435,Unmarried
19435,Wife
32328,Not-in-family
32328,Unmarried
42381,Husband
42381,Other-relative
42381,Own-child
42381,Wife
34512,Husband
34512,Not-in-family
34512,Other-relative
34512,Own-child
34512,Unmarried
34512,Wife
20520,Husband
20520,Not-in-family
20520,Other-relative
20520,Own-child
20520,Unmarried
20520,Wife
24878,Husband
24878,Other-relative
24878,Own-child
24878,Wife
15754,Husband
15754,Not-in-family
15754,Other-relative
15754,Own-child
15754,Unmarried
15754,Wife
21029,Husband
21029,Not-in-family
21029,Other-relative
21029,Own-child
21029,Unmarried
21029,Wife
2953,Husband
2953,Other-relative
2953,Own-child
2953,Wife
6580,Husband
6580,Not-in-family
6580,Other-relative
6580,Own-child
6580,Unmarried
6580,Wife
26472,Not-in-family
26472,Unmarried
5453,Not-in-family
5453,Unmarried
36197,Husband
36197,Other-relative
36197,Own-child
36197,Wife
1531,Husband
1531,Other-relative
1531,Own-child
1531,Wife
48252,Not-in-family
48252,Unmarried
29140,Husband
29140,Not-in-family
29140,Other-relative
29140,Own-child
29140,Unmarried
29140,Wife
32268,Husband
32268,Not-in-family
32268,Other-relative
32268,Own-child
32268,Unmarried
32268,Wife
19563,Husband
19563,Not-in-family
19563,Other-relative
19563,Own-child
19563,Unmarried
19563,Wife
7597,Husband
7597,Not-in-family
7597,Other-relative
7597,Own-child
7597,Unmarried
7597,Wife
47834,Not-in-family
47834,Unmarried
31802,Husband
31802,Not-in-family
31802,Other-relative
31802,Own-child
31802,Unmarried
31802,Wife
29851,Husband
29851,Other-relative
29851,Own-child
29851,Wife
9338,Husband
9338,Other-relative
9338,Own-child
9338,Wife
32132,Husband
32132,Not-in-family
32132,Other-relative
32132,Own-child
32132,Unmarried
32132,Wife
40261,Husband
40261,Not-in-family
40261,Other-relative
40261,Own-child
40261,Unmarried
40261,Wife
25033,Husband
25033,Not-in-family
25033,Other-relative
25033,Own-child
25033,Unmarried
25033,Wife
29338,Husband
29338,Not-in-family
29338,Other-relative
29338,Own-child
29338,Unmarried
29338,Wife
33478,Husband
33478,Not-in-family
33478,Other-relative
33478,Own-child
33478,Unmarried
33478,Wife
2320,Not-in-family
2320,Unmarried
13254,Husband
13254,Not-in-family
13254,Other-relative
13254,Own-child
13254,Unmarried
13254,Wife
16040,Husband
16040,Not-in-family
16040,Other-relative
16040,Own-child
16040,Unmarried
16040,Wife
36055,Husband
36055,Not-in-family
36055,Other-relative
36055,Own-child
36055,Unmarried
36055,Wife
37427,Husband
37427,Not-in-family
37427,Other-relative
37427,Own-child
37427,Unmarried
37427,Wife
45078,Husband
45078,Not-in-family
45078,Other-relative
45078,Own-child
45078,Unmarried
45078,Wife
8877,Not-in-family
8877,Unmarried
2022,Husband
2022,Other-relative
2022,Own-child
2022,Wife
37849,Not-in-family
37849,Unmarried
29713,Husband
29713,Not-in-family
29713,Other-relative
29713,Own-child
29713,Unmarried
29713,Wife
26965,Husband
26965,Other-relative
26965,Own-child
26965,Wife
39272,Not-in-family
39272,Unmarried
44143,Husband
44143,Not-in-family
44143,Other-relative
44143,Own-child
44143,Unmarried
44143,Wife
24911,Husband
24911,Not-in-family
24911,Other-relative
24911,Own-child
24911,Unmarried
24911,Wife
45816,Husband
45816,Not-in-family
45816,Other-relative
45816,Own-child
45816,Unmarried
45816,Wife
10922,Husband
10922,Not-in-family
10922,Other-relative
10922,Own-child
10922,Unmarried
10922,Wife
40427,Husband
40427,Not-in-family
40427,Other-relative
40427,Own-child
40427,Unmarried
40427,Wife
48277,Not-in-family
48277,Unmarried
21785,Husband
21785,Other-relative
21785,Own-child
21785,Wife
18781,Husband
18781,Not-in-family
18781,Other-relative
18781,Own-child
18781,Unmarried
18781,Wife
642,Husband
642,Other-relative
642,Own-child
642,Wife
27769,Husband
27769,Not-in-family
27769,Other-relative
27769,Own-child
27769,Unmarried
27769,Wife
27715,Husband
27715,Not-in-family
27715,Other-relative
27715,Own-child
27715,Unmarried
27715,Wife
16961,Husband
16961,Other-relative
16961,Own-child
16961,Wife
46161,Not-in-family
46161,Unmarried
37000,Not-in-family
37000,Unmarried
31581,Husband
31581,Not-in-family
31581,Other-relative
31581,Own-child
31581,Unmarried
31581,Wife
48583,Husband
48583,Not-in-family
48583,Other-relative
48583,Own-child
48583,Unmarried
48583,Wife
20310,Husband
20310,Other-relative
20310,Own-child
20310,Wife
9034,Husband
9034,Not-in-family
9034,Other-relative
9034,Own-child
9034,Unmarried
9034,Wife
2200,Husband
2200,Not-in-family
2200,Other-relative
2200,Own-child
2200,Unmarried
2200,Wife
32713,Husband
32713,Not-in-family
32713,Other-relative
32713,Own-child
32713,Unmarried
32713,Wife
29154,Not-in-family
29154,Unmarried
6977,Husband
6977,Not-in-family
6977,Other-relative
6977,Own-child
6977,Unmarried
6977,Wife
38141,Husband
38141,Not-in-family
38141,Other-relative
38141,Own-child
38141,Unmarried
38141,Wife
13382,Husband
13382,Not-in-family
13382,Other-relative
13382,Own-child
13382,Unmarried
13382,Wife
17255,Not-in-family
17255,Unmarried
34892,Not-in-family
34892,Unmarried
47588,Not-in-family
47588,Unmarried
12703,Husband
12703,Other-relative
12703,Own-child
12703,Wife
8197,Husband
8197,Other-relative
8197,Own-child
8197,Wife
45220,Husband
45220,Other-relative
45220,Own-child
45220,Wife
11190,Husband
11190,Other-relative
11190,Own-child
11190,Wife
39363,Not-in-family
39363,Unmarried
27087,Not-in-family
27087,Unmarried
24941,Not-in-family
24941,Unmarried
29085,Husband
29085,Not-in-family
29085,Other-relative
29085,Own-child
29085,Unmarried
29085,Wife
27561,Not-in-family
27561,Unmarried
9546,Husband
9546,Not-in-family
9546,Other-relative
9546,Own-child
9546,Unmarried
9546,Wife
40533,Husband
40533,Not-in-family
40533,Other-relative
40533,Own-child
40533,Unmarried
40533,Wife
8133,Husband
8133,Not-in-family
8133,Other-relative
8133,Own-child
8133,Unmarried
8133,Wife
30109,Not-in-family
30109,Unmarried
35164,Husband
35164,Not-in-family
35164,Other-relative
35164,Own-child
35164,Unmarried
35164,Wife
25051,Husband
25051,Not-in-family
25051,Other-relative
25051,Own-child
25051,Unmarried
25051,Wife
30243,Husband
30243,Not-in-family
30243,Other-relative
30243,Own-child
30243,Unmarried
30243,Wife
30848,Husband
30848,Other-relative
30848,Own-child
30848,Wife
44881,Not-in-family
44881,Unmarried
5867,Husband
5867,Not-in-family
5867,Other-relative
5867,Own-child
5867,Unmarried
5867,Wife
287,Husband
287,Not-in-family
287,Other-relative
287,Own-child
287,Unmarried
287,Wife
34315,Husband
34315,Not-in-family
34315,Other-relative
34315,Own-child
34315,Unmarried
34315,Wife
39678,Husband
39678,Not-in-family
39678,Other-relative
39678,Own-child
39678,Unmarried
39678,Wife
37473,Not-in-family
37473,Unmarried
28884,Husband
28884,Not-in-family
28884,Other-relative
28884,Own-child
28884,Unmarried
28884,Wife
16062,Husband
16062,Not-in-family
16062,Other-relative
16062,Own-child
16062,Unmarried
16062,Wife
41442,Husband
41442,Other-relative
41442,Own-child
41442,Wife
7404,Husband
7404,Not-in-family
7404,Other-relative
7404,Own-child
7404,Unmarried
7404,Wife
2248,Husband
2248,Other-relative
2248,Own-child
2248,Wife
40753,Husband
40753,Other-relative
40753,Own-child
40753,Wife
46911,Husband
46911,Other-relative
46911,Own-child
46911,Wife
41710,Husband
41710,Not-in-family
41710,Other-relative
41710,Own-child
41710,Unmarried
41710,Wife
17681,Husband
17681,Not-in-family
17681,Other-relative
17681,Own-child
17681,Unmarried
17681,Wife
12884,Husband
12884,Other-relative
12884,Own-child
12884,Wife
15058,Husband
15058,Other-relative
15058,Own-child
15058,Wife
12435,Husband
12435,Other-relative
12435,Own-child
12435,Wife
8369,Husband
8369,Other-relative
8369,Own-child
8369,Wife
1750,Husband
1750,Not-in-family
1750,Other-relative
1750,Own-child
1750,Unmarried
1750,Wife
2562,Husband
2562,Not-in-family
2562,Other-relative
2562,Own-child
2562,Unmarried
2562,Wife
108,Not-in-family
108,Unmarried
9861,Husband
9861,Not-in-family
9861,Other-relative
9861,Own-child
9861,Unmarried
9861,Wife
9868,Husband
9868,Other-relative
9868,Own-child
9868,Wife
29182,Husband
29182,Not-in-family
29182,Other-relative
29182,Own-child
29182,Unmarried
29182,Wife
22120,Not-in-family
22120,Unmarried
664,Husband
664,Not-in-family
664,Other-relative
664,Own-child
664,Unmarried
664,Wife
27471,Husband
27471,Other-relative
27471,Own-child
27471,Wife
48304,Husband
48304,Not-in-family
48304,Other-relative
48304,Own-child
48304,Unmarried
48304,Wife
12581,Not-in-family
12581,Unmarried
8051,Husband
8051,Not-in-family
8051,Other-relative
8051,Own-child
8051,Unmarried
8051,Wife
27356,Husband
27356,Other-relative
27356,Own-child
27356,Wife
28284,Not-in-family
28284,Unmarried
38532,Husband
38532,Not-in-family
38532,Other-relative
38532,Own-child
38532,Unmarried
38532,Wife
36924,Husband
36924,Not-in-family
36924,Other-relative
36924,Own-child
36924,Unmarried
36924,Wife
41456,Husband
41456,Not-in-family
41456,Other-relative
41456,Own-child
41456,Unmarried
41456,Wife
3571,Husband
3571,Not-in-family
3571,Other-relative
3571,Own-child
3571,Unmarried
3571,Wife
3927,Husband
3927,Not-in-family
3927,Other-relative
3927,Own-child
3927,Unmarried
3927,Wife
41881,Husband
41881,Other-relative
41881,Own-child
41881,Wife
47898,Husband
47898,Not-in-family
47898,Other-relative
47898,Own-child
47898,Unmarried
47898,Wife
41220,Not-in-family
41220,Unmarried
48019,Husband
48019,Not-in-family
48019,Other-relative
48019,Own-child
48019,Unmarried
48019,Wife
47623,Husband
47623,Not-in-family
47623,Other-relative
47623,Own-child
47623,Unmarried
47623,Wife
47042,Husband
47042,Other-relative
47042,Own-child
47042,Wife
11271,Not-in-family
11271,Unmarried
42154,Husband
42154,Other-relative
42154,Own-child
42154,Wife
10575,Husband
10575,Not-in-family
10575,Other-relative
10575,Own-child
10575,Unmarried
10575,Wife
45854,Husband
45854,Not-in-family
45854,Other-relative
45854,Own-child
45854,Unmarried
45854,Wife
6982,Not-in-family
6982,Unmarried
29917,Husband
29917,Not-in-family
29917,Other-relative
29917,Own-child
29917,Unmarried
29917,Wife
39964,Husband
39964,Not-in-family
39964,Other-relative
39964,Own-child
39964,Unmarried
39964,Wife
11716,Husband
11716,Not-in-family
11716,Other-relative
11716,Own-child
11716,Unmarried
11716,Wife
41540,Not-in-family
41540,Unmarried
13944,Husband
13944,Not-in-family
13944,Other-relative
13944,Own-child
13944,Unmarried
13944,Wife
34885,Husband
34885,Other-relative
34885,Own-child
34885,Wife
30019,Husband
30019,Not-in-family
30019,Other-relative
30019,Own-child
30019,Unmarried
30019,Wife
31383,Husband
31383,Other-relative
31383,Own-child
31383,Wife
29417,Husband
29417,Other-relative
29417,Own-child
29417,Wife
6220,Husband
6220,Other-relative
6220,Own-child
6220,Wife
43985,Husband
43985,Other-relative
43985,Own-child
43985,Wife
31252,Husband
31252,Not-in-family
31252,Other-relative
31252,Own-child
31252,Unmarried
31252,Wife
46203,Husband
46203,Not-in-family
46203,Other-relative
46203,Own-child
46203,Unmarried
46203,Wife
30396,Husband
30396,Other-relative
30396,Own-child
30396,Wife
44586,Husband
44586,Not-in-family
44586,Other-relative
44586,Own-child
44586,Unmarried
44586,Wife
47129,Husband
47129,Other-relative
47129,Own-child
47129,Wife
34262,Husband
34262,Other-relative
34262,Own-child
34262,Wife
27330,Husband
27330,Other-relative
27330,Own-child
27330,Wife
37479,Husband
37479,Not-in-family
37479,Other-relative
37479,Own-child
37479,Unmarried
37479,Wife
732,Husband
732,Not-in-family
732,Other-relative
732,Own-child
732,Unmarried
732,Wife
11802,Husband
11802,Other-relative
11802,Own-child
11802,Wife
45518,Husband
45518,Not-in-family
45518,Other-relative
45518,Own-child
45518,Unmarried
45518,Wife
31293,Husband
31293,Not-in-family
31293,Other-relative
31293,Own-child
31293,Unmarried
31293,Wife
21696,Husband
21696,Other-relative
21696,Own-child
21696,Wife
44704,Husband
44704,Not-in-family
44704,Other-relative
44704,Own-child
44704,Unmarried
44704,Wife
9637,Not-in-family
9637,Unmarried
2089,Husband
2089,Not-in-family
2089,Other-relative
2089,Own-child
2089,Unmarried
2089,Wife
1330,Husband
1330,Other-relative
1330,Own-child
1330,Wife
5719,Husband
5719,Not-in-family
5719,Other-relative
5719,Own-child
5719,Unmarried
5719,Wife
14752,Not-in-family
14752,Unmarried
39224,Husband
39224,Not-in-family
39224,Other-relative
39224,Own-child
39224,Unmarried
39224,Wife
6818,Husband
6818,Other-relative
6818,Own-child
6818,Wife
33382,Not-in-family
33382,Unmarried
45118,Not-in-family
45118,Unmarried
43221,Husband
43221,Not-in-family
43221,Other-relative
43221,Own-child
43221,Unmarried
43221,Wife
9501,Husband
9501,Not-in-family
9501,Other-relative
9501,Own-child
9501,Unmarried
9501,Wife
3720,Husband
3720,Not-in-family
3720,Other-relative
3720,Own-child
3720,Unmarried
3720,Wife
44083,Husband
44083,Other-relative
44083,Own-child
44083,Wife
46058,Not-in-family
46058,Unmarried
3475,Husband
3475,Not-in-family
3475,Other-relative
3475,Own-child
3475,Unmarried
3475,Wife
32222,Husband
32222,Not-in-family
32222,Other-relative
32222,Own-child
32222,Unmarried
32222,Wife
17702,Husband
17702,Not-in-family
17702,Other-relative
17702,Own-child
17702,Unmarried
17702,Wife
45625,Husband
45625,Not-in-family
45625,Other-relative
45625,Own-child
45625,Unmarried
45625,Wife
33591,Husband
33591,Other-relative
33591,Own-child
33591,Wife
26774,Husband
26774,Not-in-family
26774,Other-relative
26774,Own-child
26774,Unmarried
26774,Wife
6560,Husband
6560,Not-in-family
6560,Other-relative
6560,Own-child
6560,Unmarried
6560,Wife
9779,Husband
9779,Not-in-family
9779,Other-relative
9779,Own-child
9779,Unmarried
9779,Wife
27454,Husband
27454,Other-relative
27454,Own-child
27454,Wife
39374,Husband
39374,Not-in-family
39374,Other-relative
39374,Own-child
39374,Unmarried
39374,Wife
5380,Husband
5380,Not-in-family
5380,Other-relative
5380,Own-child
5380,Unmarried
5380,Wife
40788,Husband
40788,Not-in-family
40788,Other-relative
40788,Own-child
40788,Unmarried
40788,Wife
22774,Husband
22774,Other-relative
22774,Own-child
22774,Wife
39568,Not-in-family
39568,Unmarried
27489,Husband
27489,Other-relative
27489,Own-child
27489,Wife
47372,Husband
47372,Other-relative
47372,Own-child
47372,Wife
19893,Husband
19893,Other-relative
19893,Own-child
19893,Wife
4416,Husband
4416,Not-in-family
4416,Other-relative
4416,Own-child
4416,Unmarried
4416,Wife
3002,Not-in-family
3002,Unmarried
25547,Husband
25547,Other-relative
25547,Own-child
25547,Wife
32041,Husband
32041,Other-relative
32041,Own-child
32041,Wife
23696,Husband
23696,Other-relative
23696,Own-child
23696,Wife
45140,Husband
45140,Not-in-family
45140,Other-relative
45140,Own-child
45140,Unmarried
45140,Wife
46130,Husband
46130,Not-in-family
46130,Other-relative
46130,Own-child
46130,Unmarried
46130,Wife
21794,Husband
21794,Other-relative
21794,Own-child
21794,Wife
40652,Not-in-family
40652,Unmarried
21729,Husband
21729,Not-in-family
21729,Other-relative
21729,Own-child
21729,Unmarried
21729,Wife
27173,Husband
27173,Not-in-family
27173,Other-relative
27173,Own-child
27173,Unmarried
27173,Wife
26710,Husband
26710,Not-in-family
26710,Other-relative
26710,Own-child
26710,Unmarried
26710,Wife
27316,Husband
27316,Not-in-family
27316,Other-relative
27316,Own-child
27316,Unmarried
27316,Wife
12003,Husband
12003,Other-relative
12003,Own-child
12003,Wife
41654,Husband
41654,Not-in-family
41654,Other-relative
41654,Own-child
41654,Unmarried
41654,Wife
3586,Not-in-family
3586,Unmarried
30252,Husband
30252,Not-in-family
30252,Other-relative
30252,Own-child
30252,Unmarried
30252,Wife
3257,Husband
3257,Other-relative
3257,Own-child
3257,Wife
6027,Husband
6027,Not-in-family
6027,Other-relative
6027,Own-child
6027,Unmarried
6027,Wife
43859,Husband
43859,Not-in-family
43859,Other-relative
43859,Own-child
43859,Unmarried
43859,Wife
41478,Husband
41478,Other-relative
41478,Own-child
41478,Wife
5125,Husband
5125,Not-in-family
5125,Other-relative
5125,Own-child
5125,Unmarried
5125,Wife
5161,Husband
5161,Other-relative
5161,Own-child
5161,Wife
17357,Husband
17357,Other-relative
17357,Own-child
17357,Wife
33945,Husband
33945,Not-in-family
33945,Other-relative
33945,Own-child
33945,Unmarried
33945,Wife
27014,Husband
27014,Not-in-family
27014,Other-relative
27014,Own-child
27014,Unmarried
27014,Wife
32081,Husband
32081,Not-in-family
32081,Other-relative
32081,Own-child
32081,Unmarried
32081,Wife
3584,Not-in-family
3584,Unmarried
42667,Not-in-family
42667,Unmarried
10418,Husband
10418,Not-in-family
10418,Other-relative
10418,Own-child
10418,Unmarried
10418,Wife
25640,Husband
25640,Not-in-family
25640,Other-relative
25640,Own-child
25640,Unmarried
25640,Wife
18208,Husband
18208,Other-relative
18208,Own-child
18208,Wife
34833,Husband
34833,Not-in-family
34833,Other-relative
34833,Own-child
34833,Unmarried
34833,Wife
11840,Husband
11840,Not-in-family
11840,Other-relative
11840,Own-child
11840,Unmarried
11840,Wife
404,Husband
404,Other-relative
404,Own-child
404,Wife
39474,Husband
39474,Not-in-family
39474,Other-relative
39474,Own-child
39474,Unmarried
39474,Wife
38058,Husband
38058,Not-in-family
38058,Other-relative
38058,Own-child
38058,Unmarried
38058,Wife
14809,Not-in-family
14809,Unmarried
101,Husband
101,Not-in-family
101,Other-relative
101,Own-child
101,Unmarried
101,Wife
40269,Not-in-family
40269,Unmarried
6501,Husband
6501,Not-in-family
6501,Other-relative
6501,Own-child
6501,Unmarried
6501,Wife
42527,Not-in-family
42527,Unmarried
29957,Husband
29957,Other-relative
29957,Own-child
29957,Wife
6706,Husband
6706,Not-in-family
6706,Other-relative
6706,Own-child
6706,Unmarried
6706,Wife
7583,Husband
7583,Other-relative
7583,Own-child
7583,Wife
26885,Not-in-family
26885,Unmarried
2921,Husband
2921,Other-relative
2921,Own-child
2921,Wife
20427,Husband
20427,Other-relative
20427,Own-child
20427,Wife
36122,Husband
36122,Other-relative
36122,Own-child
36122,Wife
8165,Husband
8165,Not-in-family
8165,Other-relative
8165,Own-child
8165,Unmarried
8165,Wife
10572,Husband
10572,Other-relative
10572,Own-child
10572,Wife
14800,Husband
14800,Other-relative
14800,Own-child
14800,Wife
25933,Husband
25933,Other-relative
25933,Own-child
25933,Wife
46404,Husband
46404,Not-in-family
46404,Other-relative
46404,Own-child
46404,Unmarried
46404,Wife
34165,Not-in-family
34165,Unmarried
36592,Husband
36592,Not-in-family
36592,Other-relative
36592,Own-child
36592,Unmarried
36592,Wife
27163,Husband
27163,Not-in-family
27163,Other-relative
27163,Own-child
27163,Unmarried
27163,Wife
29080,Husband
29080,Not-in-family
29080,Other-relative
29080,Own-child
29080,Unmarried
29080,Wife
42147,Husband
42147,Other-relative
42147,Own-child
42147,Wife
17097,Husband
17097,Not-in-family
17097,Other-relative
17097,Own-child
17097,Unmarried
17097,Wife
36032,Husband
36032,Not-in-family
36032,Other-relative
36032,Own-child
36032,Unmarried
36032,Wife
37176,Husband
37176,Not-in-family
37176,Other-relative
37176,Own-child
37176,Unmarried
37176,Wife
44429,Husband
44429,Other-relative
44429,Own-child
44429,Wife
14845,Husband
14845,Other-relative
14845,Own-child
14845,Wife
40203,Husband
40203,Not-in-family
40203,Other-relative
40203,Own-child
40203,Unmarried
40203,Wife
28994,Husband
28994,Not-in-family
28994,Other-relative
28994,Own-child
28994,Unmarried
28994,Wife
25722,Husband
25722,Other-relative
25722,Own-child
25722,Wife
14825,Not-in-family
14825,Unmarried
33647,Husband
33647,Not-in-family
33647,Other-relative
33647,Own-child
33647,Unmarried
33647,Wife
5827,Husband
5827,Other-relative
5827,Own-child
5827,Wife
17991,Husband
17991,Not-in-family
17991,Other-relative
17991,Own-child
17991,Unmarried
17991,Wife
27271,Husband
27271,Not-in-family
27271,Other-relative
27271,Own-child
27271,Unmarried
27271,Wife
22970,Husband
22970,Not-in-family
22970,Other-relative
22970,Own-child
22970,Unmarried
22970,Wife
8019,Husband
8019,Other-relative
8019,Own-child
8019,Wife
48773,Husband
48773,Other-relative
48773,Own-child
48773,Wife
6266,Husband
6266,Not-in-family
6266,Other-relative
6266,Own-child
6266,Unmarried
6266,Wife
14623,Husband
14623,Not-in-family
14623,Other-relative
14623,Own-child
14623,Unmarried
14623,Wife
23503,Husband
23503,Other-relative
23503,Own-child
23503,Wife
28532,Husband
28532,Not-in-family
28532,Other-relative
28532,Own-child
28532,Unmarried
28532,Wife
20562,Husband
20562,Other-relative
20562,Own-child
20562,Wife
4351,Husband
4351,Not-in-family
4351,Other-relative
4351,Own-child
4351,Unmarried
4351,Wife
39706,Husband
39706,Other-relative
39706,Own-child
39706,Wife
68,Husband
68,Not-in-family
68,Other-relative
68,Own-child
68,Unmarried
68,Wife
14971,Husband
14971,Not-in-family
14971,Other-relative
14971,Own-child
14971,Unmarried
14971,Wife
1506,Husband
1506,Other-relative
1506,Own-child
1506,Wife
37513,Husband
37513,Other-relative
37513,Own-child
37513,Wife
17804,Husband
17804,Other-relative
17804,Own-child
17804,Wife
41265,Husband
41265,Other-relative
41265,Own-child
41265,Wife
23778,Husband
23778,Not-in-family
23778,Other-relative
23778,Own-child
23778,Unmarried
23778,Wife
43123,Husband
43123,Not-in-family
43123,Other-relative
43123,Own-child
43123,Unmarried
43123,Wife
21779,Husband
21779,Other-relative
21779,Own-child
21779,Wife
5485,Not-in-family
5485,Unmarried
48540,Husband
48540,Other-relative
48540,Own-child
48540,Wife
33316,Husband
33316,Not-in-family
33316,Other-relative
33316,Own-child
33316,Unmarried
33316,Wife
2902,Husband
2902,Other-relative
2902,Own-child
2902,Wife
33709,Husband
33709,Other-relative
33709,Own-child
33709,Wife
5403,Husband
5403,Not-in-family
5403,Other-relative
5403,Own-child
5403,Unmarried
5403,Wife
12099,Husband
12099,Other-relative
12099,Own-child
12099,Wife
2917,Husband
2917,Not-in-family
2917,Other-relative
2917,Own-child
2917,Unmarried
2917,Wife
39594,Husband
39594,Not-in-family
39594,Other-relative
39594,Own-child
39594,Unmarried
39594,Wife
1143,Husband
1143,Not-in-family
1143,Other-relative
1143,Own-child
1143,Unmarried
1143,Wife
11835,Not-in-family
11835,Unmarried
29115,Not-in-family
29115,Unmarried
30683,Husband
30683,Not-in-family
30683,Other-relative
30683,Own-child
30683,Unmarried
30683,Wife
23789,Husband
23789,Not-in-family
23789,Other-relative
23789,Own-child
23789,Unmarried
23789,Wife
2561,Not-in-family
2561,Unmarried
38268,Husband
38268,Not-in-family
38268,Other-relative
38268,Own-child
38268,Unmarried
38268,Wife
9173,Husband
9173,Not-in-family
9173,Other-relative
9173,Own-child
9173,Unmarried
9173,Wife
20605,Husband
20605,Other-relative
20605,Own-child
20605,Wife
39520,Husband
39520,Other-relative
39520,Own-child
39520,Wife
42990,Husband
42990,Other-relative
42990,Own-child
42990,Wife
17613,Not-in-family
17613,Unmarried
41429,Husband
41429,Not-in-family
41429,Other-relative
41429,Own-child
41429,Unmarried
41429,Wife
45813,Not-in-family
45813,Unmarried
25644,Husband
25644,Not-in-family
25644,Other-relative
25644,Own-child
25644,Unmarried
25644,Wife
8602,Husband
8602,Not-in-family
8602,Other-relative
8602,Own-child
8602,Unmarried
8602,Wife
12971,Husband
12971,Other-relative
12971,Own-child
12971,Wife
27063,Husband
27063,Other-relative
27063,Own-child
27063,Wife
32839,Husband
32839,Not-in-family
32839,Other-relative
32839,Own-child
32839,Unmarried
32839,Wife
980,Not-in-family
980,Unmarried
46024,Husband
46024,Not-in-family
46024,Other-relative
46024,Own-child
46024,Unmarried
46024,Wife
39447,Not-in-family
39447,Unmarried
44814,Husband
44814,Not-in-family
44814,Other-relative
44814,Own-child
44814,Unmarried
44814,Wife
2021,Not-in-family
2021,Unmarried
19625,Husband
19625,Other-relative
19625,Own-child
19625,Wife
9086,Not-in-family
9086,Unmarried
22279,Husband
22279,Other-relative
22279,Own-child
22279,Wife
32745,Husband
32745,Not-in-family
32745,Other-relative
32745,Own-child
32745,Unmarried
32745,Wife
28340,Husband
28340,Not-in-family
28340,Other-relative
28340,Own-child
28340,Unmarried
28340,Wife
15839,Husband
15839,Other-relative
15839,Own-child
15839,Wife
19951,Husband
19951,Not-in-family
19951,Other-relative
19951,Own-child
19951,Unmarried
19951,Wife
12239,Husband
12239,Other-relative
12239,Own-child
12239,Wife
27002,Husband
27002,Other-relative
27002,Own-child
27002,Wife
29650,Husband
29650,Not-in-family
29650,Other-relative
29650,Own-child
29650,Unmarried
29650,Wife
1020,Not-in-family
1020,Unmarried
25157,Husband
25157,Not-in-family
25157,Other-relative
25157,Own-child
25157,Unmarried
25157,Wife
10519,Husband
10519,Other-relative
10519,Own-child
10519,Wife
30853,Husband
30853,Other-relative
30853,Own-child
30853,Wife
18143,Husband
18143,Other-relative
18143,Own-child
18143,Wife
5895,Husband
5895,Other-relative
5895,Own-child
5895,Wife
30234,Husband
30234,Not-in-family
30234,Other-relative
30234,Own-child
30234,Unmarried
30234,Wife
804,Husband
804,Other-relative
804,Own-child
804,Wife
11960,Husband
11960,Not-in-family
11960,Other-relative
11960,Own-child
11960,Unmarried
11960,Wife
30067,Not-in-family
30067,Unmarried
8245,Husband
8245,Other-relative
8245,Own-child
8245,Wife
36011,Husband
36011,Other-relative
36011,Own-child
36011,Wife
42495,Not-in-family
42495,Unmarried
45331,Husband
45331,Not-in-family
45331,Other-relative
45331,Own-child
45331,Unmarried
45331,Wife
47771,Husband
47771,Other-relative
47771,Own-child
47771,Wife
41476,Husband
41476,Other-relative
41476,Own-child
41476,Wife
13222,Husband
13222,Not-in-family
13222,Other-relative
13222,Own-child
13222,Unmarried
13222,Wife
25271,Husband
25271,Other-relative
25271,Own-child
25271,Wife
35337,Husband
35337,Not-in-family
35337,Other-relative
35337,Own-child
35337,Unmarried
35337,Wife
10279,Husband
10279,Not-in-family
10279,Other-relative
10279,Own-child
10279,Unmarried
10279,Wife
22607,Husband
22607,Other-relative
22607,Own-child
22607,Wife
13018,Husband
13018,Other-relative
13018,Own-child
13018,Wife
25879,Husband
25879,Other-relative
25879,Own-child
25879,Wife
36164,Not-in-family
36164,Unmarried
47211,Husband
47211,Not-in-family
47211,Other-relative
47211,Own-child
47211,Unmarried
47211,Wife
16377,Not-in-family
16377,Unmarried
10926,Not-in-family
10926,Unmarried
41047,Husband
41047,Other-relative
41047,Own-child
41047,Wife
34617,Husband
34617,Other-relative
34617,Own-child
34617,Wife
27719,Husband
27719,Other-relative
27719,Own-child
27719,Wife
5103,Husband
5103,Not-in-family
5103,Other-relative
5103,Own-child
5103,Unmarried
5103,Wife
2388,Husband
2388,Other-relative
2388,Own-child
2388,Wife
41885,Husband
41885,Not-in-family
41885,Other-relative
41885,Own-child
41885,Unmarried
41885,Wife
29934,Husband
29934,Other-relative
29934,Own-child
29934,Wife
9894,Husband
9894,Not-in-family
9894,Other-relative
9894,Own-child
9894,Unmarried
9894,Wife
27950,Not-in-family
27950,Unmarried
41118,Husband
41118,Not-in-family
41118,Other-relative
41118,Own-child
41118,Unmarried
41118,Wife
27174,Husband
27174,Other-relative
27174,Own-child
27174,Wife
6785,Husband
6785,Other-relative
6785,Own-child
6785,Wife
1128,Husband
1128,Not-in-family
1128,Other-relative
1128,Own-child
1128,Unmarried
1128,Wife
34897,Husband
34897,Other-relative
34897,Own-child
34897,Wife
26478,Husband
26478,Other-relative
26478,Own-child
26478,Wife
26745,Husband
26745,Other-relative
26745,Own-child
26745,Wife
21587,Husband
21587,Not-in-family
21587,Other-relative
21587,Own-child
21587,Unmarried
21587,Wife
18031,Husband
18031,Not-in-family
18031,Other-relative
18031,Own-child
18031,Unmarried
18031,Wife
33684,Husband
33684,Other-relative
33684,Own-child
33684,Wife
20426,Not-in-family
20426,Unmarried
48491,Husband
48491,Other-relative
48491,Own-child
48491,Wife
24402,Husband
24402,Not-in-family
24402,Other-relative
24402,Own-child
24402,Unmarried
24402,Wife
14142,Husband
14142,Not-in-family
14142,Other-relative
14142,Own-child
14142,Unmarried
14142,Wife
35851,Husband
35851,Other-relative
35851,Own-child
35851,Wife
30542,Husband
30542,Other-relative
30542,Own-child
30542,Wife
35840,Husband
35840,Not-in-family
35840,Other-relative
35840,Own-child
35840,Unmarried
35840,Wife
29555,Husband
29555,Other-relative
29555,Own-child
29555,Wife
24376,Husband
24376,Not-in-family
24376,Other-relative
24376,Own-child
24376,Unmarried
24376,Wife
22650,Not-in-family
22650,Unmarried
15843,Husband
15843,Other-relative
15843,Own-child
15843,Wife
23235,Husband
23235,Other-relative
23235,Own-child
23235,Wife
24065,Husband
24065,Other-relative
24065,Own-child
24065,Wife
16348,Husband
16348,Not-in-family
16348,Other-relative
16348,Own-child
16348,Unmarried
16348,Wife
45904,Husband
45904,Other-relative
45904,Own-child
45904,Wife
38477,Husband
38477,Not-in-family
38477,Other-relative
38477,Own-child
38477,Unmarried
38477,Wife
6522,Husband
6522,Other-relative
6522,Own-child
6522,Wife
17862,Husband
17862,Not-in-family
17862,Other-relative
17862,Own-child
17862,Unmarried
17862,Wife
3721,Husband
3721,Not-in-family
3721,Other-relative
3721,Own-child
3721,Unmarried
3721,Wife
28014,Husband
28014,Not-in-family
28014,Other-relative
28014,Own-child
28014,Unmarried
28014,Wife
42177,Husband
42177,Not-in-family
42177,Other-relative
42177,Own-child
42177,Unmarried
42177,Wife
28928,Husband
28928,Not-in-family
28928,Other-relative
28928,Own-child
28928,Unmarried
28928,Wife
35529,Husband
35529,Not-in-family
35529,Other-relative
35529,Own-child
35529,Unmarried
35529,Wife
32538,Not-in-family
32538,Unmarried
971,Husband
971,Not-in-family
971,Other-relative
971,Own-child
971,Unmarried
971,Wife
9082,Not-in-family
9082,Unmarried
5303,Husband
5303,Other-relative
5303,Own-child
5303,Wife
6707,Husband
6707,Not-in-family
6707,Other-relative
6707,Own-child
6707,Unmarried
6707,Wife
46328,Not-in-family
46328,Unmarried
11943,Husband
11943,Other-relative
11943,Own-child
11943,Wife
46807,Husband
46807,Other-relative
46807,Own-child
46807,Wife
5649,Husband
5649,Not-in-family
5649,Other-relative
5649,Own-child
5649,Unmarried
5649,Wife
17896,Not-in-family
17896,Unmarried
10807,Husband
10807,Not-in-family
10807,Other-relative
10807,Own-child
10807,Unmarried
10807,Wife
24222,Husband
24222,Not-in-family
24222,Other-relative
24222,Own-child
24222,Unmarried
24222,Wife
45014,Husband
45014,Other-relative
45014,Own-child
45014,Wife
4239,Husband
4239,Not-in-family
4239,Other-relative
4239,Own-child
4239,Unmarried
4239,Wife
2303,Husband
2303,Not-in-family
2303,Other-relative
2303,Own-child
2303,Unmarried
2303,Wife
11675,Husband
11675,Not-in-family
11675,Other-relative
11675,Own-child
11675,Unmarried
11675,Wife
17207,Husband
17207,Not-in-family
17207,Other-relative
17207,Own-child
17207,Unmarried
17207,Wife
41503,Husband
41503,Other-relative
41503,Own-child
41503,Wife
20919,Husband
20919,Other-relative
20919,Own-child
20919,Wife
32217,Husband
32217,Not-in-family
32217,Other-relative
32217,Own-child
32217,Unmarried
32217,Wife
47155,Husband
47155,Not-in-family
47155,Other-relative
47155,Own-child
47155,Unmarried
47155,Wife
36711,Husband
36711,Other-relative
36711,Own-child
36711,Wife
22056,Husband
22056,Not-in-family
22056,Other-relative
22056,Own-child
22056,Unmarried
22056,Wife
9699,Not-in-family
9699,Unmarried
36051,Husband
36051,Not-in-family
36051,Other-relative
36051,Own-child
36051,Unmarried
36051,Wife
17267,Husband
17267,Not-in-family
17267,Other-relative
17267,Own-child
17267,Unmarried
17267,Wife
36626,Husband
36626,Not-in-family
36626,Other-relative
36626,Own-child
36626,Unmarried
36626,Wife
15039,Husband
15039,Not-in-family
15039,Other-relative
15039,Own-child
15039,Unmarried
15039,Wife
25427,Husband
25427,Not-in-family
25427,Other-relative
25427,Own-child
25427,Unmarried
25427,Wife
33199,Husband
33199,Not-in-family
33199,Other-relative
33199,Own-child
33199,Unmarried
33199,Wife
20488,Husband
20488,Not-in-family
20488,Other-relative
20488,Own-child
20488,Unmarried
20488,Wife
3021,Husband
3021,Not-in-family
3021,Other-relative
3021,Own-child
3021,Unmarried
3021,Wife
21767,Husband
21767,Not-in-family
21767,Other-relative
21767,Own-child
21767,Unmarried
21767,Wife
6355,Husband
6355,Not-in-family
6355,Other-relative
6355,Own-child
6355,Unmarried
6355,Wife
13591,Not-in-family
13591,Unmarried
5567,Husband
5567,Not-in-family
5567,Other-relative
5567,Own-child
5567,Unmarried
5567,Wife
31011,Husband
31011,Other-relative
31011,Own-child
31011,Wife
46280,Husband
46280,Other-relative
46280,Own-child
46280,Wife
30935,Husband
30935,Not-in-family
30935,Other-relative
30935,Own-child
30935,Unmarried
30935,Wife
15597,Husband
15597,Not-in-family
15597,Other-relative
15597,Own-child
15597,Unmarried
15597,Wife
16322,Husband
16322,Not-in-family
16322,Other-relative
16322,Own-child
16322,Unmarried
16322,Wife
18312,Husband
18312,Not-in-family
18312,Other-relative
18312,Own-child
18312,Unmarried
18312,Wife
41079,Husband
41079,Not-in-family
41079,Other-relative
41079,Own-child
41079,Unmarried
41079,Wife
9435,Husband
9435,Other-relative
9435,Own-child
9435,Wife
46748,Husband
46748,Not-in-family
46748,Other-relative
46748,Own-child
46748,Unmarried
46748,Wife
508,Not-in-family
508,Unmarried
16837,Husband
16837,Not-in-family
16837,Other-relative
16837,Own-child
16837,Unmarried
16837,Wife
14500,Not-in-family
14500,Unmarried
2077,Husband
2077,Other-relative
2077,Own-child
2077,Wife
18709,Husband
18709,Other-relative
18709,Own-child
18709,Wife
45823,Husband
45823,Other-relative
45823,Own-child
45823,Wife
28882,Husband
28882,Not-in-family
28882,Other-relative
28882,Own-child
28882,Unmarried
28882,Wife
28291,Not-in-family
28291,Unmarried
3197,Husband
3197,Not-in-family
3197,Other-relative
3197,Own-child
3197,Unmarried
3197,Wife
3846,Husband
3846,Not-in-family
3846,Other-relative
3846,Own-child
3846,Unmarried
3846,Wife
47082,Husband
47082,Other-relative
47082,Own-child
47082,Wife
28872,Husband
28872,Other-relative
28872,Own-child
28872,Wife
5282,Husband
5282,Not-in-family
5282,Other-relative
5282,Own-child
5282,Unmarried
5282,Wife
44050,Husband
44050,Not-in-family
44050,Other-relative
44050,Own-child
44050,Unmarried
44050,Wife
8660,Husband
8660,Not-in-family
8660,Other-relative
8660,Own-child
8660,Unmarried
8660,Wife
25393,Husband
25393,Not-in-family
25393,Other-relative
25393,Own-child
25393,Unmarried
25393,Wife
7155,Husband
7155,Not-in-family
7155,Other-relative
7155,Own-child
7155,Unmarried
7155,Wife
4267,Husband
4267,Not-in-family
4267,Other-relative
4267,Own-child
4267,Unmarried
4267,Wife
20210,Husband
20210,Other-relative
20210,Own-child
20210,Wife
41867,Husband
41867,Not-in-family
41867,Other-relative
41867,Own-child
41867,Unmarried
41867,Wife
47791,Husband
47791,Not-in-family
47791,Other-relative
47791,Own-child
47791,Unmarried
47791,Wife
8972,Husband
8972,Not-in-family
8972,Other-relative
8972,Own-child
8972,Unmarried
8972,Wife
36203,Husband
36203,Other-relative
36203,Own-child
36203,Wife
27207,Husband
27207,Other-relative
27207,Own-child
27207,Wife
14680,Husband
14680,Not-in-family
14680,Other-relative
14680,Own-child
14680,Unmarried
14680,Wife
38085,Husband
38085,Not-in-family
38085,Other-relative
38085,Own-child
38085,Unmarried
38085,Wife
41101,Husband
41101,Not-in-family
41101,Other-relative
41101,Own-child
41101,Unmarried
41101,Wife
44518,Husband
44518,Not-in-family
44518,Other-relative
44518,Own-child
44518,Unmarried
44518,Wife
25178,Not-in-family
25178,Unmarried
36614,Husband
36614,Other-relative
36614,Own-child
36614,Wife
15508,Not-in-family
15508,Unmarried
28735,Husband
28735,Not-in-family
28735,Other-relative
28735,Own-child
28735,Unmarried
28735,Wife
14209,Husband
14209,Not-in-family
14209,Other-relative
14209,Own-child
14209,Unmarried
14209,Wife
25149,Husband
25149,Not-in-family
25149,Other-relative
25149,Own-child
25149,Unmarried
25149,Wife
16244,Husband
16244,Not-in-family
16244,Other-relative
16244,Own-child
16244,Unmarried
16244,Wife
34318,Not-in-family
34318,Unmarried
25153,Husband
25153,Not-in-family
25153,Other-relative
25153,Own-child
25153,Unmarried
25153,Wife
41361,Husband
41361,Other-relative
41361,Own-child
41361,Wife
40032,Husband
40032,Other-relative
40032,Own-child
40032,Wife
25579,Husband
25579,Not-in-family
25579,Other-relative
25579,Own-child
25579,Unmarried
25579,Wife
15384,Husband
15384,Other-relative
15384,Own-child
15384,Wife
33961,Husband
33961,Not-in-family
33961,Other-relative
33961,Own-child
33961,Unmarried
33961,Wife
9871,Not-in-family
9871,Unmarried
24408,Husband
24408,Not-in-family
24408,Other-relative
24408,Own-child
24408,Unmarried
24408,Wife
7073,Husband
7073,Other-relative
7073,Own-child
7073,Wife
39124,Not-in-family
39124,Unmarried
14298,Husband
14298,Other-relative
14298,Own-child
14298,Wife
2640,Husband
2640,Other-relative
2640,Own-child
2640,Wife
14926,Husband
14926,Other-relative
14926,Own-child
14926,Wife
11050,Husband
11050,Other-relative
11050,Own-child
11050,Wife
22499,Husband
22499,Other-relative
22499,Own-child
22499,Wife
1058,Husband
1058,Other-relative
1058,Own-child
1058,Wife
37134,Husband
37134,Not-in-family
37134,Other-relative
37134,Own-child
37134,Unmarried
37134,Wife
20308,Husband
20308,Not-in-family
20308,Other-relative
20308,Own-child
20308,Unmarried
20308,Wife
27399,Husband
27399,Other-relative
27399,Own-child
27399,Wife
44495,Not-in-family
44495,Unmarried
43349,Husband
43349,Other-relative
43349,Own-child
43349,Wife
6300,Husband
6300,Not-in-family
6300,Other-relative
6300,Own-child
6300,Unmarried
6300,Wife
15291,Husband
15291,Other-relative
15291,Own-child
15291,Wife
40212,Husband
40212,Other-relative
40212,Own-child
40212,Wife
38589,Husband
38589,Not-in-family
38589,Other-relative
38589,Own-child
38589,Unmarried
38589,Wife
47218,Not-in-family
47218,Unmarried
16335,Husband
16335,Other-relative
16335,Own-child
16335,Wife
25341,Husband
25341,Other-relative
25341,Own-child
25341,Wife
41058,Husband
41058,Not-in-family
41058,Other-relative
41058,Own-child
41058,Unmarried
41058,Wife
18830,Husband
18830,Not-in-family
18830,Other-relative
18830,Own-child
18830,Unmarried
18830,Wife
43077,Husband
43077,Other-relative
43077,Own-child
43077,Wife
4831,Not-in-family
4831,Unmarried
13371,Not-in-family
13371,Unmarried
17588,Not-in-family
17588,Unmarried
29414,Not-in-family
29414,Unmarried
20875,Husband
20875,Not-in-family
20875,Other-relative
20875,Own-child
20875,Unmarried
20875,Wife
10580,Husband
10580,Not-in-family
10580,Other-relative
10580,Own-child
10580,Unmarried
10580,Wife
22202,Husband
22202,Not-in-family
22202,Other-relative
22202,Own-child
22202,Unmarried
22202,Wife
44687,Not-in-family
44687,Unmarried
13116,Husband
13116,Not-in-family
13116,Other-relative
13116,Own-child
13116,Unmarried
13116,Wife
22381,Not-in-family
22381,Unmarried
23058,Husband
23058,Other-relative
23058,Own-child
23058,Wife
33526,Husband
33526,Other-relative
33526,Own-child
33526,Wife
27334,Husband
27334,Other-relative
27334,Own-child
27334,Wife
3877,Not-in-family
3877,Unmarried
21597,Husband
21597,Not-in-family
21597,Other-relative
21597,Own-child
21597,Unmarried
21597,Wife
6541,Husband
6541,Other-relative
6541,Own-child
6541,Wife
18977,Husband
18977,Other-relative
18977,Own-child
18977,Wife
12675,Husband
12675,Other-relative
12675,Own-child
12675,Wife
33718,Husband
33718,Not-in-family
33718,Other-relative
33718,Own-child
33718,Unmarried
33718,Wife
44807,Not-in-family
44807,Unmarried
20643,Not-in-family
20643,Unmarried
16465,Husband
16465,Other-relative
16465,Own-child
16465,Wife
3506,Husband
3506,Other-relative
3506,Own-child
3506,Wife
866,Not-in-family
866,Unmarried
36187,Husband
36187,Not-in-family
36187,Other-relative
36187,Own-child
36187,Unmarried
36187,Wife
46388,Husband
46388,Other-relative
46388,Own-child
46388,Wife
26631,Husband
26631,Not-in-family
26631,Other-relative
26631,Own-child
26631,Unmarried
26631,Wife
2722,Husband
2722,Other-relative
2722,Own-child
2722,Wife
8243,Husband
8243,Not-in-family
8243,Other-relative
8243,Own-child
8243,Unmarried
8243,Wife
2031,Husband
2031,Not-in-family
2031,Other-relative
2031,Own-child
2031,Unmarried
2031,Wife
19887,Husband
19887,Not-in-family
19887,Other-relative
19887,Own-child
19887,Unmarried
19887,Wife
8535,Not-in-family
8535,Unmarried
40625,Husband
40625,Not-in-family
40625,Other-relative
40625,Own-child
40625,Unmarried
40625,Wife
5532,Husband
5532,Not-in-family
5532,Other-relative
5532,Own-child
5532,Unmarried
5532,Wife
41912,Husband
41912,Other-relative
41912,Own-child
41912,Wife
42110,Not-in-family
42110,Unmarried
38526,Husband
38526,Not-in-family
38526,Other-relative
38526,Own-child
38526,Unmarried
38526,Wife
26063,Husband
26063,Not-in-family
26063,Other-relative
26063,Own-child
26063,Unmarried
26063,Wife
20484,Husband
20484,Not-in-family
20484,Other-relative
20484,Own-child
20484,Unmarried
20484,Wife
34801,Husband
34801,Not-in-family
34801,Other-relative
34801,Own-child
34801,Unmarried
34801,Wife
18439,Husband
18439,Not-in-family
18439,Other-relative
18439,Own-child
18439,Unmarried
18439,Wife
16124,Husband
16124,Not-in-family
16124,Other-relative
16124,Own-child
16124,Unmarried
16124,Wife
45337,Husband
45337,Not-in-family
45337,Other-relative
45337,Own-child
45337,Unmarried
45337,Wife
34666,Not-in-family
34666,Unmarried
32823,Husband
32823,Not-in-family
32823,Other-relative
32823,Own-child
32823,Unmarried
32823,Wife
22924,Husband
22924,Other-relative
22924,Own-child
22924,Wife
47040,Husband
47040,Other-relative
47040,Own-child
47040,Wife
2976,Husband
2976,Not-in-family
2976,Other-relative
2976,Own-child
2976,Unmarried
2976,Wife
44683,Husband
44683,Not-in-family
44683,Other-relative
44683,Own-child
44683,Unmarried
44683,Wife
29079,Not-in-family
29079,Unmarried
31440,Husband
31440,Not-in-family
31440,Other-relative
31440,Own-child
31440,Unmarried
31440,Wife
35374,Not-in-family
35374,Unmarried
6535,Not-in-family
6535,Unmarried
46463,Husband
46463,Other-relative
46463,Own-child
46463,Wife
39639,Husband
39639,Other-relative
39639,Own-child
39639,Wife
6255,Husband
6255,Not-in-family
6255,Other-relative
6255,Own-child
6255,Unmarried
6255,Wife
11909,Husband
11909,Other-relative
11909,Own-child
11909,Wife
4823,Husband
4823,Other-relative
4823,Own-child
4823,Wife
28490,Husband
28490,Not-in-family
28490,Other-relative
28490,Own-child
28490,Unmarried
28490,Wife
2868,Husband
2868,Other-relative
2868,Own-child
2868,Wife
10077,Husband
10077,Not-in-family
10077,Other-relative
10077,Own-child
10077,Unmarried
10077,Wife
46337,Husband
46337,Other-relative
46337,Own-child
46337,Wife
3735,Husband
3735,Not-in-family
3735,Other-relative
3735,Own-child
3735,Unmarried
3735,Wife
28749,Not-in-family
28749,Unmarried
42785,Husband
42785,Not-in-family
42785,Other-relative
42785,Own-child
42785,Unmarried
42785,Wife
9055,Husband
9055,Not-in-family
9055,Other-relative
9055,Own-child
9055,Unmarried
9055,Wife
10345,Not-in-family
10345,Unmarried
4987,Husband
4987,Other-relative
4987,Own-child
4987,Wife
35675,Husband
35675,Not-in-family
35675,Other-relative
35675,Own-child
35675,Unmarried
35675,Wife
17741,Husband
17741,Other-relative
17741,Own-child
17741,Wife
19646,Husband
19646,Not-in-family
19646,Other-relative
19646,Own-child
19646,Unmarried
19646,Wife
2493,Husband
2493,Other-relative
2493,Own-child
2493,Wife
34818,Husband
34818,Not-in-family
34818,Other-relative
34818,Own-child
34818,Unmarried
34818,Wife
41891,Husband
41891,Not-in-family
41891,Other-relative
41891,Own-child
41891,Unmarried
41891,Wife
42705,Husband
42705,Other-relative
42705,Own-child
42705,Wife
26222,Husband
26222,Not-in-family
26222,Other-relative
26222,Own-child
26222,Unmarried
26222,Wife
28007,Husband
28007,Not-in-family
28007,Other-relative
28007,Own-child
28007,Unmarried
28007,Wife
32350,Husband
32350,Not-in-family
32350,Other-relative
32350,Own-child
32350,Unmarried
32350,Wife
38828,Husband
38828,Not-in-family
38828,Other-relative
38828,Own-child
38828,Unmarried
38828,Wife
35592,Not-in-family
35592,Unmarried
41063,Husband
41063,Other-relative
41063,Own-child
41063,Wife
35064,Husband
35064,Other-relative
35064,Own-child
35064,Wife
34219,Husband
34219,Other-relative
34219,Own-child
34219,Wife
37681,Husband
37681,Other-relative
37681,Own-child
37681,Wife
19766,Husband
19766,Not-in-family
19766,Other-relative
19766,Own-child
19766,Unmarried
19766,Wife
10671,Husband
10671,Other-relative
10671,Own-child
10671,Wife
19020,Husband
19020,Not-in-family
19020,Other-relative
19020,Own-child
19020,Unmarried
19020,Wife
4310,Husband
4310,Not-in-family
4310,Other-relative
4310,Own-child
4310,Unmarried
4310,Wife
22994,Husband
22994,Not-in-family
22994,Other-relative
22994,Own-child
22994,Unmarried
22994,Wife
36373,Husband
36373,Not-in-family
36373,Other-relative
36373,Own-child
36373,Unmarried
36373,Wife
26055,Husband
26055,Other-relative
26055,Own-child
26055,Wife
32174,Not-in-family
32174,Unmarried
7144,Husband
7144,Not-in-family
7144,Other-relative
7144,Own-child
7144,Unmarried
7144,Wife
25267,Husband
25267,Not-in-family
25267,Other-relative
25267,Own-child
25267,Unmarried
25267,Wife
35377,Husband
35377,Not-in-family
35377,Other-relative
35377,Own-child
35377,Unmarried
35377,Wife
169,Not-in-family
169,Unmarried
33142,Husband
33142,Not-in-family
33142,Other-relative
33142,Own-child
33142,Unmarried
33142,Wife
38553,Husband
38553,Not-in-family
38553,Other-relative
38553,Own-child
38553,Unmarried
38553,Wife
15150,Husband
15150,Other-relative
15150,Own-child
15150,Wife
11681,Husband
11681,Not-in-family
11681,Other-relative
11681,Own-child
11681,Unmarried
11681,Wife
10809,Husband
10809,Not-in-family
10809,Other-relative
10809,Own-child
10809,Unmarried
10809,Wife
9427,Husband
9427,Not-in-family
9427,Other-relative
9427,Own-child
9427,Unmarried
9427,Wife
645,Husband
645,Not-in-family
645,Other-relative
645,Own-child
645,Unmarried
645,Wife
7311,Not-in-family
7311,Unmarried
15723,Not-in-family
15723,Unmarried
43659,Husband
43659,Not-in-family
43659,Other-relative
43659,Own-child
43659,Unmarried
43659,Wife
44805,Husband
44805,Other-relative
44805,Own-child
44805,Wife
10334,Not-in-family
10334,Unmarried
5579,Not-in-family
5579,Unmarried
36941,Husband
36941,Not-in-family
36941,Other-relative
36941,Own-child
36941,Unmarried
36941,Wife
19118,Husband
19118,Not-in-family
19118,Other-relative
19118,Own-child
19118,Unmarried
19118,Wife
6113,Not-in-family
6113,Unmarried
39138,Husband
39138,Not-in-family
39138,Other-relative
39138,Own-child
39138,Unmarried
39138,Wife
37462,Husband
37462,Not-in-family
37462,Other-relative
37462,Own-child
37462,Unmarried
37462,Wife
38382,Husband
38382,Not-in-family
38382,Other-relative
38382,Own-child
38382,Unmarried
38382,Wife
16707,Husband
16707,Not-in-family
16707,Other-relative
16707,Own-child
16707,Unmarried
16707,Wife
29561,Husband
29561,Not-in-family
29561,Other-relative
29561,Own-child
29561,Unmarried
29561,Wife
6968,Husband
6968,Not-in-family
6968,Other-relative
6968,Own-child
6968,Unmarried
6968,Wife
28373,Husband
28373,Not-in-family
28373,Other-relative
28373,Own-child
28373,Unmarried
28373,Wife
30712,Not-in-family
30712,Unmarried
1037,Not-in-family
1037,Unmarried
10387,Husband
10387,Not-in-family
10387,Other-relative
10387,Own-child
10387,Unmarried
10387,Wife
14920,Husband
14920,Not-in-family
14920,Other-relative
14920,Own-child
14920,Unmarried
14920,Wife
10610,Husband
10610,Other-relative
10610,Own-child
10610,Wife
3036,Not-in-family
3036,Unmarried
33460,Husband
33460,Other-relative
33460,Own-child
33460,Wife
12798,Husband
12798,Not-in-family
12798,Other-relative
12798,Own-child
12798,Unmarried
12798,Wife
48508,Not-in-family
48508,Unmarried
40601,Husband
40601,Other-relative
40601,Own-child
40601,Wife
31720,Husband
31720,Not-in-family
31720,Other-relative
31720,Own-child
31720,Unmarried
31720,Wife
12538,Husband
12538,Not-in-family
12538,Other-relative
12538,Own-child
12538,Unmarried
12538,Wife
438,Husband
438,Not-in-family
438,Other-relative
438,Own-child
438,Unmarried
438,Wife
21265,Husband
21265,Not-in-family
21265,Other-relative
21265,Own-child
21265,Unmarried
21265,Wife
41708,Not-in-family
41708,Unmarried
44205,Husband
44205,Other-relative
44205,Own-child
44205,Wife
21602,Husband
21602,Other-relative
21602,Own-child
21602,Wife
17262,Husband
17262,Not-in-family
17262,Other-relative
17262,Own-child
17262,Unmarried
17262,Wife
28246,Husband
28246,Other-relative
28246,Own-child
28246,Wife
13677,Husband
13677,Not-in-family
13677,Other-relative
13677,Own-child
13677,Unmarried
13677,Wife
4234,Husband
4234,Not-in-family
4234,Other-relative
4234,Own-child
4234,Unmarried
4234,Wife
13374,Husband
13374,Other-relative
13374,Own-child
13374,Wife
43790,Not-in-family
43790,Unmarried
1872,Husband
1872,Not-in-family
1872,Other-relative
1872,Own-child
1872,Unmarried
1872,Wife
24573,Husband
24573,Not-in-family
24573,Other-relative
24573,Own-child
24573,Unmarried
24573,Wife
18974,Husband
18974,Other-relative
18974,Own-child
18974,Wife
41948,Husband
41948,Not-in-family
41948,Other-relative
41948,Own-child
41948,Unmarried
41948,Wife
16093,Husband
16093,Not-in-family
16093,Other-relative
16093,Own-child
16093,Unmarried
16093,Wife
26554,Husband
26554,Not-in-family
26554,Other-relative
26554,Own-child
26554,Unmarried
26554,Wife
4360,Husband
4360,Not-in-family
4360,Other-relative
4360,Own-child
4360,Unmarried
4360,Wife
2711,Husband
2711,Other-relative
2711,Own-child
2711,Wife
47744,Not-in-family
47744,Unmarried
23152,Husband
23152,Not-in-family
23152,Other-relative
23152,Own-child
23152,Unmarried
23152,Wife
48116,Husband
48116,Other-relative
48116,Own-child
48116,Wife
3787,Husband
3787,Not-in-family
3787,Other-relative
3787,Own-child
3787,Unmarried
3787,Wife
45413,Husband
45413,Other-relative
45413,Own-child
45413,Wife
16271,Husband
16271,Not-in-family
16271,Other-relative
16271,Own-child
16271,Unmarried
16271,Wife
42486,Husband
42486,Other-relative
42486,Own-child
42486,Wife
19254,Not-in-family
19254,Unmarried
40219,Not-in-family
40219,Unmarried
5598,Husband
5598,Not-in-family
5598,Other-relative
5598,Own-child
5598,Unmarried
5598,Wife
41957,Husband
41957,Not-in-family
41957,Other-relative
41957,Own-child
41957,Unmarried
41957,Wife
32598,Not-in-family
32598,Unmarried
19667,Husband
19667,Not-in-family
19667,Other-relative
19667,Own-child
19667,Unmarried
19667,Wife
41489,Not-in-family
41489,Unmarried
26484,Husband
26484,Not-in-family
26484,Other-relative
26484,Own-child
26484,Unmarried
26484,Wife
15412,Husband
15412,Not-in-family
15412,Other-relative
15412,Own-child
15412,Unmarried
15412,Wife
20525,Husband
20525,Other-relative
20525,Own-child
20525,Wife
36573,Husband
36573,Other-relative
36573,Own-child
36573,Wife
48388,Husband
48388,Not-in-family
48388,Other-relative
48388,Own-child
48388,Unmarried
48388,Wife
25746,Husband
25746,Other-relative
25746,Own-child
25746,Wife
39821,Husband
39821,Other-relative
39821,Own-child
39821,Wife
6168,Husband
6168,Other-relative
6168,Own-child
6168,Wife
21036,Not-in-family
21036,Unmarried
6037,Husband
6037,Not-in-family
6037,Other-relative
6037,Own-child
6037,Unmarried
6037,Wife
23674,Husband
23674,Not-in-family
23674,Other-relative
23674,Own-child
23674,Unmarried
23674,Wife
4312,Husband
4312,Not-in-family
4312,Other-relative
4312,Own-child
4312,Unmarried
4312,Wife
48598,Husband
48598,Not-in-family
48598,Other-relative
48598,Own-child
48598,Unmarried
48598,Wife
31130,Husband
31130,Not-in-family
31130,Other-relative
31130,Own-child
31130,Unmarried
31130,Wife
31500,Not-in-family
31500,Unmarried
34271,Husband
34271,Not-in-family
34271,Other-relative
34271,Own-child
34271,Unmarried
34271,Wife
47836,Husband
47836,Other-relative
47836,Own-child
47836,Wife
18327,Husband
18327,Not-in-family
18327,Other-relative
18327,Own-child
18327,Unmarried
18327,Wife
10692,Husband
10692,Other-relative
10692,Own-child
10692,Wife
45941,Husband
45941,Not-in-family
45941,Other-relative
45941,Own-child
45941,Unmarried
45941,Wife
16590,Not-in-family
16590,Unmarried
10391,Husband
10391,Other-relative
10391,Own-child
10391,Wife
48795,Not-in-family
48795,Unmarried
12374,Husband
12374,Other-relative
12374,Own-child
12374,Wife
10790,Husband
10790,Not-in-family
10790,Other-relative
10790,Own-child
10790,Unmarried
10790,Wife
8726,Husband
8726,Not-in-family
8726,Other-relative
8726,Own-child
8726,Unmarried
8726,Wife
15718,Husband
15718,Not-in-family
15718,Other-relative
15718,Own-child
15718,Unmarried
15718,Wife
39590,Husband
39590,Not-in-family
39590,Other-relative
39590,Own-child
39590,Unmarried
39590,Wife
18278,Husband
18278,Other-relative
18278,Own-child
18278,Wife
42237,Husband
42237,Not-in-family
42237,Other-relative
42237,Own-child
42237,Unmarried
42237,Wife
14514,Husband
14514,Not-in-family
14514,Other-relative
14514,Own-child
14514,Unmarried
14514,Wife
15724,Husband
15724,Not-in-family
15724,Other-relative
15724,Own-child
15724,Unmarried
15724,Wife
35754,Husband
35754,Not-in-family
35754,Other-relative
35754,Own-child
35754,Unmarried
35754,Wife
22250,Husband
22250,Not-in-family
22250,Other-relative
22250,Own-child
22250,Unmarried
22250,Wife
16503,Not-in-family
16503,Unmarried
9888,Husband
9888,Not-in-family
9888,Other-relative
9888,Own-child
9888,Unmarried
9888,Wife
25379,Husband
25379,Not-in-family
25379,Other-relative
25379,Own-child
25379,Unmarried
25379,Wife
47621,Not-in-family
47621,Unmarried
976,Not-in-family
976,Unmarried
19309,Husband
19309,Not-in-family
19309,Other-relative
19309,Own-child
19309,Unmarried
19309,Wife
20268,Husband
20268,Not-in-family
20268,Other-relative
20268,Own-child
20268,Unmarried
20268,Wife
19147,Husband
19147,Not-in-family
19147,Other-relative
19147,Own-child
19147,Unmarried
19147,Wife
38356,Husband
38356,Other-relative
38356,Own-child
38356,Wife
41830,Husband
41830,Not-in-family
41830,Other-relative
41830,Own-child
41830,Unmarried
41830,Wife
9806,Not-in-family
9806,Unmarried
8743,Husband
8743,Not-in-family
8743,Other-relative
8743,Own-child
8743,Unmarried
8743,Wife
35735,Husband
35735,Not-in-family
35735,Other-relative
35735,Own-child
35735,Unmarried
35735,Wife
7556,Husband
7556,Not-in-family
7556,Other-relative
7556,Own-child
7556,Unmarried
7556,Wife
31880,Husband
31880,Not-in-family
31880,Other-relative
31880,Own-child
31880,Unmarried
31880,Wife
1811,Husband
1811,Other-relative
1811,Own-child
1811,Wife
9433,Not-in-family
9433,Unmarried
16549,Husband
16549,Not-in-family
16549,Other-relative
16549,Own-child
16549,Unmarried
16549,Wife
25768,Husband
25768,Not-in-family
25768,Other-relative
25768,Own-child
25768,Unmarried
25768,Wife
45004,Husband
45004,Other-relative
45004,Own-child
45004,Wife
41458,Husband
41458,Other-relative
41458,Own-child
41458,Wife
1699,Husband
1699,Not-in-family
1699,Other-relative
1699,Own-child
1699,Unmarried
1699,Wife
13963,Husband
13963,Not-in-family
13963,Other-relative
13963,Own-child
13963,Unmarried
13963,Wife
11803,Husband
11803,Other-relative
11803,Own-child
11803,Wife
28159,Husband
28159,Not-in-family
28159,Other-relative
28159,Own-child
28159,Unmarried
28159,Wife
1942,Not-in-family
1942,Unmarried
20168,Husband
20168,Not-in-family
20168,Other-relative
20168,Own-child
20168,Unmarried
20168,Wife
12189,Husband
12189,Not-in-family
12189,Other-relative
12189,Own-child
12189,Unmarried
12189,Wife
23131,Husband
23131,Not-in-family
23131,Other-relative
23131,Own-child
23131,Unmarried
23131,Wife
1889,Husband
1889,Not-in-family
1889,Other-relative
1889,Own-child
1889,Unmarried
1889,Wife
16282,Husband
16282,Other-relative
16282,Own-child
16282,Wife
44085,Husband
44085,Not-in-family
44085,Other-relative
44085,Own-child
44085,Unmarried
44085,Wife
25404,Husband
25404,Not-in-family
25404,Other-relative
25404,Own-child
25404,Unmarried
25404,Wife
18484,Husband
18484,Other-relative
18484,Own-child
18484,Wife
25209,Husband
25209,Not-in-family
25209,Other-relative
25209,Own-child
25209,Unmarried
25209,Wife
16749,Not-in-family
16749,Unmarried
47167,Husband
47167,Not-in-family
47167,Other-relative
47167,Own-child
47167,Unmarried
47167,Wife
10923,Husband
10923,Other-relative
10923,Own-child
10923,Wife
33954,Not-in-family
33954,Unmarried
44935,Husband
44935,Not-in-family
44935,Other-relative
44935,Own-child
44935,Unmarried
44935,Wife
14879,Husband
14879,Not-in-family
14879,Other-relative
14879,Own-child
14879,Unmarried
14879,Wife
25717,Husband
25717,Not-in-family
25717,Other-relative
25717,Own-child
25717,Unmarried
25717,Wife
23381,Husband
23381,Not-in-family
23381,Other-relative
23381,Own-child
23381,Unmarried
23381,Wife
42231,Husband
42231,Not-in-family
42231,Other-relative
42231,Own-child
42231,Unmarried
42231,Wife
33658,Husband
33658,Not-in-family
33658,Other-relative
33658,Own-child
33658,Unmarried
33658,Wife
28731,Not-in-family
28731,Unmarried
28767,Husband
28767,Not-in-family
28767,Other-relative
28767,Own-child
28767,Unmarried
28767,Wife
3287,Husband
3287,Other-relative
3287,Own-child
3287,Wife
7360,Husband
7360,Other-relative
7360,Own-child
7360,Wife
47501,Husband
47501,Other-relative
47501,Own-child
47501,Wife
144,Husband
144,Other-relative
144,Own-child
144,Wife
22959,Husband
22959,Not-in-family
22959,Other-relative
22959,Own-child
22959,Unmarried
22959,Wife
25294,Husband
25294,Not-in-family
25294,Other-relative
25294,Own-child
25294,Unmarried
25294,Wife
38975,Not-in-family
38975,Unmarried
32833,Husband
32833,Not-in-family
32833,Other-relative
32833,Own-child
32833,Unmarried
32833,Wife
30046,Husband
30046,Other-relative
30046,Own-child
30046,Wife
33959,Not-in-family
33959,Unmarried
29133,Not-in-family
29133,Unmarried
35284,Husband
35284,Not-in-family
35284,Other-relative
35284,Own-child
35284,Unmarried
35284,Wife
27497,Not-in-family
27497,Unmarried
13765,Husband
13765,Other-relative
13765,Own-child
13765,Wife
24833,Husband
24833,Not-in-family
24833,Other-relative
24833,Own-child
24833,Unmarried
24833,Wife
34461,Husband
34461,Not-in-family
34461,Other-relative
34461,Own-child
34461,Unmarried
34461,Wife
7477,Not-in-family
7477,Unmarried
23743,Not-in-family
23743,Unmarried
44617,Not-in-family
44617,Unmarried
3153,Husband
3153,Other-relative
3153,Own-child
3153,Wife
27397,Husband
27397,Not-in-family
27397,Other-relative
27397,Own-child
27397,Unmarried
27397,Wife
2853,Husband
2853,Not-in-family
2853,Other-relative
2853,Own-child
2853,Unmarried
2853,Wife
27869,Husband
27869,Not-in-family
27869,Other-relative
27869,Own-child
27869,Unmarried
27869,Wife
37117,Husband
37117,Not-in-family
37117,Other-relative
37117,Own-child
37117,Unmarried
37117,Wife
43216,Husband
43216,Not-in-family
43216,Other-relative
43216,Own-child
43216,Unmarried
43216,Wife
39625,Husband
39625,Other-relative
39625,Own-child
39625,Wife
36183,Husband
36183,Other-relative
36183,Own-child
36183,Wife
8419,Husband
8419,Not-in-family
8419,Other-relative
8419,Own-child
8419,Unmarried
8419,Wife
23615,Husband
23615,Other-relative
23615,Own-child
23615,Wife
11948,Husband
11948,Other-relative
11948,Own-child
11948,Wife
20049,Husband
20049,Not-in-family
20049,Other-relative
20049,Own-child
20049,Unmarried
20049,Wife
4816,Husband
4816,Other-relative
4816,Own-child
4816,Wife
19078,Husband
19078,Not-in-family
19078,Other-relative
19078,Own-child
19078,Unmarried
19078,Wife
7662,Husband
7662,Not-in-family
7662,Other-relative
7662,Own-child
7662,Unmarried
7662,Wife
36633,Husband
36633,Not-in-family
36633,Other-relative
36633,Own-child
36633,Unmarried
36633,Wife
26796,Husband
26796,Other-relative
26796,Own-child
26796,Wife
8632,Husband
8632,Not-in-family
8632,Other-relative
8632,Own-child
8632,Unmarried
8632,Wife
17869,Not-in-family
17869,Unmarried
32313,Husband
32313,Other-relative
32313,Own-child
32313,Wife
13381,Not-in-family
13381,Unmarried
35051,Husband
35051,Not-in-family
35051,Other-relative
35051,Own-child
35051,Unmarried
35051,Wife
23384,Husband
23384,Not-in-family
23384,Other-relative
23384,Own-child
23384,Unmarried
23384,Wife
3825,Husband
3825,Other-relative
3825,Own-child
3825,Wife
26753,Husband
26753,Not-in-family
26753,Other-relative
26753,Own-child
26753,Unmarried
26753,Wife
47816,Husband
47816,Other-relative
47816,Own-child
47816,Wife
35925,Husband
35925,Other-relative
35925,Own-child
35925,Wife
47943,Husband
47943,Other-relative
47943,Own-child
47943,Wife
12955,Husband
12955,Not-in-family
12955,Other-relative
12955,Own-child
12955,Unmarried
12955,Wife
32448,Husband
32448,Not-in-family
32448,Other-relative
32448,Own-child
32448,Unmarried
32448,Wife
7629,Husband
7629,Not-in-family
7629,Other-relative
7629,Own-child
7629,Unmarried
7629,Wife
8508,Husband
8508,Not-in-family
8508,Other-relative
8508,Own-child
8508,Unmarried
8508,Wife
21503,Not-in-family
21503,Unmarried
47947,Husband
47947,Not-in-family
47947,Other-relative
47947,Own-child
47947,Unmarried
47947,Wife
26502,Husband
26502,Other-relative
26502,Own-child
26502,Wife
26632,Not-in-family
26632,Unmarried
447,Husband
447,Other-relative
447,Own-child
447,Wife
6732,Husband
6732,Not-in-family
6732,Other-relative
6732,Own-child
6732,Unmarried
6732,Wife
46779,Husband
46779,Not-in-family
46779,Other-relative
46779,Own-child
46779,Unmarried
46779,Wife
46489,Husband
46489,Not-in-family
46489,Other-relative
46489,Own-child
46489,Unmarried
46489,Wife
3790,Husband
3790,Not-in-family
3790,Other-relative
3790,Own-child
3790,Unmarried
3790,Wife
16189,Not-in-family
16189,Unmarried
42355,Husband
42355,Not-in-family
42355,Other-relative
42355,Own-child
42355,Unmarried
42355,Wife
14731,Husband
14731,Not-in-family
14731,Other-relative
14731,Own-child
14731,Unmarried
14731,Wife
14737,Husband
14737,Other-relative
14737,Own-child
14737,Wife
37931,Husband
37931,Other-relative
37931,Own-child
37931,Wife
6085,Husband
6085,Not-in-family
6085,Other-relative
6085,Own-child
6085,Unmarried
6085,Wife
44633,Husband
44633,Not-in-family
44633,Other-relative
44633,Own-child
44633,Unmarried
44633,Wife
46167,Not-in-family
46167,Unmarried
19242,Not-in-family
19242,Unmarried
10556,Husband
10556,Not-in-family
10556,Other-relative
10556,Own-child
10556,Unmarried
10556,Wife
37228,Not-in-family
37228,Unmarried
21207,Husband
21207,Not-in-family
21207,Other-relative
21207,Own-child
21207,Unmarried
21207,Wife
31887,Husband
31887,Other-relative
31887,Own-child
31887,Wife
12063,Not-in-family
12063,Unmarried
26084,Husband
26084,Not-in-family
26084,Other-relative
26084,Own-child
26084,Unmarried
26084,Wife
29928,Husband
29928,Other-relative
29928,Own-child
29928,Wife
44526,Husband
44526,Not-in-family
44526,Other-relative
44526,Own-child
44526,Unmarried
44526,Wife
37892,Husband
37892,Other-relative
37892,Own-child
37892,Wife
26824,Husband
26824,Other-relative
26824,Own-child
26824,Wife
28388,Husband
28388,Not-in-family
28388,Other-relative
28388,Own-child
28388,Unmarried
28388,Wife
33673,Husband
33673,Not-in-family
33673,Other-relative
33673,Own-child
33673,Unmarried
33673,Wife
3258,Husband
3258,Not-in-family
3258,Other-relative
3258,Own-child
3258,Unmarried
3258,Wife
26454,Husband
26454,Not-in-family
26454,Other-relative
26454,Own-child
26454,Unmarried
26454,Wife
46539,Husband
46539,Other-relative
46539,Own-child
46539,Wife
10985,Husband
10985,Not-in-family
10985,Other-relative
10985,Own-child
10985,Unmarried
10985,Wife
30701,Husband
30701,Not-in-family
30701,Other-relative
30701,Own-child
30701,Unmarried
30701,Wife
21020,Husband
21020,Other-relative
21020,Own-child
21020,Wife
19885,Husband
19885,Not-in-family
19885,Other-relative
19885,Own-child
19885,Unmarried
19885,Wife
13229,Not-in-family
13229,Unmarried
15131,Husband
15131,Not-in-family
15131,Other-relative
15131,Own-child
15131,Unmarried
15131,Wife
44519,Husband
44519,Not-in-family
44519,Other-relative
44519,Own-child
44519,Unmarried
44519,Wife
1522,Husband
1522,Not-in-family
1522,Other-relative
1522,Own-child
1522,Unmarried
1522,Wife
3436,Husband
3436,Not-in-family
3436,Other-relative
3436,Own-child
3436,Unmarried
3436,Wife
2802,Husband
2802,Other-relative
2802,Own-child
2802,Wife
8966,Husband
8966,Not-in-family
8966,Other-relative
8966,Own-child
8966,Unmarried
8966,Wife
33178,Husband
33178,Not-in-family
33178,Other-relative
33178,Own-child
33178,Unmarried
33178,Wife
3303,Husband
3303,Not-in-family
3303,Other-relative
3303,Own-child
3303,Unmarried
3303,Wife
22830,Husband
22830,Not-in-family
22830,Other-relative
22830,Own-child
22830,Unmarried
22830,Wife
22481,Husband
22481,Not-in-family
22481,Other-relative
22481,Own-child
22481,Unmarried
22481,Wife
34232,Husband
34232,Not-in-family
34232,Other-relative
34232,Own-child
34232,Unmarried
34232,Wife
45384,Husband
45384,Not-in-family
45384,Other-relative
45384,Own-child
45384,Unmarried
45384,Wife
46442,Husband
46442,Other-relative
46442,Own-child
46442,Wife
29050,Husband
29050,Not-in-family
29050,Other-relative
29050,Own-child
29050,Unmarried
29050,Wife
39125,Husband
39125,Other-relative
39125,Own-child
39125,Wife
48566,Husband
48566,Not-in-family
48566,Other-relative
48566,Own-child
48566,Unmarried
48566,Wife
31385,Husband
31385,Not-in-family
31385,Other-relative
31385,Own-child
31385,Unmarried
31385,Wife
209,Husband
209,Other-relative
209,Own-child
209,Wife
46771,Husband
46771,Not-in-family
46771,Other-relative
46771,Own-child
46771,Unmarried
46771,Wife
21519,Husband
21519,Other-relative
21519,Own-child
21519,Wife
2338,Husband
2338,Other-relative
2338,Own-child
2338,Wife
4858,Husband
4858,Not-in-family
4858,Other-relative
4858,Own-child
4858,Unmarried
4858,Wife
20054,Husband
20054,Other-relative
20054,Own-child
20054,Wife
17163,Husband
17163,Not-in-family
17163,Other-relative
17163,Own-child
17163,Unmarried
17163,Wife
24693,Husband
24693,Other-relative
24693,Own-child
24693,Wife
1842,Husband
1842,Not-in-family
1842,Other-relative
1842,Own-child
1842,Unmarried
1842,Wife
16685,Husband
16685,Not-in-family
16685,Other-relative
16685,Own-child
16685,Unmarried
16685,Wife
24182,Not-in-family
24182,Unmarried
46813,Husband
46813,Other-relative
46813,Own-child
46813,Wife
29013,Husband
29013,Not-in-family
29013,Other-relative
29013,Own-child
29013,Unmarried
29013,Wife
8712,Husband
8712,Not-in-family
8712,Other-relative
8712,Own-child
8712,Unmarried
8712,Wife
12562,Husband
12562,Not-in-family
12562,Other-relative
12562,Own-child
12562,Unmarried
12562,Wife
44105,Not-in-family
44105,Unmarried
46849,Husband
46849,Other-relative
46849,Own-child
46849,Wife
283,Not-in-family
283,Unmarried
40597,Husband
40597,Other-relative
40597,Own-child
40597,Wife
19994,Not-in-family
19994,Unmarried
19035,Not-in-family
19035,Unmarried
17859,Husband
17859,Not-in-family
17859,Other-relative
17859,Own-child
17859,Unmarried
17859,Wife
292,Husband
292,Not-in-family
292,Other-relative
292,Own-child
292,Unmarried
292,Wife
41335,Husband
41335,Other-relative
41335,Own-child
41335,Wife
15698,Husband
15698,Other-relative
15698,Own-child
15698,Wife
9971,Not-in-family
9971,Unmarried
35399,Husband
35399,Not-in-family
35399,Other-relative
35399,Own-child
35399,Unmarried
35399,Wife
11327,Husband
11327,Other-relative
11327,Own-child
11327,Wife
36630,Husband
36630,Other-relative
36630,Own-child
36630,Wife
14125,Husband
14125,Not-in-family
14125,Other-relative
14125,Own-child
14125,Unmarried
14125,Wife
29167,Husband
29167,Not-in-family
29167,Other-relative
29167,Own-child
29167,Unmarried
29167,Wife
26907,Husband
26907,Not-in-family
26907,Other-relative
26907,Own-child
26907,Unmarried
26907,Wife
35240,Husband
35240,Not-in-family
35240,Other-relative
35240,Own-child
35240,Unmarried
35240,Wife
17049,Husband
17049,Not-in-family
17049,Other-relative
17049,Own-child
17049,Unmarried
17049,Wife
12582,Husband
12582,Not-in-family
12582,Other-relative
12582,Own-child
12582,Unmarried
12582,Wife
20039,Husband
20039,Other-relative
20039,Own-child
20039,Wife
18170,Not-in-family
18170,Unmarried
42611,Husband
42611,Other-relative
42611,Own-child
42611,Wife
21397,Husband
21397,Not-in-family
21397,Other-relative
21397,Own-child
21397,Unmarried
21397,Wife
22952,Husband
22952,Not-in-family
22952,Other-relative
22952,Own-child
22952,Unmarried
22952,Wife
47730,Husband
47730,Not-in-family
47730,Other-relative
47730,Own-child
47730,Unmarried
47730,Wife
37801,Husband
37801,Not-in-family
37801,Other-relative
37801,Own-child
37801,Unmarried
37801,Wife
41742,Not-in-family
41742,Unmarried
24546,Husband
24546,Not-in-family
24546,Other-relative
24546,Own-child
24546,Unmarried
24546,Wife
26368,Husband
26368,Not-in-family
26368,Other-relative
26368,Own-child
26368,Unmarried
26368,Wife
10500,Husband
10500,Not-in-family
10500,Other-relative
10500,Own-child
10500,Unmarried
10500,Wife
21288,Husband
21288,Other-relative
21288,Own-child
21288,Wife
3043,Husband
3043,Other-relative
3043,Own-child
3043,Wife
28064,Husband
28064,Not-in-family
28064,Other-relative
28064,Own-child
28064,Unmarried
28064,Wife
28748,Husband
28748,Not-in-family
28748,Other-relative
28748,Own-child
28748,Unmarried
28748,Wife
16859,Husband
16859,Other-relative
16859,Own-child
16859,Wife
17232,Husband
17232,Other-relative
17232,Own-child
17232,Wife
6033,Husband
6033,Not-in-family
6033,Other-relative
6033,Own-child
6033,Unmarried
6033,Wife
17602,Not-in-family
17602,Unmarried
18335,Husband
18335,Not-in-family
18335,Other-relative
18335,Own-child
18335,Unmarried
18335,Wife
44189,Husband
44189,Other-relative
44189,Own-child
44189,Wife
15555,Husband
15555,Other-relative
15555,Own-child
15555,Wife
16026,Husband
16026,Other-relative
16026,Own-child
16026,Wife
18582,Husband
18582,Other-relative
18582,Own-child
18582,Wife
29789,Husband
29789,Not-in-family
29789,Other-relative
29789,Own-child
29789,Unmarried
29789,Wife
35810,Husband
35810,Not-in-family
35810,Other-relative
35810,Own-child
35810,Unmarried
35810,Wife
32999,Husband
32999,Not-in-family
32999,Other-relative
32999,Own-child
32999,Unmarried
32999,Wife
11714,Husband
11714,Not-in-family
11714,Other-relative
11714,Own-child
11714,Unmarried
11714,Wife
22617,Husband
22617,Other-relative
22617,Own-child
22617,Wife
22053,Husband
22053,Other-relative
22053,Own-child
22053,Wife
41254,Husband
41254,Not-in-family
41254,Other-relative
41254,Own-child
41254,Unmarried
41254,Wife
23562,Husband
23562,Other-relative
23562,Own-child
23562,Wife
39314,Husband
39314,Not-in-family
39314,Other-relative
39314,Own-child
39314,Unmarried
39314,Wife
48219,Not-in-family
48219,Unmarried
10494,Husband
10494,Not-in-family
10494,Other-relative
10494,Own-child
10494,Unmarried
10494,Wife
34605,Husband
34605,Other-relative
34605,Own-child
34605,Wife
29720,Husband
29720,Not-in-family
29720,Other-relative
29720,Own-child
29720,Unmarried
29720,Wife
164,Husband
164,Not-in-family
164,Other-relative
164,Own-child
164,Unmarried
164,Wife
19370,Husband
19370,Not-in-family
19370,Other-relative
19370,Own-child
19370,Unmarried
19370,Wife
24185,Husband
24185,Not-in-family
24185,Other-relative
24185,Own-child
24185,Unmarried
24185,Wife
46376,Husband
46376,Not-in-family
46376,Other-relative
46376,Own-child
46376,Unmarried
46376,Wife
15172,Husband
15172,Not-in-family
15172,Other-relative
15172,Own-child
15172,Unmarried
15172,Wife
25962,Husband
25962,Other-relative
25962,Own-child
25962,Wife
13165,Husband
13165,Not-in-family
13165,Other-relative
13165,Own-child
13165,Unmarried
13165,Wife
18532,Husband
18532,Other-relative
18532,Own-child
18532,Wife
30566,Husband
30566,Other-relative
30566,Own-child
30566,Wife
42836,Husband
42836,Not-in-family
42836,Other-relative
42836,Own-child
42836,Unmarried
42836,Wife
20493,Husband
20493,Other-relative
20493,Own-child
20493,Wife
7622,Husband
7622,Not-in-family
7622,Other-relative
7622,Own-child
7622,Unmarried
7622,Wife
39781,Not-in-family
39781,Unmarried
7441,Husband
7441,Not-in-family
7441,Other-relative
7441,Own-child
7441,Unmarried
7441,Wife
21234,Husband
21234,Not-in-family
21234,Other-relative
21234,Own-child
21234,Unmarried
21234,Wife
6492,Husband
6492,Not-in-family
6492,Other-relative
6492,Own-child
6492,Unmarried
6492,Wife
5292,Husband
5292,Other-relative
5292,Own-child
5292,Wife
17036,Husband
17036,Not-in-family
17036,Other-relative
17036,Own-child
17036,Unmarried
17036,Wife
38745,Husband
38745,Not-in-family
38745,Other-relative
38745,Own-child
38745,Unmarried
38745,Wife
28553,Husband
28553,Other-relative
28553,Own-child
28553,Wife
41846,Husband
41846,Other-relative
41846,Own-child
41846,Wife
22749,Husband
22749,Not-in-family
22749,Other-relative
22749,Own-child
22749,Unmarried
22749,Wife
20055,Husband
20055,Not-in-family
20055,Other-relative
20055,Own-child
20055,Unmarried
20055,Wife
48347,Husband
48347,Not-in-family
48347,Other-relative
48347,Own-child
48347,Unmarried
48347,Wife
24011,Husband
24011,Not-in-family
24011,Other-relative
24011,Own-child
24011,Unmarried
24011,Wife
9281,Husband
9281,Not-in-family
9281,Other-relative
9281,Own-child
9281,Unmarried
9281,Wife
29927,Husband
29927,Not-in-family
29927,Other-relative
29927,Own-child
29927,Unmarried
29927,Wife
38566,Husband
38566,Not-in-family
38566,Other-relative
38566,Own-child
38566,Unmarried
38566,Wife
25966,Husband
25966,Other-relative
25966,Own-child
25966,Wife
18572,Husband
18572,Not-in-family
18572,Other-relative
18572,Own-child
18572,Unmarried
18572,Wife
18956,Husband
18956,Other-relative
18956,Own-child
18956,Wife
46170,Husband
46170,Not-in-family
46170,Other-relative
46170,Own-child
46170,Unmarried
46170,Wife
29416,Husband
29416,Other-relative
29416,Own-child
29416,Wife
9008,Husband
9008,Other-relative
9008,Own-child
9008,Wife
38816,Husband
38816,Not-in-family
38816,Other-relative
38816,Own-child
38816,Unmarried
38816,Wife
36864,Not-in-family
36864,Unmarried
1538,Husband
1538,Other-relative
1538,Own-child
1538,Wife
28639,Husband
28639,Other-relative
28639,Own-child
28639,Wife
28408,Husband
28408,Other-relative
28408,Own-child
28408,Wife
48482,Husband
48482,Not-in-family
48482,Other-relative
48482,Own-child
48482,Unmarried
48482,Wife
2537,Husband
2537,Not-in-family
2537,Other-relative
2537,Own-child
2537,Unmarried
2537,Wife
36008,Husband
36008,Not-in-family
36008,Other-relative
36008,Own-child
36008,Unmarried
36008,Wife
41261,Not-in-family
41261,Unmarried
17308,Not-in-family
17308,Unmarried
35867,Husband
35867,Other-relative
35867,Own-child
35867,Wife
22237,Not-in-family
22237,Unmarried
12997,Husband
12997,Other-relative
12997,Own-child
12997,Wife
19816,Not-in-family
19816,Unmarried
8722,Husband
8722,Other-relative
8722,Own-child
8722,Wife
3783,Husband
3783,Not-in-family
3783,Other-relative
3783,Own-child
3783,Unmarried
3783,Wife
23490,Not-in-family
23490,Unmarried
35883,Husband
35883,Not-in-family
35883,Other-relative
35883,Own-child
35883,Unmarried
35883,Wife
27947,Husband
27947,Not-in-family
27947,Other-relative
27947,Own-child
27947,Unmarried
27947,Wife
19752,Husband
19752,Other-relative
19752,Own-child
19752,Wife
34920,Husband
34920,Other-relative
34920,Own-child
34920,Wife
42283,Husband
42283,Not-in-family
42283,Other-relative
42283,Own-child
42283,Unmarried
42283,Wife
44826,Husband
44826,Not-in-family
44826,Other-relative
44826,Own-child
44826,Unmarried
44826,Wife
45636,Husband
45636,Other-relative
45636,Own-child
45636,Wife
42105,Husband
42105,Not-in-family
42105,Other-relative
42105,Own-child
42105,Unmarried
42105,Wife
23594,Not-in-family
23594,Unmarried
7013,Husband
7013,Not-in-family
7013,Other-relative
7013,Own-child
7013,Unmarried
7013,Wife
19869,Not-in-family
19869,Unmarried
30910,Husband
30910,Not-in-family
30910,Other-relative
30910,Own-child
30910,Unmarried
30910,Wife
15913,Husband
15913,Other-relative
15913,Own-child
15913,Wife
16435,Husband
16435,Other-relative
16435,Own-child
16435,Wife
42024,Husband
42024,Not-in-family
42024,Other-relative
42024,Own-child
42024,Unmarried
42024,Wife
29624,Husband
29624,Not-in-family
29624,Other-relative
29624,Own-child
29624,Unmarried
29624,Wife
29962,Husband
29962,Other-relative
29962,Own-child
29962,Wife
41631,Husband
41631,Not-in-family
41631,Other-relative
41631,Own-child
41631,Unmarried
41631,Wife
1614,Husband
1614,Not-in-family
1614,Other-relative
1614,Own-child
1614,Unmarried
1614,Wife
25,Husband
25,Other-relative
25,Own-child
25,Wife
2827,Husband
2827,Not-in-family
2827,Other-relative
2827,Own-child
2827,Unmarried
2827,Wife
19907,Husband
19907,Other-relative
19907,Own-child
19907,Wife
11070,Husband
11070,Other-relative
11070,Own-child
11070,Wife
45405,Not-in-family
45405,Unmarried
28074,Husband
28074,Not-in-family
28074,Other-relative
28074,Own-child
28074,Unmarried
28074,Wife
3474,Not-in-family
3474,Unmarried
11908,Husband
11908,Not-in-family
11908,Other-relative
11908,Own-child
11908,Unmarried
11908,Wife
15858,Husband
15858,Other-relative
15858,Own-child
15858,Wife
32320,Husband
32320,Other-relative
32320,Own-child
32320,Wife
21383,Not-in-family
21383,Unmarried
38425,Husband
38425,Other-relative
38425,Own-child
38425,Wife
35630,Not-in-family
35630,Unmarried
40547,Husband
40547,Not-in-family
40547,Other-relative
40547,Own-child
40547,Unmarried
40547,Wife
9758,Husband
9758,Not-in-family
9758,Other-relative
9758,Own-child
9758,Unmarried
9758,Wife
23661,Husband
23661,Not-in-family
23661,Other-relative
23661,Own-child
23661,Unmarried
23661,Wife
9009,Husband
9009,Other-relative
9009,Own-child
9009,Wife
3924,Husband
3924,Other-relative
3924,Own-child
3924,Wife
11677,Husband
11677,Not-in-family
11677,Other-relative
11677,Own-child
11677,Unmarried
11677,Wife
15959,Not-in-family
15959,Unmarried
9098,Not-in-family
9098,Unmarried
27687,Husband
27687,Other-relative
27687,Own-child
27687,Wife
28704,Husband
28704,Not-in-family
28704,Other-relative
28704,Own-child
28704,Unmarried
28704,Wife
21408,Husband
21408,Not-in-family
21408,Other-relative
21408,Own-child
21408,Unmarried
21408,Wife
48536,Not-in-family
48536,Unmarried
35048,Husband
35048,Not-in-family
35048,Other-relative
35048,Own-child
35048,Unmarried
35048,Wife
39404,Not-in-family
39404,Unmarried
6585,Husband
6585,Not-in-family
6585,Other-relative
6585,Own-child
6585,Unmarried
6585,Wife
16049,Not-in-family
16049,Unmarried
33834,Husband
33834,Not-in-family
33834,Other-relative
33834,Own-child
33834,Unmarried
33834,Wife
35549,Not-in-family
35549,Unmarried
5285,Husband
5285,Other-relative
5285,Own-child
5285,Wife
25559,Husband
25559,Not-in-family
25559,Other-relative
25559,Own-child
25559,Unmarried
25559,Wife
17362,Husband
17362,Not-in-family
17362,Other-relative
17362,Own-child
17362,Unmarried
17362,Wife
25987,Husband
25987,Not-in-family
25987,Other-relative
25987,Own-child
25987,Unmarried
25987,Wife
31211,Husband
31211,Not-in-family
31211,Other-relative
31211,Own-child
31211,Unmarried
31211,Wife
38436,Husband
38436,Not-in-family
38436,Other-relative
38436,Own-child
38436,Unmarried
38436,Wife
9355,Husband
9355,Other-relative
9355,Own-child
9355,Wife
26894,Husband
26894,Not-in-family
26894,Other-relative
26894,Own-child
26894,Unmarried
26894,Wife
30893,Husband
30893,Not-in-family
30893,Other-relative
30893,Own-child
30893,Unmarried
30893,Wife
48735,Husband
48735,Other-relative
48735,Own-child
48735,Wife
2366,Not-in-family
2366,Unmarried
39772,Husband
39772,Other-relative
39772,Own-child
39772,Wife
40071,Husband
40071,Not-in-family
40071,Other-relative
40071,Own-child
40071,Unmarried
40071,Wife
28945,Husband
28945,Other-relative
28945,Own-child
28945,Wife
35899,Husband
35899,Not-in-family
35899,Other-relative
35899,Own-child
35899,Unmarried
35899,Wife
41306,Husband
41306,Not-in-family
41306,Other-relative
41306,Own-child
41306,Unmarried
41306,Wife
233,Husband
233,Other-relative
233,Own-child
233,Wife
39194,Husband
39194,Not-in-family
39194,Other-relative
39194,Own-child
39194,Unmarried
39194,Wife
36087,Not-in-family
36087,Unmarried
47921,Not-in-family
47921,Unmarried
14041,Husband
14041,Not-in-family
14041,Other-relative
14041,Own-child
14041,Unmarried
14041,Wife
29242,Husband
29242,Not-in-family
29242,Other-relative
29242,Own-child
29242,Unmarried
29242,Wife
29975,Husband
29975,Not-in-family
29975,Other-relative
29975,Own-child
29975,Unmarried
29975,Wife
29320,Husband
29320,Other-relative
29320,Own-child
29320,Wife
35938,Husband
35938,Other-relative
35938,Own-child
35938,Wife
11024,Husband
11024,Not-in-family
11024,Other-relative
11024,Own-child
11024,Unmarried
11024,Wife
41332,Husband
41332,Not-in-family
41332,Other-relative
41332,Own-child
41332,Unmarried
41332,Wife
12769,Husband
12769,Other-relative
12769,Own-child
12769,Wife
44162,Husband
44162,Other-relative
44162,Own-child
44162,Wife
17300,Not-in-family
17300,Unmarried
8780,Husband
8780,Not-in-family
8780,Other-relative
8780,Own-child
8780,Unmarried
8780,Wife
20194,Husband
20194,Other-relative
20194,Own-child
20194,Wife
12121,Husband
12121,Not-in-family
12121,Other-relative
12121,Own-child
12121,Unmarried
12121,Wife
28250,Husband
28250,Other-relative
28250,Own-child
28250,Wife
19745,Husband
19745,Not-in-family
19745,Other-relative
19745,Own-child
19745,Unmarried
19745,Wife
9101,Husband
9101,Not-in-family
9101,Other-relative
9101,Own-child
9101,Unmarried
9101,Wife
36625,Husband
36625,Not-in-family
36625,Other-relative
36625,Own-child
36625,Unmarried
36625,Wife
23635,Husband
23635,Other-relative
23635,Own-child
23635,Wife
9874,Not-in-family
9874,Unmarried
5793,Husband
5793,Not-in-family
5793,Other-relative
5793,Own-child
5793,Unmarried
5793,Wife
35676,Husband
35676,Not-in-family
35676,Other-relative
35676,Own-child
35676,Unmarried
35676,Wife
10642,Husband
10642,Other-relative
10642,Own-child
10642,Wife
29817,Husband
29817,Not-in-family
29817,Other-relative
29817,Own-child
29817,Unmarried
29817,Wife
46746,Husband
46746,Not-in-family
46746,Other-relative
46746,Own-child
46746,Unmarried
46746,Wife
23506,Husband
23506,Other-relative
23506,Own-child
23506,Wife
4167,Husband
4167,Not-in-family
4167,Other-relative
4167,Own-child
4167,Unmarried
4167,Wife
46134,Husband
46134,Other-relative
46134,Own-child
46134,Wife
14642,Husband
14642,Not-in-family
14642,Other-relative
14642,Own-child
14642,Unmarried
14642,Wife
34405,Husband
34405,Other-relative
34405,Own-child
34405,Wife
18226,Husband
18226,Not-in-family
18226,Other-relative
18226,Own-child
18226,Unmarried
18226,Wife
24653,Not-in-family
24653,Unmarried
28491,Husband
28491,Not-in-family
28491,Other-relative
28491,Own-child
28491,Unmarried
28491,Wife
33305,Husband
33305,Not-in-family
33305,Other-relative
33305,Own-child
33305,Unmarried
33305,Wife
32619,Husband
32619,Other-relative
32619,Own-child
32619,Wife
6576,Husband
6576,Other-relative
6576,Own-child
6576,Wife
23801,Husband
23801,Not-in-family
23801,Other-relative
23801,Own-child
23801,Unmarried
23801,Wife
39791,Husband
39791,Not-in-family
39791,Other-relative
39791,Own-child
39791,Unmarried
39791,Wife
17564,Husband
17564,Not-in-family
17564,Other-relative
17564,Own-child
17564,Unmarried
17564,Wife
2658,Husband
2658,Other-relative
2658,Own-child
2658,Wife
21484,Husband
21484,Not-in-family
21484,Other-relative
21484,Own-child
21484,Unmarried
21484,Wife
44375,Husband
44375,Not-in-family
44375,Other-relative
44375,Own-child
44375,Unmarried
44375,Wife
3457,Husband
3457,Not-in-family
3457,Other-relative
3457,Own-child
3457,Unmarried
3457,Wife
32965,Husband
32965,Other-relative
32965,Own-child
32965,Wife
31675,Husband
31675,Not-in-family
31675,Other-relative
31675,Own-child
31675,Unmarried
31675,Wife
23807,Husband
23807,Not-in-family
23807,Other-relative
23807,Own-child
23807,Unmarried
23807,Wife
16517,Husband
16517,Other-relative
16517,Own-child
16517,Wife
44446,Husband
44446,Not-in-family
44446,Other-relative
44446,Own-child
44446,Unmarried
44446,Wife
9163,Husband
9163,Not-in-family
9163,Other-relative
9163,Own-child
9163,Unmarried
9163,Wife
39379,Not-in-family
39379,Unmarried
14426,Husband
14426,Other-relative
14426,Own-child
14426,Wife
25255,Husband
25255,Other-relative
25255,Own-child
25255,Wife
3434,Not-in-family
3434,Unmarried
5388,Husband
5388,Not-in-family
5388,Other-relative
5388,Own-child
5388,Unmarried
5388,Wife
26501,Husband
26501,Not-in-family
26501,Other-relative
26501,Own-child
26501,Unmarried
26501,Wife
24135,Husband
24135,Other-relative
24135,Own-child
24135,Wife
25770,Husband
25770,Not-in-family
25770,Other-relative
25770,Own-child
25770,Unmarried
25770,Wife
4456,Husband
4456,Other-relative
4456,Own-child
4456,Wife
32117,Husband
32117,Not-in-family
32117,Other-relative
32117,Own-child
32117,Unmarried
32117,Wife
28082,Husband
28082,Other-relative
28082,Own-child
28082,Wife
23043,Husband
23043,Not-in-family
23043,Other-relative
23043,Own-child
23043,Unmarried
23043,Wife
25679,Husband
25679,Other-relative
25679,Own-child
25679,Wife
36058,Not-in-family
36058,Unmarried
38952,Husband
38952,Other-relative
38952,Own-child
38952,Wife
2972,Husband
2972,Other-relative
2972,Own-child
2972,Wife
37369,Husband
37369,Not-in-family
37369,Other-relative
37369,Own-child
37369,Unmarried
37369,Wife
45061,Husband
45061,Not-in-family
45061,Other-relative
45061,Own-child
45061,Unmarried
45061,Wife
11813,Husband
11813,Other-relative
11813,Own-child
11813,Wife
31966,Husband
31966,Other-relative
31966,Own-child
31966,Wife
2407,Husband
2407,Other-relative
2407,Own-child
2407,Wife
15180,Not-in-family
15180,Unmarried
25408,Husband
25408,Other-relative
25408,Own-child
25408,Wife
30714,Not-in-family
30714,Unmarried
27948,Husband
27948,Not-in-family
27948,Other-relative
27948,Own-child
27948,Unmarried
27948,Wife
24733,Husband
24733,Other-relative
24733,Own-child
24733,Wife
2738,Husband
2738,Other-relative
2738,Own-child
2738,Wife
14713,Not-in-family
14713,Unmarried
10699,Husband
10699,Other-relative
10699,Own-child
10699,Wife
40094,Husband
40094,Other-relative
40094,Own-child
40094,Wife
8348,Husband
8348,Other-relative
8348,Own-child
8348,Wife
18682,Husband
18682,Not-in-family
18682,Other-relative
18682,Own-child
18682,Unmarried
18682,Wife
19545,Husband
19545,Not-in-family
19545,Other-relative
19545,Own-child
19545,Unmarried
19545,Wife
19322,Husband
19322,Not-in-family
19322,Other-relative
19322,Own-child
19322,Unmarried
19322,Wife
11131,Husband
11131,Not-in-family
11131,Other-relative
11131,Own-child
11131,Unmarried
11131,Wife
4113,Not-in-family
4113,Unmarried
32415,Husband
32415,Other-relative
32415,Own-child
32415,Wife
35031,Husband
35031,Not-in-family
35031,Other-relative
35031,Own-child
35031,Unmarried
35031,Wife
45475,Husband
45475,Not-in-family
45475,Other-relative
45475,Own-child
45475,Unmarried
45475,Wife
40146,Husband
40146,Not-in-family
40146,Other-relative
40146,Own-child
40146,Unmarried
40146,Wife
47886,Husband
47886,Not-in-family
47886,Other-relative
47886,Own-child
47886,Unmarried
47886,Wife
44539,Husband
44539,Not-in-family
44539,Other-relative
44539,Own-child
44539,Unmarried
44539,Wife
7640,Husband
7640,Other-relative
7640,Own-child
7640,Wife
10046,Husband
10046,Other-relative
10046,Own-child
10046,Wife
31498,Husband
31498,Not-in-family
31498,Other-relative
31498,Own-child
31498,Unmarried
31498,Wife
28559,Husband
28559,Not-in-family
28559,Other-relative
28559,Own-child
28559,Unmarried
28559,Wife
29423,Husband
29423,Not-in-family
29423,Other-relative
29423,Own-child
29423,Unmarried
29423,Wife
37379,Husband
37379,Other-relative
37379,Own-child
37379,Wife
39761,Husband
39761,Not-in-family
39761,Other-relative
39761,Own-child
39761,Unmarried
39761,Wife
33518,Husband
33518,Other-relative
33518,Own-child
33518,Wife
26963,Husband
26963,Other-relative
26963,Own-child
26963,Wife
34216,Husband
34216,Other-relative
34216,Own-child
34216,Wife
716,Husband
716,Other-relative
716,Own-child
716,Wife
34258,Not-in-family
34258,Unmarried
13917,Husband
13917,Other-relative
13917,Own-child
13917,Wife
40967,Husband
40967,Not-in-family
40967,Other-relative
40967,Own-child
40967,Unmarried
40967,Wife
26326,Husband
26326,Not-in-family
26326,Other-relative
26326,Own-child
26326,Unmarried
26326,Wife
6750,Husband
6750,Other-relative
6750,Own-child
6750,Wife
4517,Husband
4517,Other-relative
4517,Own-child
4517,Wife
45257,Husband
45257,Not-in-family
45257,Other-relative
45257,Own-child
45257,Unmarried
45257,Wife
4030,Not-in-family
4030,Unmarried
1918,Husband
1918,Other-relative
1918,Own-child
1918,Wife
39613,Not-in-family
39613,Unmarried
34523,Husband
34523,Not-in-family
34523,Other-relative
34523,Own-child
34523,Unmarried
34523,Wife
20715,Not-in-family
20715,Unmarried
33671,Husband
33671,Not-in-family
33671,Other-relative
33671,Own-child
33671,Unmarried
33671,Wife
37154,Husband
37154,Other-relative
37154,Own-child
37154,Wife
40395,Husband
40395,Other-relative
40395,Own-child
40395,Wife
45599,Husband
45599,Other-relative
45599,Own-child
45599,Wife
24458,Husband
24458,Not-in-family
24458,Other-relative
24458,Own-child
24458,Unmarried
24458,Wife
31964,Husband
31964,Not-in-family
31964,Other-relative
31964,Own-child
31964,Unmarried
31964,Wife
44035,Husband
44035,Not-in-family
44035,Other-relative
44035,Own-child
44035,Unmarried
44035,Wife
28986,Husband
28986,Not-in-family
28986,Other-relative
28986,Own-child
28986,Unmarried
28986,Wife
29251,Husband
29251,Not-in-family
29251,Other-relative
29251,Own-child
29251,Unmarried
29251,Wife
48113,Husband
48113,Other-relative
48113,Own-child
48113,Wife
2892,Husband
2892,Other-relative
2892,Own-child
2892,Wife
15520,Husband
15520,Not-in-family
15520,Other-relative
15520,Own-child
15520,Unmarried
15520,Wife
38528,Husband
38528,Other-relative
38528,Own-child
38528,Wife
29637,Not-in-family
29637,Unmarried
4680,Husband
4680,Not-in-family
4680,Other-relative
4680,Own-child
4680,Unmarried
4680,Wife
26771,Husband
26771,Not-in-family
26771,Other-relative
26771,Own-child
26771,Unmarried
26771,Wife
5429,Not-in-family
5429,Unmarried
43383,Husband
43383,Not-in-family
43383,Other-relative
43383,Own-child
43383,Unmarried
43383,Wife
45228,Husband
45228,Other-relative
45228,Own-child
45228,Wife
22297,Husband
22297,Not-in-family
22297,Other-relative
22297,Own-child
22297,Unmarried
22297,Wife
17671,Husband
17671,Other-relative
17671,Own-child
17671,Wife
5874,Not-in-family
5874,Unmarried
9941,Husband
9941,Not-in-family
9941,Other-relative
9941,Own-child
9941,Unmarried
9941,Wife
6613,Husband
6613,Not-in-family
6613,Other-relative
6613,Own-child
6613,Unmarried
6613,Wife
44900,Husband
44900,Not-in-family
44900,Other-relative
44900,Own-child
44900,Unmarried
44900,Wife
40988,Not-in-family
40988,Unmarried
36247,Not-in-family
36247,Unmarried
33234,Husband
33234,Other-relative
33234,Own-child
33234,Wife
5061,Husband
5061,Other-relative
5061,Own-child
5061,Wife
48558,Husband
48558,Not-in-family
48558,Other-relative
48558,Own-child
48558,Unmarried
48558,Wife
6032,Husband
6032,Not-in-family
6032,Other-relative
6032,Own-child
6032,Unmarried
6032,Wife
9348,Husband
9348,Other-relative
9348,Own-child
9348,Wife
48571,Husband
48571,Not-in-family
48571,Other-relative
48571,Own-child
48571,Unmarried
48571,Wife
39298,Not-in-family
39298,Unmarried
2102,Husband
2102,Not-in-family
2102,Other-relative
2102,Own-child
2102,Unmarried
2102,Wife
18705,Husband
18705,Not-in-family
18705,Other-relative
18705,Own-child
18705,Unmarried
18705,Wife
32347,Husband
32347,Other-relative
32347,Own-child
32347,Wife
27721,Husband
27721,Not-in-family
27721,Other-relative
27721,Own-child
27721,Unmarried
27721,Wife
44465,Not-in-family
44465,Unmarried
20699,Husband
20699,Other-relative
20699,Own-child
20699,Wife
33715,Husband
33715,Not-in-family
33715,Other-relative
33715,Own-child
33715,Unmarried
33715,Wife
2954,Not-in-family
2954,Unmarried
40915,Not-in-family
40915,Unmarried
6672,Husband
6672,Not-in-family
6672,Other-relative
6672,Own-child
6672,Unmarried
6672,Wife
47495,Husband
47495,Not-in-family
47495,Other-relative
47495,Own-child
47495,Unmarried
47495,Wife
348,Not-in-family
348,Unmarried
6310,Husband
6310,Other-relative
6310,Own-child
6310,Wife
47414,Husband
47414,Not-in-family
47414,Other-relative
47414,Own-child
47414,Unmarried
47414,Wife
41452,Not-in-family
41452,Unmarried
27257,Husband
27257,Not-in-family
27257,Other-relative
27257,Own-child
27257,Unmarried
27257,Wife
19880,Husband
19880,Not-in-family
19880,Other-relative
19880,Own-child
19880,Unmarried
19880,Wife
8029,Husband
8029,Not-in-family
8029,Other-relative
8029,Own-child
8029,Unmarried
8029,Wife
8524,Husband
8524,Other-relative
8524,Own-child
8524,Wife
34916,Husband
34916,Not-in-family
34916,Other-relative
34916,Own-child
34916,Unmarried
34916,Wife
992,Husband
992,Not-in-family
992,Other-relative
992,Own-child
992,Unmarried
992,Wife
30074,Husband
30074,Other-relative
30074,Own-child
30074,Wife
17812,Husband
17812,Not-in-family
17812,Other-relative
17812,Own-child
17812,Unmarried
17812,Wife
27032,Husband
27032,Not-in-family
27032,Other-relative
27032,Own-child
27032,Unmarried
27032,Wife
32279,Not-in-family
32279,Unmarried
23780,Husband
23780,Not-in-family
23780,Other-relative
23780,Own-child
23780,Unmarried
23780,Wife
41121,Husband
41121,Not-in-family
41121,Other-relative
41121,Own-child
41121,Unmarried
41121,Wife
18385,Husband
18385,Not-in-family
18385,Other-relative
18385,Own-child
18385,Unmarried
18385,Wife
36545,Not-in-family
36545,Unmarried
11628,Husband
11628,Other-relative
11628,Own-child
11628,Wife
18258,Husband
18258,Other-relative
18258,Own-child
18258,Wife
11155,Husband
11155,Not-in-family
11155,Other-relative
11155,Own-child
11155,Unmarried
11155,Wife
14395,Not-in-family
14395,Unmarried
4066,Husband
4066,Other-relative
4066,Own-child
4066,Wife
4394,Not-in-family
4394,Unmarried
33583,Husband
33583,Other-relative
33583,Own-child
33583,Wife
20748,Husband
20748,Other-relative
20748,Own-child
20748,Wife
17630,Husband
17630,Not-in-family
17630,Other-relative
17630,Own-child
17630,Unmarried
17630,Wife
29005,Husband
29005,Other-relative
29005,Own-child
29005,Wife
27473,Husband
27473,Not-in-family
27473,Other-relative
27473,Own-child
27473,Unmarried
27473,Wife
6489,Husband
6489,Other-relative
6489,Own-child
6489,Wife
21205,Husband
21205,Not-in-family
21205,Other-relative
21205,Own-child
21205,Unmarried
21205,Wife
27033,Not-in-family
27033,Unmarried
5593,Husband
5593,Not-in-family
5593,Other-relative
5593,Own-child
5593,Unmarried
5593,Wife
16821,Husband
16821,Not-in-family
16821,Other-relative
16821,Own-child
16821,Unmarried
16821,Wife
45001,Husband
45001,Other-relative
45001,Own-child
45001,Wife
11176,Husband
11176,Other-relative
11176,Own-child
11176,Wife
36813,Husband
36813,Other-relative
36813,Own-child
36813,Wife
4400,Not-in-family
4400,Unmarried
25660,Husband
25660,Other-relative
25660,Own-child
25660,Wife
25094,Husband
25094,Not-in-family
25094,Other-relative
25094,Own-child
25094,Unmarried
25094,Wife
12749,Not-in-family
12749,Unmarried
1327,Husband
1327,Not-in-family
1327,Other-relative
1327,Own-child
1327,Unmarried
1327,Wife
26151,Husband
26151,Not-in-family
26151,Other-relative
26151,Own-child
26151,Unmarried
26151,Wife
29918,Husband
29918,Other-relative
29918,Own-child
29918,Wife
40949,Husband
40949,Not-in-family
40949,Other-relative
40949,Own-child
40949,Unmarried
40949,Wife
21936,Husband
21936,Other-relative
21936,Own-child
21936,Wife
44667,Not-in-family
44667,Unmarried
45437,Husband
45437,Other-relative
45437,Own-child
45437,Wife
40097,Not-in-family
40097,Unmarried
9601,Husband
9601,Not-in-family
9601,Other-relative
9601,Own-child
9601,Unmarried
9601,Wife
23056,Husband
23056,Not-in-family
23056,Other-relative
23056,Own-child
23056,Unmarried
23056,Wife
18292,Not-in-family
18292,Unmarried
4585,Husband
4585,Not-in-family
4585,Other-relative
4585,Own-child
4585,Unmarried
4585,Wife
44640,Husband
44640,Other-relative
44640,Own-child
44640,Wife
13939,Husband
13939,Other-relative
13939,Own-child
13939,Wife
17283,Husband
17283,Not-in-family
17283,Other-relative
17283,Own-child
17283,Unmarried
17283,Wife
855,Husband
855,Not-in-family
855,Other-relative
855,Own-child
855,Unmarried
855,Wife
32872,Husband
32872,Other-relative
32872,Own-child
32872,Wife
40639,Husband
40639,Not-in-family
40639,Other-relative
40639,Own-child
40639,Unmarried
40639,Wife
5270,Husband
5270,Not-in-family
5270,Other-relative
5270,Own-child
5270,Unmarried
5270,Wife
3576,Husband
3576,Other-relative
3576,Own-child
3576,Wife
14424,Husband
14424,Not-in-family
14424,Other-relative
14424,Own-child
14424,Unmarried
14424,Wife
6685,Husband
6685,Not-in-family
6685,Other-relative
6685,Own-child
6685,Unmarried
6685,Wife
28437,Not-in-family
28437,Unmarried
45210,Husband
45210,Not-in-family
45210,Other-relative
45210,Own-child
45210,Unmarried
45210,Wife
42006,Husband
42006,Other-relative
42006,Own-child
42006,Wife
15538,Husband
15538,Other-relative
15538,Own-child
15538,Wife
18414,Husband
18414,Other-relative
18414,Own-child
18414,Wife
17688,Husband
17688,Not-in-family
17688,Other-relative
17688,Own-child
17688,Unmarried
17688,Wife
29958,Husband
29958,Not-in-family
29958,Other-relative
29958,Own-child
29958,Unmarried
29958,Wife
19519,Husband
19519,Other-relative
19519,Own-child
19519,Wife
2288,Husband
2288,Not-in-family
2288,Other-relative
2288,Own-child
2288,Unmarried
2288,Wife
2600,Husband
2600,Not-in-family
2600,Other-relative
2600,Own-child
2600,Unmarried
2600,Wife
2963,Husband
2963,Other-relative
2963,Own-child
2963,Wife
21512,Husband
21512,Other-relative
21512,Own-child
21512,Wife
32807,Husband
32807,Not-in-family
32807,Other-relative
32807,Own-child
32807,Unmarried
32807,Wife
27880,Not-in-family
27880,Unmarried
11486,Husband
11486,Other-relative
11486,Own-child
11486,Wife
13948,Husband
13948,Other-relative
13948,Own-child
13948,Wife
35296,Husband
35296,Other-relative
35296,Own-child
35296,Wife
6198,Not-in-family
6198,Unmarried
229,Husband
229,Not-in-family
229,Other-relative
229,Own-child
229,Unmarried
229,Wife
39820,Not-in-family
39820,Unmarried
17920,Husband
17920,Other-relative
17920,Own-child
17920,Wife
37216,Husband
37216,Not-in-family
37216,Other-relative
37216,Own-child
37216,Unmarried
37216,Wife
30361,Husband
30361,Other-relative
30361,Own-child
30361,Wife
18602,Husband
18602,Not-in-family
18602,Other-relative
18602,Own-child
18602,Unmarried
18602,Wife
28458,Husband
28458,Not-in-family
28458,Other-relative
28458,Own-child
28458,Unmarried
28458,Wife
47483,Husband
47483,Not-in-family
47483,Other-relative
47483,Own-child
47483,Unmarried
47483,Wife
33455,Husband
33455,Not-in-family
33455,Other-relative
33455,Own-child
33455,Unmarried
33455,Wife
16039,Husband
16039,Other-relative
16039,Own-child
16039,Wife
30625,Not-in-family
30625,Unmarried
32118,Husband
32118,Not-in-family
32118,Other-relative
32118,Own-child
32118,Unmarried
32118,Wife
20986,Husband
20986,Other-relative
20986,Own-child
20986,Wife
5352,Husband
5352,Other-relative
5352,Own-child
5352,Wife
48038,Husband
48038,Not-in-family
48038,Other-relative
48038,Own-child
48038,Unmarried
48038,Wife
44289,Husband
44289,Not-in-family
44289,Other-relative
44289,Own-child
44289,Unmarried
44289,Wife
443,Husband
443,Not-in-family
443,Other-relative
443,Own-child
443,Unmarried
443,Wife
23226,Not-in-family
23226,Unmarried
23461,Not-in-family
23461,Unmarried
9263,Husband
9263,Not-in-family
9263,Other-relative
9263,Own-child
9263,Unmarried
9263,Wife
39757,Not-in-family
39757,Unmarried
37993,Husband
37993,Other-relative
37993,Own-child
37993,Wife
4842,Husband
4842,Not-in-family
4842,Other-relative
4842,Own-child
4842,Unmarried
4842,Wife
15712,Husband
15712,Not-in-family
15712,Other-relative
15712,Own-child
15712,Unmarried
15712,Wife
23437,Husband
23437,Other-relative
23437,Own-child
23437,Wife
6435,Not-in-family
6435,Unmarried
2900,Husband
2900,Not-in-family
2900,Other-relative
2900,Own-child
2900,Unmarried
2900,Wife
22517,Husband
22517,Not-in-family
22517,Other-relative
22517,Own-child
22517,Unmarried
22517,Wife
11823,Husband
11823,Not-in-family
11823,Other-relative
11823,Own-child
11823,Unmarried
11823,Wife
18625,Husband
18625,Not-in-family
18625,Other-relative
18625,Own-child
18625,Unmarried
18625,Wife
3463,Husband
3463,Other-relative
3463,Own-child
3463,Wife
32517,Husband
32517,Other-relative
32517,Own-child
32517,Wife
11183,Husband
11183,Other-relative
11183,Own-child
11183,Wife
16369,Husband
16369,Not-in-family
16369,Other-relative
16369,Own-child
16369,Unmarried
16369,Wife
47400,Husband
47400,Not-in-family
47400,Other-relative
47400,Own-child
47400,Unmarried
47400,Wife
32666,Husband
32666,Not-in-family
32666,Other-relative
32666,Own-child
32666,Unmarried
32666,Wife
22322,Husband
22322,Not-in-family
22322,Other-relative
22322,Own-child
22322,Unmarried
22322,Wife
9660,Husband
9660,Other-relative
9660,Own-child
9660,Wife
8896,Husband
8896,Not-in-family
8896,Other-relative
8896,Own-child
8896,Unmarried
8896,Wife
38962,Husband
38962,Not-in-family
38962,Other-relative
38962,Own-child
38962,Unmarried
38962,Wife
16904,Husband
16904,Other-relative
16904,Own-child
16904,Wife
25138,Husband
25138,Other-relative
25138,Own-child
25138,Wife
44284,Husband
44284,Not-in-family
44284,Other-relative
44284,Own-child
44284,Unmarried
44284,Wife
22509,Husband
22509,Not-in-family
22509,Other-relative
22509,Own-child
22509,Unmarried
22509,Wife
9512,Husband
9512,Not-in-family
9512,Other-relative
9512,Own-child
9512,Unmarried
9512,Wife
14748,Husband
14748,Other-relative
14748,Own-child
14748,Wife
24132,Husband
24132,Not-in-family
24132,Other-relative
24132,Own-child
24132,Unmarried
24132,Wife
15907,Not-in-family
15907,Unmarried
34462,Husband
34462,Not-in-family
34462,Other-relative
34462,Own-child
34462,Unmarried
34462,Wife
41405,Not-in-family
41405,Unmarried
5697,Not-in-family
5697,Unmarried
9424,Not-in-family
9424,Unmarried
30881,Husband
30881,Not-in-family
30881,Other-relative
30881,Own-child
30881,Unmarried
30881,Wife
18482,Husband
18482,Other-relative
18482,Own-child
18482,Wife
41819,Husband
41819,Not-in-family
41819,Other-relative
41819,Own-child
41819,Unmarried
41819,Wife
28028,Husband
28028,Other-relative
28028,Own-child
28028,Wife
8885,Husband
8885,Not-in-family
8885,Other-relative
8885,Own-child
8885,Unmarried
8885,Wife
11697,Not-in-family
11697,Unmarried
30728,Husband
30728,Not-in-family
30728,Other-relative
30728,Own-child
30728,Unmarried
30728,Wife
45398,Husband
45398,Not-in-family
45398,Other-relative
45398,Own-child
45398,Unmarried
45398,Wife
20293,Husband
20293,Not-in-family
20293,Other-relative
20293,Own-child
20293,Unmarried
20293,Wife
45439,Husband
45439,Not-in-family
45439,Other-relative
45439,Own-child
45439,Unmarried
45439,Wife
43657,Husband
43657,Not-in-family
43657,Other-relative
43657,Own-child
43657,Unmarried
43657,Wife
45646,Husband
45646,Not-in-family
45646,Other-relative
45646,Own-child
45646,Unmarried
45646,Wife
46883,Husband
46883,Not-in-family
46883,Other-relative
46883,Own-child
46883,Unmarried
46883,Wife
33662,Husband
33662,Other-relative
33662,Own-child
33662,Wife
20248,Husband
20248,Not-in-family
20248,Other-relative
20248,Own-child
20248,Unmarried
20248,Wife
24565,Husband
24565,Other-relative
24565,Own-child
24565,Wife
30022,Husband
30022,Other-relative
30022,Own-child
30022,Wife
11400,Not-in-family
11400,Unmarried
24505,Husband
24505,Not-in-family
24505,Other-relative
24505,Own-child
24505,Unmarried
24505,Wife
8205,Husband
8205,Other-relative
8205,Own-child
8205,Wife
1796,Husband
1796,Not-in-family
1796,Other-relative
1796,Own-child
1796,Unmarried
1796,Wife
1246,Husband
1246,Not-in-family
1246,Other-relative
1246,Own-child
1246,Unmarried
1246,Wife
47690,Husband
47690,Not-in-family
47690,Other-relative
47690,Own-child
47690,Unmarried
47690,Wife
27873,Husband
27873,Other-relative
27873,Own-child
27873,Wife
31728,Husband
31728,Not-in-family
31728,Other-relative
31728,Own-child
31728,Unmarried
31728,Wife
12943,Husband
12943,Other-relative
12943,Own-child
12943,Wife
25956,Not-in-family
25956,Unmarried
33390,Husband
33390,Other-relative
33390,Own-child
33390,Wife
23596,Husband
23596,Other-relative
23596,Own-child
23596,Wife
3917,Husband
3917,Other-relative
3917,Own-child
3917,Wife
45443,Husband
45443,Not-in-family
45443,Other-relative
45443,Own-child
45443,Unmarried
45443,Wife
32297,Husband
32297,Other-relative
32297,Own-child
32297,Wife
37095,Not-in-family
37095,Unmarried
4461,Husband
4461,Other-relative
4461,Own-child
4461,Wife
21247,Husband
21247,Other-relative
21247,Own-child
21247,Wife
34634,Husband
34634,Not-in-family
34634,Other-relative
34634,Own-child
34634,Unmarried
34634,Wife
42320,Not-in-family
42320,Unmarried
23040,Husband
23040,Other-relative
23040,Own-child
23040,Wife
17826,Husband
17826,Not-in-family
17826,Other-relative
17826,Own-child
17826,Unmarried
17826,Wife
40971,Husband
40971,Other-relative
40971,Own-child
40971,Wife
46485,Husband
46485,Not-in-family
46485,Other-relative
46485,Own-child
46485,Unmarried
46485,Wife
17879,Husband
17879,Not-in-family
17879,Other-relative
17879,Own-child
17879,Unmarried
17879,Wife
45144,Husband
45144,Not-in-family
45144,Other-relative
45144,Own-child
45144,Unmarried
45144,Wife
756,Husband
756,Other-relative
756,Own-child
756,Wife
28203,Husband
28203,Not-in-family
28203,Other-relative
28203,Own-child
28203,Unmarried
28203,Wife
31778,Not-in-family
31778,Unmarried
29690,Not-in-family
29690,Unmarried
25497,Husband
25497,Not-in-family
25497,Other-relative
25497,Own-child
25497,Unmarried
25497,Wife
3612,Husband
3612,Not-in-family
3612,Other-relative
3612,Own-child
3612,Unmarried
3612,Wife
4516,Not-in-family
4516,Unmarried
25175,Husband
25175,Other-relative
25175,Own-child
25175,Wife
5682,Husband
5682,Other-relative
5682,Own-child
5682,Wife
29692,Not-in-family
29692,Unmarried
17010,Husband
17010,Not-in-family
17010,Other-relative
17010,Own-child
17010,Unmarried
17010,Wife
6161,Not-in-family
6161,Unmarried
4562,Husband
4562,Not-in-family
4562,Other-relative
4562,Own-child
4562,Unmarried
4562,Wife
47269,Husband
47269,Not-in-family
47269,Other-relative
47269,Own-child
47269,Unmarried
47269,Wife
15006,Husband
15006,Other-relative
15006,Own-child
15006,Wife
42026,Husband
42026,Not-in-family
42026,Other-relative
42026,Own-child
42026,Unmarried
42026,Wife
2000,Not-in-family
2000,Unmarried
37647,Husband
37647,Not-in-family
37647,Other-relative
37647,Own-child
37647,Unmarried
37647,Wife
10216,Not-in-family
10216,Unmarried
32124,Husband
32124,Not-in-family
32124,Other-relative
32124,Own-child
32124,Unmarried
32124,Wife
6318,Husband
6318,Other-relative
6318,Own-child
6318,Wife
27876,Husband
27876,Other-relative
27876,Own-child
27876,Wife
7054,Not-in-family
7054,Unmarried
38967,Husband
38967,Other-relative
38967,Own-child
38967,Wife
38011,Husband
38011,Not-in-family
38011,Other-relative
38011,Own-child
38011,Unmarried
38011,Wife
17057,Husband
17057,Not-in-family
17057,Other-relative
17057,Own-child
17057,Unmarried
17057,Wife
5799,Husband
5799,Other-relative
5799,Own-child
5799,Wife
45455,Husband
45455,Not-in-family
45455,Other-relative
45455,Own-child
45455,Unmarried
45455,Wife
9091,Husband
9091,Other-relative
9091,Own-child
9091,Wife
44115,Husband
44115,Other-relative
44115,Own-child
44115,Wife
13639,Husband
13639,Not-in-family
13639,Other-relative
13639,Own-child
13639,Unmarried
13639,Wife
7893,Husband
7893,Other-relative
7893,Own-child
7893,Wife
16341,Not-in-family
16341,Unmarried
40348,Husband
40348,Not-in-family
40348,Other-relative
40348,Own-child
40348,Unmarried
40348,Wife
20096,Husband
20096,Not-in-family
20096,Other-relative
20096,Own-child
20096,Unmarried
20096,Wife
47679,Husband
47679,Not-in-family
47679,Other-relative
47679,Own-child
47679,Unmarried
47679,Wife
43679,Not-in-family
43679,Unmarried
7300,Husband
7300,Not-in-family
7300,Other-relative
7300,Own-child
7300,Unmarried
7300,Wife
7370,Not-in-family
7370,Unmarried
29261,Husband
29261,Not-in-family
29261,Other-relative
29261,Own-child
29261,Unmarried
29261,Wife
38982,Husband
38982,Not-in-family
38982,Other-relative
38982,Own-child
38982,Unmarried
38982,Wife
17856,Husband
17856,Not-in-family
17856,Other-relative
17856,Own-child
17856,Unmarried
17856,Wife
11684,Husband
11684,Not-in-family
11684,Other-relative
11684,Own-child
11684,Unmarried
11684,Wife
907,Husband
907,Other-relative
907,Own-child
907,Wife
11877,Husband
11877,Not-in-family
11877,Other-relative
11877,Own-child
11877,Unmarried
11877,Wife
34606,Husband
34606,Not-in-family
34606,Other-relative
34606,Own-child
34606,Unmarried
34606,Wife
18167,Husband
18167,Not-in-family
18167,Other-relative
18167,Own-child
18167,Unmarried
18167,Wife
20796,Husband
20796,Not-in-family
20796,Other-relative
20796,Own-child
20796,Unmarried
20796,Wife
18580,Not-in-family
18580,Unmarried
2543,Husband
2543,Not-in-family
2543,Other-relative
2543,Own-child
2543,Unmarried
2543,Wife
37768,Husband
37768,Not-in-family
37768,Other-relative
37768,Own-child
37768,Unmarried
37768,Wife
20404,Husband
20404,Not-in-family
20404,Other-relative
20404,Own-child
20404,Unmarried
20404,Wife
43935,Husband
43935,Other-relative
43935,Own-child
43935,Wife
38765,Husband
38765,Other-relative
38765,Own-child
38765,Wife
11759,Husband
11759,Not-in-family
11759,Other-relative
11759,Own-child
11759,Unmarried
11759,Wife
2596,Husband
2596,Not-in-family
2596,Other-relative
2596,Own-child
2596,Unmarried
2596,Wife
39823,Husband
39823,Other-relative
39823,Own-child
39823,Wife
11748,Husband
11748,Not-in-family
11748,Other-relative
11748,Own-child
11748,Unmarried
11748,Wife
14222,Husband
14222,Not-in-family
14222,Other-relative
14222,Own-child
14222,Unmarried
14222,Wife
48248,Husband
48248,Not-in-family
48248,Other-relative
48248,Own-child
48248,Unmarried
48248,Wife
19341,Husband
19341,Other-relative
19341,Own-child
19341,Wife
110,Husband
110,Other-relative
110,Own-child
110,Wife
10658,Husband
10658,Not-in-family
10658,Other-relative
10658,Own-child
10658,Unmarried
10658,Wife
20040,Not-in-family
20040,Unmarried
22855,Not-in-family
22855,Unmarried
16171,Husband
16171,Not-in-family
16171,Other-relative
16171,Own-child
16171,Unmarried
16171,Wife
4440,Husband
4440,Other-relative
4440,Own-child
4440,Wife
11856,Husband
11856,Not-in-family
11856,Other-relative
11856,Own-child
11856,Unmarried
11856,Wife
40035,Husband
40035,Other-relative
40035,Own-child
40035,Wife
13171,Husband
13171,Not-in-family
13171,Other-relative
13171,Own-child
13171,Unmarried
13171,Wife
7350,Husband
7350,Not-in-family
7350,Other-relative
7350,Own-child
7350,Unmarried
7350,Wife
10645,Husband
10645,Not-in-family
10645,Other-relative
10645,Own-child
10645,Unmarried
10645,Wife
25196,Husband
25196,Not-in-family
25196,Other-relative
25196,Own-child
25196,Unmarried
25196,Wife
28799,Husband
28799,Not-in-family
28799,Other-relative
28799,Own-child
28799,Unmarried
28799,Wife
20411,Husband
20411,Not-in-family
20411,Other-relative
20411,Own-child
20411,Unmarried
20411,Wife
4558,Husband
4558,Other-relative
4558,Own-child
4558,Wife
31600,Husband
31600,Not-in-family
31600,Other-relative
31600,Own-child
31600,Unmarried
31600,Wife
41970,Husband
41970,Other-relative
41970,Own-child
41970,Wife
40286,Husband
40286,Other-relative
40286,Own-child
40286,Wife
37699,Husband
37699,Other-relative
37699,Own-child
37699,Wife
54,Not-in-family
54,Unmarried
41905,Husband
41905,Not-in-family
41905,Other-relative
41905,Own-child
41905,Unmarried
41905,Wife
25177,Not-in-family
25177,Unmarried
4153,Not-in-family
4153,Unmarried
10986,Husband
10986,Not-in-family
10986,Other-relative
10986,Own-child
10986,Unmarried
10986,Wife
4008,Husband
4008,Other-relative
4008,Own-child
4008,Wife
30950,Husband
30950,Not-in-family
30950,Other-relative
30950,Own-child
30950,Unmarried
30950,Wife
7499,Husband
7499,Other-relative
7499,Own-child
7499,Wife
12010,Not-in-family
12010,Unmarried
18757,Not-in-family
18757,Unmarried
40827,Husband
40827,Other-relative
40827,Own-child
40827,Wife
14934,Husband
14934,Other-relative
14934,Own-child
14934,Wife
35251,Husband
35251,Other-relative
35251,Own-child
35251,Wife
36554,Husband
36554,Other-relative
36554,Own-child
36554,Wife
29990,Husband
29990,Not-in-family
29990,Other-relative
29990,Own-child
29990,Unmarried
29990,Wife
3580,Husband
3580,Not-in-family
3580,Other-relative
3580,Own-child
3580,Unmarried
3580,Wife
8610,Husband
8610,Other-relative
8610,Own-child
8610,Wife
26676,Not-in-family
26676,Unmarried
36707,Husband
36707,Other-relative
36707,Own-child
36707,Wife
36621,Not-in-family
36621,Unmarried
16820,Not-in-family
16820,Unmarried
43175,Not-in-family
43175,Unmarried
24526,Husband
24526,Not-in-family
24526,Other-relative
24526,Own-child
24526,Unmarried
24526,Wife
45623,Not-in-family
45623,Unmarried
9667,Husband
9667,Other-relative
9667,Own-child
9667,Wife
15217,Not-in-family
15217,Unmarried
3191,Not-in-family
3191,Unmarried
44765,Husband
44765,Other-relative
44765,Own-child
44765,Wife
22216,Not-in-family
22216,Unmarried
46397,Husband
46397,Other-relative
46397,Own-child
46397,Wife
5487,Husband
5487,Other-relative
5487,Own-child
5487,Wife
28136,Husband
28136,Not-in-family
28136,Other-relative
28136,Own-child
28136,Unmarried
28136,Wife
39277,Husband
39277,Other-relative
39277,Own-child
39277,Wife
37655,Not-in-family
37655,Unmarried
23844,Husband
23844,Other-relative
23844,Own-child
23844,Wife
33302,Husband
33302,Other-relative
33302,Own-child
33302,Wife
3673,Husband
3673,Not-in-family
3673,Other-relative
3673,Own-child
3673,Unmarried
3673,Wife
24649,Husband
24649,Not-in-family
24649,Other-relative
24649,Own-child
24649,Unmarried
24649,Wife
21885,Husband
21885,Other-relative
21885,Own-child
21885,Wife
1705,Husband
1705,Not-in-family
1705,Other-relative
1705,Own-child
1705,Unmarried
1705,Wife
31463,Husband
31463,Not-in-family
31463,Other-relative
31463,Own-child
31463,Unmarried
31463,Wife
2896,Husband
2896,Other-relative
2896,Own-child
2896,Wife
12115,Husband
12115,Not-in-family
12115,Other-relative
12115,Own-child
12115,Unmarried
12115,Wife
27601,Husband
27601,Not-in-family
27601,Other-relative
27601,Own-child
27601,Unmarried
27601,Wife
6213,Husband
6213,Not-in-family
6213,Other-relative
6213,Own-child
6213,Unmarried
6213,Wife
11849,Husband
11849,Not-in-family
11849,Other-relative
11849,Own-child
11849,Unmarried
11849,Wife
23585,Husband
23585,Not-in-family
23585,Other-relative
23585,Own-child
23585,Unmarried
23585,Wife
41384,Husband
41384,Not-in-family
41384,Other-relative
41384,Own-child
41384,Unmarried
41384,Wife
22914,Husband
22914,Not-in-family
22914,Other-relative
22914,Own-child
22914,Unmarried
22914,Wife
32917,Husband
32917,Not-in-family
32917,Other-relative
32917,Own-child
32917,Unmarried
32917,Wife
48045,Husband
48045,Other-relative
48045,Own-child
48045,Wife
27099,Husband
27099,Not-in-family
27099,Other-relative
27099,Own-child
27099,Unmarried
27099,Wife
16740,Husband
16740,Not-in-family
16740,Other-relative
16740,Own-child
16740,Unmarried
16740,Wife
38582,Husband
38582,Not-in-family
38582,Other-relative
38582,Own-child
38582,Unmarried
38582,Wife
25280,Husband
25280,Not-in-family
25280,Other-relative
25280,Own-child
25280,Unmarried
25280,Wife
11022,Husband
11022,Not-in-family
11022,Other-relative
11022,Own-child
11022,Unmarried
11022,Wife
31479,Not-in-family
31479,Unmarried
31157,Husband
31157,Not-in-family
31157,Other-relative
31157,Own-child
31157,Unmarried
31157,Wife
2960,Not-in-family
2960,Unmarried
8318,Husband
8318,Other-relative
8318,Own-child
8318,Wife
42847,Husband
42847,Not-in-family
42847,Other-relative
42847,Own-child
42847,Unmarried
42847,Wife
32186,Husband
32186,Not-in-family
32186,Other-relative
32186,Own-child
32186,Unmarried
32186,Wife
16391,Not-in-family
16391,Unmarried
45757,Husband
45757,Other-relative
45757,Own-child
45757,Wife
13246,Husband
13246,Not-in-family
13246,Other-relative
13246,Own-child
13246,Unmarried
13246,Wife
47479,Husband
47479,Other-relative
47479,Own-child
47479,Wife
16915,Husband
16915,Other-relative
16915,Own-child
16915,Wife
10151,Husband
10151,Other-relative
10151,Own-child
10151,Wife
9990,Husband
9990,Not-in-family
9990,Other-relative
9990,Own-child
9990,Unmarried
9990,Wife
7894,Husband
7894,Not-in-family
7894,Other-relative
7894,Own-child
7894,Unmarried
7894,Wife
27903,Husband
27903,Not-in-family
27903,Other-relative
27903,Own-child
27903,Unmarried
27903,Wife
45441,Husband
45441,Other-relative
45441,Own-child
45441,Wife
26196,Husband
26196,Not-in-family
26196,Other-relative
26196,Own-child
26196,Unmarried
26196,Wife
6406,Husband
6406,Not-in-family
6406,Other-relative
6406,Own-child
6406,Unmarried
6406,Wife
43478,Husband
43478,Not-in-family
43478,Other-relative
43478,Own-child
43478,Unmarried
43478,Wife
34238,Not-in-family
34238,Unmarried
21292,Husband
21292,Other-relative
21292,Own-child
21292,Wife
5256,Husband
5256,Other-relative
5256,Own-child
5256,Wife
47748,Husband
47748,Not-in-family
47748,Other-relative
47748,Own-child
47748,Unmarried
47748,Wife
5991,Husband
5991,Not-in-family
5991,Other-relative
5991,Own-child
5991,Unmarried
5991,Wife
39189,Not-in-family
39189,Unmarried
5151,Not-in-family
5151,Unmarried
29135,Husband
29135,Other-relative
29135,Own-child
29135,Wife
33119,Husband
33119,Other-relative
33119,Own-child
33119,Wife
24081,Not-in-family
24081,Unmarried
43460,Husband
43460,Not-in-family
43460,Other-relative
43460,Own-child
43460,Unmarried
43460,Wife
10776,Husband
10776,Other-relative
10776,Own-child
10776,Wife
26674,Husband
26674,Not-in-family
26674,Other-relative
26674,Own-child
26674,Unmarried
26674,Wife
23959,Husband
23959,Not-in-family
23959,Other-relative
23959,Own-child
23959,Unmarried
23959,Wife
21958,Not-in-family
21958,Unmarried
6805,Husband
6805,Not-in-family
6805,Other-relative
6805,Own-child
6805,Unmarried
6805,Wife
41566,Not-in-family
41566,Unmarried
46127,Husband
46127,Other-relative
46127,Own-child
46127,Wife
48296,Husband
48296,Not-in-family
48296,Other-relative
48296,Own-child
48296,Unmarried
48296,Wife
23633,Husband
23633,Not-in-family
23633,Other-relative
23633,Own-child
23633,Unmarried
23633,Wife
19122,Not-in-family
19122,Unmarried
18614,Husband
18614,Not-in-family
18614,Other-relative
18614,Own-child
18614,Unmarried
18614,Wife
47717,Husband
47717,Not-in-family
47717,Other-relative
47717,Own-child
47717,Unmarried
47717,Wife
4233,Not-in-family
4233,Unmarried
28972,Not-in-family
28972,Unmarried
16059,Husband
16059,Other-relative
16059,Own-child
16059,Wife
26150,Husband
26150,Not-in-family
26150,Other-relative
26150,Own-child
26150,Unmarried
26150,Wife
5569,Not-in-family
5569,Unmarried
16518,Husband
16518,Not-in-family
16518,Other-relative
16518,Own-child
16518,Unmarried
16518,Wife
32536,Husband
32536,Not-in-family
32536,Other-relative
32536,Own-child
32536,Unmarried
32536,Wife
6106,Husband
6106,Not-in-family
6106,Other-relative
6106,Own-child
6106,Unmarried
6106,Wife
21879,Not-in-family
21879,Unmarried
29930,Husband
29930,Not-in-family
29930,Other-relative
29930,Own-child
29930,Unmarried
29930,Wife
26623,Husband
26623,Not-in-family
26623,Other-relative
26623,Own-child
26623,Unmarried
26623,Wife
13005,Husband
13005,Other-relative
13005,Own-child
13005,Wife
29618,Husband
29618,Not-in-family
29618,Other-relative
29618,Own-child
29618,Unmarried
29618,Wife
16407,Husband
16407,Other-relative
16407,Own-child
16407,Wife
28829,Husband
28829,Not-in-family
28829,Other-relative
28829,Own-child
28829,Unmarried
28829,Wife
12284,Husband
12284,Not-in-family
12284,Other-relative
12284,Own-child
12284,Unmarried
12284,Wife
14055,Husband
14055,Not-in-family
14055,Other-relative
14055,Own-child
14055,Unmarried
14055,Wife
32346,Husband
32346,Not-in-family
32346,Other-relative
32346,Own-child
32346,Unmarried
32346,Wife
24373,Not-in-family
24373,Unmarried
40970,Husband
40970,Other-relative
40970,Own-child
40970,Wife
46621,Husband
46621,Other-relative
46621,Own-child
46621,Wife
48150,Husband
48150,Not-in-family
48150,Other-relative
48150,Own-child
48150,Unmarried
48150,Wife
22211,Husband
22211,Not-in-family
22211,Other-relative
22211,Own-child
22211,Unmarried
22211,Wife
43466,Husband
43466,Not-in-family
43466,Other-relative
43466,Own-child
43466,Unmarried
43466,Wife
38251,Not-in-family
38251,Unmarried
34432,Husband
34432,Not-in-family
34432,Other-relative
34432,Own-child
34432,Unmarried
34432,Wife
37841,Husband
37841,Not-in-family
37841,Other-relative
37841,Own-child
37841,Unmarried
37841,Wife
24795,Husband
24795,Not-in-family
24795,Other-relative
24795,Own-child
24795,Unmarried
24795,Wife
4485,Not-in-family
4485,Unmarried
27714,Not-in-family
27714,Unmarried
20384,Husband
20384,Not-in-family
20384,Other-relative
20384,Own-child
20384,Unmarried
20384,Wife
10531,Not-in-family
10531,Unmarried
46814,Husband
46814,Other-relative
46814,Own-child
46814,Wife
35940,Not-in-family
35940,Unmarried
43456,Husband
43456,Not-in-family
43456,Other-relative
43456,Own-child
43456,Unmarried
43456,Wife
35742,Husband
35742,Not-in-family
35742,Other-relative
35742,Own-child
35742,Unmarried
35742,Wife
5009,Husband
5009,Other-relative
5009,Own-child
5009,Wife
34451,Husband
34451,Other-relative
34451,Own-child
34451,Wife
32992,Husband
32992,Not-in-family
32992,Other-relative
32992,Own-child
32992,Unmarried
32992,Wife
45480,Husband
45480,Not-in-family
45480,Other-relative
45480,Own-child
45480,Unmarried
45480,Wife
29793,Husband
29793,Other-relative
29793,Own-child
29793,Wife
4800,Husband
4800,Other-relative
4800,Own-child
4800,Wife
47012,Husband
47012,Not-in-family
47012,Other-relative
47012,Own-child
47012,Unmarried
47012,Wife
31436,Not-in-family
31436,Unmarried
39513,Husband
39513,Not-in-family
39513,Other-relative
39513,Own-child
39513,Unmarried
39513,Wife
6626,Husband
6626,Not-in-family
6626,Other-relative
6626,Own-child
6626,Unmarried
6626,Wife
39171,Husband
39171,Not-in-family
39171,Other-relative
39171,Own-child
39171,Unmarried
39171,Wife
23749,Husband
23749,Not-in-family
23749,Other-relative
23749,Own-child
23749,Unmarried
23749,Wife
48570,Husband
48570,Not-in-family
48570,Other-relative
48570,Own-child
48570,Unmarried
48570,Wife
30438,Husband
30438,Not-in-family
30438,Other-relative
30438,Own-child
30438,Unmarried
30438,Wife
41908,Husband
41908,Other-relative
41908,Own-child
41908,Wife
41104,Not-in-family
41104,Unmarried
46768,Not-in-family
46768,Unmarried
9283,Not-in-family
9283,Unmarried
26682,Not-in-family
26682,Unmarried
27939,Husband
27939,Other-relative
27939,Own-child
27939,Wife
34853,Husband
34853,Other-relative
34853,Own-child
34853,Wife
9467,Not-in-family
9467,Unmarried
34745,Husband
34745,Not-in-family
34745,Other-relative
34745,Own-child
34745,Unmarried
34745,Wife
6079,Husband
6079,Not-in-family
6079,Other-relative
6079,Own-child
6079,Unmarried
6079,Wife
167,Not-in-family
167,Unmarried
42810,Husband
42810,Not-in-family
42810,Other-relative
42810,Own-child
42810,Unmarried
42810,Wife
11979,Husband
11979,Not-in-family
11979,Other-relative
11979,Own-child
11979,Unmarried
11979,Wife
43754,Husband
43754,Other-relative
43754,Own-child
43754,Wife
24208,Husband
24208,Not-in-family
24208,Other-relative
24208,Own-child
24208,Unmarried
24208,Wife
35715,Husband
35715,Other-relative
35715,Own-child
35715,Wife
41170,Husband
41170,Other-relative
41170,Own-child
41170,Wife
21501,Husband
21501,Other-relative
21501,Own-child
21501,Wife
47362,Husband
47362,Other-relative
47362,Own-child
47362,Wife
46893,Husband
46893,Not-in-family
46893,Other-relative
46893,Own-child
46893,Unmarried
46893,Wife
13342,Husband
13342,Not-in-family
13342,Other-relative
13342,Own-child
13342,Unmarried
13342,Wife
12209,Husband
12209,Other-relative
12209,Own-child
12209,Wife
30250,Husband
30250,Not-in-family
30250,Other-relative
30250,Own-child
30250,Unmarried
30250,Wife
7230,Husband
7230,Not-in-family
7230,Other-relative
7230,Own-child
7230,Unmarried
7230,Wife
32635,Husband
32635,Other-relative
32635,Own-child
32635,Wife
32156,Husband
32156,Other-relative
32156,Own-child
32156,Wife
8611,Husband
8611,Other-relative
8611,Own-child
8611,Wife
34869,Husband
34869,Not-in-family
34869,Other-relative
34869,Own-child
34869,Unmarried
34869,Wife
30606,Husband
30606,Other-relative
30606,Own-child
30606,Wife
25040,Husband
25040,Other-relative
25040,Own-child
25040,Wife
37656,Husband
37656,Other-relative
37656,Own-child
37656,Wife
4285,Husband
4285,Other-relative
4285,Own-child
4285,Wife
10149,Husband
10149,Not-in-family
10149,Other-relative
10149,Own-child
10149,Unmarried
10149,Wife
43448,Husband
43448,Other-relative
43448,Own-child
43448,Wife
46054,Husband
46054,Not-in-family
46054,Other-relative
46054,Own-child
46054,Unmarried
46054,Wife
36375,Husband
36375,Other-relative
36375,Own-child
36375,Wife
14401,Not-in-family
14401,Unmarried
37968,Husband
37968,Other-relative
37968,Own-child
37968,Wife
13789,Husband
13789,Not-in-family
13789,Other-relative
13789,Own-child
13789,Unmarried
13789,Wife
14365,Husband
14365,Other-relative
14365,Own-child
14365,Wife
44882,Husband
44882,Other-relative
44882,Own-child
44882,Wife
8032,Husband
8032,Not-in-family
8032,Other-relative
8032,Own-child
8032,Unmarried
8032,Wife
12499,Husband
12499,Not-in-family
12499,Other-relative
12499,Own-child
12499,Unmarried
12499,Wife
27430,Husband
27430,Not-in-family
27430,Other-relative
27430,Own-child
27430,Unmarried
27430,Wife
31657,Husband
31657,Other-relative
31657,Own-child
31657,Wife
22471,Husband
22471,Other-relative
22471,Own-child
22471,Wife
9387,Husband
9387,Not-in-family
9387,Other-relative
9387,Own-child
9387,Unmarried
9387,Wife
17517,Husband
17517,Not-in-family
17517,Other-relative
17517,Own-child
17517,Unmarried
17517,Wife
18345,Husband
18345,Not-in-family
18345,Other-relative
18345,Own-child
18345,Unmarried
18345,Wife
23055,Husband
23055,Other-relative
23055,Own-child
23055,Wife
16714,Husband
16714,Not-in-family
16714,Other-relative
16714,Own-child
16714,Unmarried
16714,Wife
5372,Husband
5372,Other-relative
5372,Own-child
5372,Wife
44610,Husband
44610,Other-relative
44610,Own-child
44610,Wife
28051,Husband
28051,Not-in-family
28051,Other-relative
28051,Own-child
28051,Unmarried
28051,Wife
7941,Husband
7941,Not-in-family
7941,Other-relative
7941,Own-child
7941,Unmarried
7941,Wife
38479,Husband
38479,Not-in-family
38479,Other-relative
38479,Own-child
38479,Unmarried
38479,Wife
1746,Husband
1746,Other-relative
1746,Own-child
1746,Wife
45107,Husband
45107,Not-in-family
45107,Other-relative
45107,Own-child
45107,Unmarried
45107,Wife
9216,Husband
9216,Not-in-family
9216,Other-relative
9216,Own-child
9216,Unmarried
9216,Wife
18367,Husband
18367,Other-relative
18367,Own-child
18367,Wife
3574,Husband
3574,Other-relative
3574,Own-child
3574,Wife
718,Husband
718,Other-relative
718,Own-child
718,Wife
20287,Husband
20287,Not-in-family
20287,Other-relative
20287,Own-child
20287,Unmarried
20287,Wife
10591,Husband
10591,Other-relative
10591,Own-child
10591,Wife
36415,Husband
36415,Not-in-family
36415,Other-relative
36415,Own-child
36415,Unmarried
36415,Wife
46492,Husband
46492,Other-relative
46492,Own-child
46492,Wife
37131,Husband
37131,Other-relative
37131,Own-child
37131,Wife
41218,Husband
41218,Not-in-family
41218,Other-relative
41218,Own-child
41218,Unmarried
41218,Wife
17194,Husband
17194,Not-in-family
17194,Other-relative
17194,Own-child
17194,Unmarried
17194,Wife
39570,Husband
39570,Not-in-family
39570,Other-relative
39570,Own-child
39570,Unmarried
39570,Wife
12686,Husband
12686,Not-in-family
12686,Other-relative
12686,Own-child
12686,Unmarried
12686,Wife
25353,Husband
25353,Not-in-family
25353,Other-relative
25353,Own-child
25353,Unmarried
25353,Wife
43641,Husband
43641,Other-relative
43641,Own-child
43641,Wife
43975,Not-in-family
43975,Unmarried
30507,Husband
30507,Not-in-family
30507,Other-relative
30507,Own-child
30507,Unmarried
30507,Wife
2487,Husband
2487,Not-in-family
2487,Other-relative
2487,Own-child
2487,Unmarried
2487,Wife
8407,Not-in-family
8407,Unmarried
25256,Not-in-family
25256,Unmarried
39564,Not-in-family
39564,Unmarried
2799,Husband
2799,Other-relative
2799,Own-child
2799,Wife
24971,Husband
24971,Not-in-family
24971,Other-relative
24971,Own-child
24971,Unmarried
24971,Wife
40999,Husband
40999,Other-relative
40999,Own-child
40999,Wife
22440,Husband
22440,Not-in-family
22440,Other-relative
22440,Own-child
22440,Unmarried
22440,Wife
9109,Not-in-family
9109,Unmarried
48433,Not-in-family
48433,Unmarried
9172,Not-in-family
9172,Unmarried
23302,Husband
23302,Not-in-family
23302,Other-relative
23302,Own-child
23302,Unmarried
23302,Wife
21309,Husband
21309,Other-relative
21309,Own-child
21309,Wife
45960,Husband
45960,Not-in-family
45960,Other-relative
45960,Own-child
45960,Unmarried
45960,Wife
11634,Husband
11634,Other-relative
11634,Own-child
11634,Wife
3794,Husband
3794,Not-in-family
3794,Other-relative
3794,Own-child
3794,Unmarried
3794,Wife
21811,Husband
21811,Not-in-family
21811,Other-relative
21811,Own-child
21811,Unmarried
21811,Wife
15289,Husband
15289,Other-relative
15289,Own-child
15289,Wife
34435,Husband
34435,Not-in-family
34435,Other-relative
34435,Own-child
34435,Unmarried
34435,Wife
25318,Husband
25318,Not-in-family
25318,Other-relative
25318,Own-child
25318,Unmarried
25318,Wife
13553,Not-in-family
13553,Unmarried
28355,Husband
28355,Not-in-family
28355,Other-relative
28355,Own-child
28355,Unmarried
28355,Wife
16630,Not-in-family
16630,Unmarried
15024,Husband
15024,Other-relative
15024,Own-child
15024,Wife
14611,Husband
14611,Not-in-family
14611,Other-relative
14611,Own-child
14611,Unmarried
14611,Wife
46193,Husband
46193,Not-in-family
46193,Other-relative
46193,Own-child
46193,Unmarried
46193,Wife
43075,Husband
43075,Not-in-family
43075,Other-relative
43075,Own-child
43075,Unmarried
43075,Wife
20592,Husband
20592,Not-in-family
20592,Other-relative
20592,Own-child
20592,Unmarried
20592,Wife
20694,Husband
20694,Not-in-family
20694,Other-relative
20694,Own-child
20694,Unmarried
20694,Wife
19123,Husband
19123,Not-in-family
19123,Other-relative
19123,Own-child
19123,Unmarried
19123,Wife
7606,Husband
7606,Not-in-family
7606,Other-relative
7606,Own-child
7606,Unmarried
7606,Wife
24633,Husband
24633,Not-in-family
24633,Other-relative
24633,Own-child
24633,Unmarried
24633,Wife
23691,Husband
23691,Other-relative
23691,Own-child
23691,Wife
47158,Husband
47158,Not-in-family
47158,Other-relative
47158,Own-child
47158,Unmarried
47158,Wife
36185,Husband
36185,Not-in-family
36185,Other-relative
36185,Own-child
36185,Unmarried
36185,Wife
23072,Not-in-family
23072,Unmarried
47104,Husband
47104,Other-relative
47104,Own-child
47104,Wife
26338,Husband
26338,Other-relative
26338,Own-child
26338,Wife
28962,Husband
28962,Other-relative
28962,Own-child
28962,Wife
41778,Husband
41778,Not-in-family
41778,Other-relative
41778,Own-child
41778,Unmarried
41778,Wife
1237,Husband
1237,Other-relative
1237,Own-child
1237,Wife
45565,Husband
45565,Not-in-family
45565,Other-relative
45565,Own-child
45565,Unmarried
45565,Wife
29865,Husband
29865,Not-in-family
29865,Other-relative
29865,Own-child
29865,Unmarried
29865,Wife
17877,Husband
17877,Other-relative
17877,Own-child
17877,Wife
2593,Husband
2593,Not-in-family
2593,Other-relative
2593,Own-child
2593,Unmarried
2593,Wife
9431,Husband
9431,Other-relative
9431,Own-child
9431,Wife
44222,Husband
44222,Other-relative
44222,Own-child
44222,Wife
12835,Not-in-family
12835,Unmarried
8861,Husband
8861,Not-in-family
8861,Other-relative
8861,Own-child
8861,Unmarried
8861,Wife
32858,Husband
32858,Not-in-family
32858,Other-relative
32858,Own-child
32858,Unmarried
32858,Wife
12474,Husband
12474,Not-in-family
12474,Other-relative
12474,Own-child
12474,Unmarried
12474,Wife
289,Husband
289,Not-in-family
289,Other-relative
289,Own-child
289,Unmarried
289,Wife
43673,Husband
43673,Other-relative
43673,Own-child
43673,Wife
24277,Husband
24277,Other-relative
24277,Own-child
24277,Wife
24431,Not-in-family
24431,Unmarried
13445,Husband
13445,Not-in-family
13445,Other-relative
13445,Own-child
13445,Unmarried
13445,Wife
13408,Husband
13408,Not-in-family
13408,Other-relative
13408,Own-child
13408,Unmarried
13408,Wife
7962,Not-in-family
7962,Unmarried
2045,Husband
2045,Not-in-family
2045,Other-relative
2045,Own-child
2045,Unmarried
2045,Wife
25074,Husband
25074,Not-in-family
25074,Other-relative
25074,Own-child
25074,Unmarried
25074,Wife
17260,Husband
17260,Not-in-family
17260,Other-relative
17260,Own-child
17260,Unmarried
17260,Wife
28549,Husband
28549,Other-relative
28549,Own-child
28549,Wife
12860,Husband
12860,Other-relative
12860,Own-child
12860,Wife
45817,Husband
45817,Not-in-family
45817,Other-relative
45817,Own-child
45817,Unmarried
45817,Wife
11130,Husband
11130,Not-in-family
11130,Other-relative
11130,Own-child
11130,Unmarried
11130,Wife
24848,Husband
24848,Not-in-family
24848,Other-relative
24848,Own-child
24848,Unmarried
24848,Wife
5535,Husband
5535,Other-relative
5535,Own-child
5535,Wife
26492,Husband
26492,Other-relative
26492,Own-child
26492,Wife
35389,Husband
35389,Not-in-family
35389,Other-relative
35389,Own-child
35389,Unmarried
35389,Wife
12283,Husband
12283,Other-relative
12283,Own-child
12283,Wife
33177,Husband
33177,Not-in-family
33177,Other-relative
33177,Own-child
33177,Unmarried
33177,Wife
27846,Husband
27846,Not-in-family
27846,Other-relative
27846,Own-child
27846,Unmarried
27846,Wife
11738,Husband
11738,Not-in-family
11738,Other-relative
11738,Own-child
11738,Unmarried
11738,Wife
39691,Husband
39691,Not-in-family
39691,Other-relative
39691,Own-child
39691,Unmarried
39691,Wife
45629,Husband
45629,Other-relative
45629,Own-child
45629,Wife
13844,Husband
13844,Not-in-family
13844,Other-relative
13844,Own-child
13844,Unmarried
13844,Wife
47135,Husband
47135,Not-in-family
47135,Other-relative
47135,Own-child
47135,Unmarried
47135,Wife
38019,Not-in-family
38019,Unmarried
29369,Husband
29369,Not-in-family
29369,Other-relative
29369,Own-child
29369,Unmarried
29369,Wife
26976,Husband
26976,Not-in-family
26976,Other-relative
26976,Own-child
26976,Unmarried
26976,Wife
5105,Husband
5105,Not-in-family
5105,Other-relative
5105,Own-child
5105,Unmarried
5105,Wife
21332,Husband
21332,Not-in-family
21332,Other-relative
21332,Own-child
21332,Unmarried
21332,Wife
45530,Husband
45530,Other-relative
45530,Own-child
45530,Wife
17410,Not-in-family
17410,Unmarried
24091,Not-in-family
24091,Unmarried
33021,Husband
33021,Other-relative
33021,Own-child
33021,Wife
22318,Husband
22318,Not-in-family
22318,Other-relative
22318,Own-child
22318,Unmarried
22318,Wife
38259,Husband
38259,Not-in-family
38259,Other-relative
38259,Own-child
38259,Unmarried
38259,Wife
37615,Husband
37615,Other-relative
37615,Own-child
37615,Wife
26981,Husband
26981,Other-relative
26981,Own-child
26981,Wife
25675,Husband
25675,Not-in-family
25675,Other-relative
25675,Own-child
25675,Unmarried
25675,Wife
6258,Husband
6258,Not-in-family
6258,Other-relative
6258,Own-child
6258,Unmarried
6258,Wife
6327,Not-in-family
6327,Unmarried
19858,Husband
19858,Other-relative
19858,Own-child
19858,Wife
29570,Husband
29570,Not-in-family
29570,Other-relative
29570,Own-child
29570,Unmarried
29570,Wife
28756,Husband
28756,Other-relative
28756,Own-child
28756,Wife
45070,Husband
45070,Not-in-family
45070,Other-relative
45070,Own-child
45070,Unmarried
45070,Wife
46696,Husband
46696,Other-relative
46696,Own-child
46696,Wife
24300,Husband
24300,Not-in-family
24300,Other-relative
24300,Own-child
24300,Unmarried
24300,Wife
17183,Husband
17183,Not-in-family
17183,Other-relative
17183,Own-child
17183,Unmarried
17183,Wife
16506,Husband
16506,Not-in-family
16506,Other-relative
16506,Own-child
16506,Unmarried
16506,Wife
24763,Husband
24763,Not-in-family
24763,Other-relative
24763,Own-child
24763,Unmarried
24763,Wife
3684,Husband
3684,Not-in-family
3684,Other-relative
3684,Own-child
3684,Unmarried
3684,Wife
47206,Husband
47206,Not-in-family
47206,Other-relative
47206,Own-child
47206,Unmarried
47206,Wife
26829,Not-in-family
26829,Unmarried
3647,Husband
3647,Not-in-family
3647,Other-relative
3647,Own-child
3647,Unmarried
3647,Wife
8911,Not-in-family
8911,Unmarried
25776,Husband
25776,Not-in-family
25776,Other-relative
25776,Own-child
25776,Unmarried
25776,Wife
42979,Husband
42979,Not-in-family
42979,Other-relative
42979,Own-child
42979,Unmarried
42979,Wife
2536,Husband
2536,Not-in-family
2536,Other-relative
2536,Own-child
2536,Unmarried
2536,Wife
29496,Not-in-family
29496,Unmarried
12048,Not-in-family
12048,Unmarried
14522,Not-in-family
14522,Unmarried
31947,Not-in-family
31947,Unmarried
7858,Husband
7858,Other-relative
7858,Own-child
7858,Wife
48297,Husband
48297,Not-in-family
48297,Other-relative
48297,Own-child
48297,Unmarried
48297,Wife
11719,Husband
11719,Other-relative
11719,Own-child
11719,Wife
46669,Husband
46669,Other-relative
46669,Own-child
46669,Wife
13672,Husband
13672,Not-in-family
13672,Other-relative
13672,Own-child
13672,Unmarried
13672,Wife
32870,Husband
32870,Other-relative
32870,Own-child
32870,Wife
9880,Husband
9880,Not-in-family
9880,Other-relative
9880,Own-child
9880,Unmarried
9880,Wife
33091,Not-in-family
33091,Unmarried
37297,Husband
37297,Other-relative
37297,Own-child
37297,Wife
32298,Husband
32298,Not-in-family
32298,Other-relative
32298,Own-child
32298,Unmarried
32298,Wife
9357,Husband
9357,Not-in-family
9357,Other-relative
9357,Own-child
9357,Unmarried
9357,Wife
17438,Husband
17438,Other-relative
17438,Own-child
17438,Wife
32399,Husband
32399,Not-in-family
32399,Other-relative
32399,Own-child
32399,Unmarried
32399,Wife
46119,Husband
46119,Not-in-family
46119,Other-relative
46119,Own-child
46119,Unmarried
46119,Wife
29248,Husband
29248,Other-relative
29248,Own-child
29248,Wife
41510,Husband
41510,Other-relative
41510,Own-child
41510,Wife
19079,Husband
19079,Not-in-family
19079,Other-relative
19079,Own-child
19079,Unmarried
19079,Wife
40431,Not-in-family
40431,Unmarried
8368,Husband
8368,Other-relative
8368,Own-child
8368,Wife
309,Husband
309,Not-in-family
309,Other-relative
309,Own-child
309,Unmarried
309,Wife
41023,Not-in-family
41023,Unmarried
2910,Husband
2910,Other-relative
2910,Own-child
2910,Wife
15841,Husband
15841,Not-in-family
15841,Other-relative
15841,Own-child
15841,Unmarried
15841,Wife
29750,Husband
29750,Not-in-family
29750,Other-relative
29750,Own-child
29750,Unmarried
29750,Wife
33012,Husband
33012,Not-in-family
33012,Other-relative
33012,Own-child
33012,Unmarried
33012,Wife
44461,Husband
44461,Not-in-family
44461,Other-relative
44461,Own-child
44461,Unmarried
44461,Wife
32750,Husband
32750,Not-in-family
32750,Other-relative
32750,Own-child
32750,Unmarried
32750,Wife
21202,Husband
21202,Not-in-family
21202,Other-relative
21202,Own-child
21202,Unmarried
21202,Wife
6520,Husband
6520,Other-relative
6520,Own-child
6520,Wife
44324,Husband
44324,Other-relative
44324,Own-child
44324,Wife
41266,Husband
41266,Not-in-family
41266,Other-relative
41266,Own-child
41266,Unmarried
41266,Wife
18758,Husband
18758,Other-relative
18758,Own-child
18758,Wife
46145,Husband
46145,Not-in-family
46145,Other-relative
46145,Own-child
46145,Unmarried
46145,Wife
39167,Not-in-family
39167,Unmarried
3248,Husband
3248,Not-in-family
3248,Other-relative
3248,Own-child
3248,Unmarried
3248,Wife
32126,Husband
32126,Not-in-family
32126,Other-relative
32126,Own-child
32126,Unmarried
32126,Wife
23618,Husband
23618,Other-relative
23618,Own-child
23618,Wife
27029,Not-in-family
27029,Unmarried
32000,Husband
32000,Not-in-family
32000,Other-relative
32000,Own-child
32000,Unmarried
32000,Wife
17973,Husband
17973,Not-in-family
17973,Other-relative
17973,Own-child
17973,Unmarried
17973,Wife
31826,Husband
31826,Not-in-family
31826,Other-relative
31826,Own-child
31826,Unmarried
31826,Wife
17559,Not-in-family
17559,Unmarried
15367,Husband
15367,Not-in-family
15367,Other-relative
15367,Own-child
15367,Unmarried
15367,Wife
36,Husband
36,Not-in-family
36,Other-relative
36,Own-child
36,Unmarried
36,Wife
40910,Husband
40910,Not-in-family
40910,Other-relative
40910,Own-child
40910,Unmarried
40910,Wife
34055,Husband
34055,Other-relative
34055,Own-child
34055,Wife
48230,Husband
48230,Not-in-family
48230,Other-relative
48230,Own-child
48230,Unmarried
48230,Wife
27494,Husband
27494,Other-relative
27494,Own-child
27494,Wife
22930,Husband
22930,Not-in-family
22930,Other-relative
22930,Own-child
22930,Unmarried
22930,Wife
30565,Husband
30565,Other-relative
30565,Own-child
30565,Wife
11096,Husband
11096,Not-in-family
11096,Other-relative
11096,Own-child
11096,Unmarried
11096,Wife
4022,Husband
4022,Other-relative
4022,Own-child
4022,Wife
17169,Husband
17169,Not-in-family
17169,Other-relative
17169,Own-child
17169,Unmarried
17169,Wife
17360,Husband
17360,Other-relative
17360,Own-child
17360,Wife
37737,Husband
37737,Not-in-family
37737,Other-relative
37737,Own-child
37737,Unmarried
37737,Wife
11924,Husband
11924,Not-in-family
11924,Other-relative
11924,Own-child
11924,Unmarried
11924,Wife
13823,Not-in-family
13823,Unmarried
14094,Husband
14094,Other-relative
14094,Own-child
14094,Wife
39669,Husband
39669,Other-relative
39669,Own-child
39669,Wife
6831,Husband
6831,Not-in-family
6831,Other-relative
6831,Own-child
6831,Unmarried
6831,Wife
36567,Not-in-family
36567,Unmarried
25368,Husband
25368,Other-relative
25368,Own-child
25368,Wife
29303,Husband
29303,Not-in-family
29303,Other-relative
29303,Own-child
29303,Unmarried
29303,Wife
46287,Husband
46287,Not-in-family
46287,Other-relative
46287,Own-child
46287,Unmarried
46287,Wife
31834,Not-in-family
31834,Unmarried
47370,Husband
47370,Not-in-family
47370,Other-relative
47370,Own-child
47370,Unmarried
47370,Wife
2803,Husband
2803,Not-in-family
2803,Other-relative
2803,Own-child
2803,Unmarried
2803,Wife
23096,Husband
23096,Other-relative
23096,Own-child
23096,Wife
30348,Husband
30348,Not-in-family
30348,Other-relative
30348,Own-child
30348,Unmarried
30348,Wife
11947,Not-in-family
11947,Unmarried
47141,Husband
47141,Other-relative
47141,Own-child
47141,Wife
9841,Not-in-family
9841,Unmarried
1868,Not-in-family
1868,Unmarried
40830,Husband
40830,Other-relative
40830,Own-child
40830,Wife
6424,Husband
6424,Not-in-family
6424,Other-relative
6424,Own-child
6424,Unmarried
6424,Wife
38187,Not-in-family
38187,Unmarried
37492,Husband
37492,Other-relative
37492,Own-child
37492,Wife
46799,Husband
46799,Not-in-family
46799,Other-relative
46799,Own-child
46799,Unmarried
46799,Wife
4494,Husband
4494,Other-relative
4494,Own-child
4494,Wife
3921,Husband
3921,Not-in-family
3921,Other-relative
3921,Own-child
3921,Unmarried
3921,Wife
17651,Husband
17651,Other-relative
17651,Own-child
17651,Wife
15558,Husband
15558,Not-in-family
15558,Other-relative
15558,Own-child
15558,Unmarried
15558,Wife
30437,Husband
30437,Not-in-family
30437,Other-relative
30437,Own-child
30437,Unmarried
30437,Wife
9282,Husband
9282,Not-in-family
9282,Other-relative
9282,Own-child
9282,Unmarried
9282,Wife
21378,Not-in-family
21378,Unmarried
5463,Husband
5463,Not-in-family
5463,Other-relative
5463,Own-child
5463,Unmarried
5463,Wife
36991,Husband
36991,Other-relative
36991,Own-child
36991,Wife
34465,Husband
34465,Other-relative
34465,Own-child
34465,Wife
13503,Husband
13503,Not-in-family
13503,Other-relative
13503,Own-child
13503,Unmarried
13503,Wife
27139,Not-in-family
27139,Unmarried
38286,Not-in-family
38286,Unmarried
46949,Husband
46949,Other-relative
46949,Own-child
46949,Wife
7705,Husband
7705,Not-in-family
7705,Other-relative
7705,Own-child
7705,Unmarried
7705,Wife
34128,Not-in-family
34128,Unmarried
22857,Husband
22857,Not-in-family
22857,Other-relative
22857,Own-child
22857,Unmarried
22857,Wife
44252,Husband
44252,Not-in-family
44252,Other-relative
44252,Own-child
44252,Unmarried
44252,Wife
5582,Husband
5582,Other-relative
5582,Own-child
5582,Wife
28149,Not-in-family
28149,Unmarried
27581,Husband
27581,Not-in-family
27581,Other-relative
27581,Own-child
27581,Unmarried
27581,Wife
25749,Husband
25749,Not-in-family
25749,Other-relative
25749,Own-child
25749,Unmarried
25749,Wife
34793,Husband
34793,Not-in-family
34793,Other-relative
34793,Own-child
34793,Unmarried
34793,Wife
15885,Husband
15885,Not-in-family
15885,Other-relative
15885,Own-child
15885,Unmarried
15885,Wife
37318,Husband
37318,Not-in-family
37318,Other-relative
37318,Own-child
37318,Unmarried
37318,Wife
21824,Husband
21824,Other-relative
21824,Own-child
21824,Wife
36228,Husband
36228,Other-relative
36228,Own-child
36228,Wife
6718,Husband
6718,Not-in-family
6718,Other-relative
6718,Own-child
6718,Unmarried
6718,Wife
800,Not-in-family
800,Unmarried
38348,Husband
38348,Not-in-family
38348,Other-relative
38348,Own-child
38348,Unmarried
38348,Wife
42588,Husband
42588,Not-in-family
42588,Other-relative
42588,Own-child
42588,Unmarried
42588,Wife
10839,Husband
10839,Other-relative
10839,Own-child
10839,Wife
9569,Husband
9569,Other-relative
9569,Own-child
9569,Wife
36585,Husband
36585,Not-in-family
36585,Other-relative
36585,Own-child
36585,Unmarried
36585,Wife
28396,Not-in-family
28396,Unmarried
40124,Husband
40124,Not-in-family
40124,Other-relative
40124,Own-child
40124,Unmarried
40124,Wife
29400,Husband
29400,Not-in-family
29400,Other-relative
29400,Own-child
29400,Unmarried
29400,Wife
30510,Not-in-family
30510,Unmarried
8904,Not-in-family
8904,Unmarried
38909,Not-in-family
38909,Unmarried
43125,Husband
43125,Other-relative
43125,Own-child
43125,Wife
6662,Not-in-family
6662,Unmarried
39737,Husband
39737,Not-in-family
39737,Other-relative
39737,Own-child
39737,Unmarried
39737,Wife
6478,Husband
6478,Other-relative
6478,Own-child
6478,Wife
4015,Husband
4015,Not-in-family
4015,Other-relative
4015,Own-child
4015,Unmarried
4015,Wife
34291,Not-in-family
34291,Unmarried
22290,Husband
22290,Not-in-family
22290,Other-relative
22290,Own-child
22290,Unmarried
22290,Wife
29839,Husband
29839,Not-in-family
29839,Other-relative
29839,Own-child
29839,Unmarried
29839,Wife
5707,Husband
5707,Not-in-family
5707,Other-relative
5707,Own-child
5707,Unmarried
5707,Wife
7444,Not-in-family
7444,Unmarried
44679,Husband
44679,Not-in-family
44679,Other-relative
44679,Own-child
44679,Unmarried
44679,Wife
16077,Husband
16077,Not-in-family
16077,Other-relative
16077,Own-child
16077,Unmarried
16077,Wife
7507,Husband
7507,Other-relative
7507,Own-child
7507,Wife
5343,Not-in-family
5343,Unmarried
16402,Not-in-family
16402,Unmarried
8892,Husband
8892,Not-in-family
8892,Other-relative
8892,Own-child
8892,Unmarried
8892,Wife
5110,Husband
5110,Not-in-family
5110,Other-relative
5110,Own-child
5110,Unmarried
5110,Wife
4735,Not-in-family
4735,Unmarried
25300,Husband
25300,Other-relative
25300,Own-child
25300,Wife
14461,Husband
14461,Not-in-family
14461,Other-relative
14461,Own-child
14461,Unmarried
14461,Wife
14139,Husband
14139,Other-relative
14139,Own-child
14139,Wife
5257,Not-in-family
5257,Unmarried
8457,Husband
8457,Not-in-family
8457,Other-relative
8457,Own-child
8457,Unmarried
8457,Wife
33983,Husband
33983,Not-in-family
33983,Other-relative
33983,Own-child
33983,Unmarried
33983,Wife
40275,Husband
40275,Not-in-family
40275,Other-relative
40275,Own-child
40275,Unmarried
40275,Wife
17303,Husband
17303,Not-in-family
17303,Other-relative
17303,Own-child
17303,Unmarried
17303,Wife
10079,Husband
10079,Not-in-family
10079,Other-relative
10079,Own-child
10079,Unmarried
10079,Wife
13394,Husband
13394,Not-in-family
13394,Other-relative
13394,Own-child
13394,Unmarried
13394,Wife
22047,Not-in-family
22047,Unmarried
15814,Husband
15814,Not-in-family
15814,Other-relative
15814,Own-child
15814,Unmarried
15814,Wife
34774,Husband
34774,Other-relative
34774,Own-child
34774,Wife
33145,Husband
33145,Other-relative
33145,Own-child
33145,Wife
4622,Husband
4622,Other-relative
4622,Own-child
4622,Wife
45851,Husband
45851,Not-in-family
45851,Other-relative
45851,Own-child
45851,Unmarried
45851,Wife
27266,Husband
27266,Other-relative
27266,Own-child
27266,Wife
43331,Husband
43331,Not-in-family
43331,Other-relative
43331,Own-child
43331,Unmarried
43331,Wife
44008,Husband
44008,Not-in-family
44008,Other-relative
44008,Own-child
44008,Unmarried
44008,Wife
20578,Husband
20578,Not-in-family
20578,Other-relative
20578,Own-child
20578,Unmarried
20578,Wife
27608,Not-in-family
27608,Unmarried
41714,Not-in-family
41714,Unmarried
42752,Husband
42752,Other-relative
42752,Own-child
42752,Wife
10868,Husband
10868,Other-relative
10868,Own-child
10868,Wife
40330,Husband
40330,Other-relative
40330,Own-child
40330,Wife
6151,Husband
6151,Not-in-family
6151,Other-relative
6151,Own-child
6151,Unmarried
6151,Wife
46622,Husband
46622,Other-relative
46622,Own-child
46622,Wife
18054,Husband
18054,Not-in-family
18054,Other-relative
18054,Own-child
18054,Unmarried
18054,Wife
7115,Husband
7115,Other-relative
7115,Own-child
7115,Wife
45289,Husband
45289,Other-relative
45289,Own-child
45289,Wife
43897,Husband
43897,Not-in-family
43897,Other-relative
43897,Own-child
43897,Unmarried
43897,Wife
2957,Not-in-family
2957,Unmarried
2729,Husband
2729,Other-relative
2729,Own-child
2729,Wife
2430,Husband
2430,Other-relative
2430,Own-child
2430,Wife
31940,Husband
31940,Not-in-family
31940,Other-relative
31940,Own-child
31940,Unmarried
31940,Wife
10407,Husband
10407,Not-in-family
10407,Other-relative
10407,Own-child
10407,Unmarried
10407,Wife
16993,Not-in-family
16993,Unmarried
10605,Husband
10605,Other-relative
10605,Own-child
10605,Wife
3498,Husband
3498,Other-relative
3498,Own-child
3498,Wife
18160,Not-in-family
18160,Unmarried
2387,Husband
2387,Not-in-family
2387,Other-relative
2387,Own-child
2387,Unmarried
2387,Wife
41372,Husband
41372,Other-relative
41372,Own-child
41372,Wife
48801,Husband
48801,Not-in-family
48801,Other-relative
48801,Own-child
48801,Unmarried
48801,Wife
30682,Husband
30682,Other-relative
30682,Own-child
30682,Wife
22996,Not-in-family
22996,Unmarried
39958,Husband
39958,Other-relative
39958,Own-child
39958,Wife
31260,Husband
31260,Not-in-family
31260,Other-relative
31260,Own-child
31260,Unmarried
31260,Wife
38535,Husband
38535,Not-in-family
38535,Other-relative
38535,Own-child
38535,Unmarried
38535,Wife
14097,Husband
14097,Not-in-family
14097,Other-relative
14097,Own-child
14097,Unmarried
14097,Wife
38247,Husband
38247,Not-in-family
38247,Other-relative
38247,Own-child
38247,Unmarried
38247,Wife
29596,Husband
29596,Other-relative
29596,Own-child
29596,Wife
34518,Husband
34518,Not-in-family
34518,Other-relative
34518,Own-child
34518,Unmarried
34518,Wife
5651,Husband
5651,Not-in-family
5651,Other-relative
5651,Own-child
5651,Unmarried
5651,Wife
21971,Not-in-family
21971,Unmarried
8672,Not-in-family
8672,Unmarried
31159,Husband
31159,Other-relative
31159,Own-child
31159,Wife
38969,Not-in-family
38969,Unmarried
19952,Husband
19952,Not-in-family
19952,Other-relative
19952,Own-child
19952,Unmarried
19952,Wife
32498,Husband
32498,Other-relative
32498,Own-child
32498,Wife
6688,Husband
6688,Not-in-family
6688,Other-relative
6688,Own-child
6688,Unmarried
6688,Wife
6714,Husband
6714,Not-in-family
6714,Other-relative
6714,Own-child
6714,Unmarried
6714,Wife
16779,Husband
16779,Other-relative
16779,Own-child
16779,Wife
36574,Husband
36574,Not-in-family
36574,Other-relative
36574,Own-child
36574,Unmarried
36574,Wife
31005,Husband
31005,Other-relative
31005,Own-child
31005,Wife
11873,Husband
11873,Not-in-family
11873,Other-relative
11873,Own-child
11873,Unmarried
11873,Wife
3091,Husband
3091,Not-in-family
3091,Other-relative
3091,Own-child
3091,Unmarried
3091,Wife
39927,Husband
39927,Not-in-family
39927,Other-relative
39927,Own-child
39927,Unmarried
39927,Wife
31215,Not-in-family
31215,Unmarried
4157,Not-in-family
4157,Unmarried
42724,Not-in-family
42724,Unmarried
46870,Husband
46870,Not-in-family
46870,Other-relative
46870,Own-child
46870,Unmarried
46870,Wife
14819,Husband
14819,Not-in-family
14819,Other-relative
14819,Own-child
14819,Unmarried
14819,Wife
42516,Husband
42516,Not-in-family
42516,Other-relative
42516,Own-child
42516,Unmarried
42516,Wife
21593,Not-in-family
21593,Unmarried
15053,Husband
15053,Not-in-family
15053,Other-relative
15053,Own-child
15053,Unmarried
15053,Wife
43858,Husband
43858,Not-in-family
43858,Other-relative
43858,Own-child
43858,Unmarried
43858,Wife
15808,Husband
15808,Not-in-family
15808,Other-relative
15808,Own-child
15808,Unmarried
15808,Wife
41018,Husband
41018,Other-relative
41018,Own-child
41018,Wife
20800,Husband
20800,Not-in-family
20800,Other-relative
20800,Own-child
20800,Unmarried
20800,Wife
31791,Husband
31791,Other-relative
31791,Own-child
31791,Wife
29191,Husband
29191,Not-in-family
29191,Other-relative
29191,Own-child
29191,Unmarried
29191,Wife
15510,Husband
15510,Not-in-family
15510,Other-relative
15510,Own-child
15510,Unmarried
15510,Wife
47704,Husband
47704,Other-relative
47704,Own-child
47704,Wife
7631,Not-in-family
7631,Unmarried
8838,Husband
8838,Not-in-family
8838,Other-relative
8838,Own-child
8838,Unmarried
8838,Wife
30531,Husband
30531,Other-relative
30531,Own-child
30531,Wife
5402,Husband
5402,Not-in-family
5402,Other-relative
5402,Own-child
5402,Unmarried
5402,Wife
46806,Husband
46806,Not-in-family
46806,Other-relative
46806,Own-child
46806,Unmarried
46806,Wife
10873,Not-in-family
10873,Unmarried
46897,Husband
46897,Other-relative
46897,Own-child
46897,Wife
1814,Husband
1814,Not-in-family
1814,Other-relative
1814,Own-child
1814,Unmarried
1814,Wife
81,Husband
81,Not-in-family
81,Other-relative
81,Own-child
81,Unmarried
81,Wife
41413,Husband
41413,Other-relative
41413,Own-child
41413,Wife
7921,Husband
7921,Not-in-family
7921,Other-relative
7921,Own-child
7921,Unmarried
7921,Wife
1356,Husband
1356,Other-relative
1356,Own-child
1356,Wife
48317,Husband
48317,Other-relative
48317,Own-child
48317,Wife
18764,Not-in-family
18764,Unmarried
13801,Husband
13801,Other-relative
13801,Own-child
13801,Wife
7767,Husband
7767,Other-relative
7767,Own-child
7767,Wife
40065,Not-in-family
40065,Unmarried
47920,Not-in-family
47920,Unmarried
29965,Husband
29965,Not-in-family
29965,Other-relative
29965,Own-child
29965,Unmarried
29965,Wife
16526,Husband
16526,Not-in-family
16526,Other-relative
16526,Own-child
16526,Unmarried
16526,Wife
44565,Husband
44565,Other-relative
44565,Own-child
44565,Wife
44387,Husband
44387,Not-in-family
44387,Other-relative
44387,Own-child
44387,Unmarried
44387,Wife
43925,Husband
43925,Other-relative
43925,Own-child
43925,Wife
37534,Husband
37534,Other-relative
37534,Own-child
37534,Wife
8292,Not-in-family
8292,Unmarried
991,Husband
991,Other-relative
991,Own-child
991,Wife
1113,Husband
1113,Other-relative
1113,Own-child
1113,Wife
47783,Husband
47783,Not-in-family
47783,Other-relative
47783,Own-child
47783,Unmarried
47783,Wife
36953,Husband
36953,Not-in-family
36953,Other-relative
36953,Own-child
36953,Unmarried
36953,Wife
16887,Husband
16887,Not-in-family
16887,Other-relative
16887,Own-child
16887,Unmarried
16887,Wife
26919,Husband
26919,Other-relative
26919,Own-child
26919,Wife
12735,Not-in-family
12735,Unmarried
31503,Husband
31503,Not-in-family
31503,Other-relative
31503,Own-child
31503,Unmarried
31503,Wife
23065,Not-in-family
23065,Unmarried
31666,Not-in-family
31666,Unmarried
47388,Husband
47388,Not-in-family
47388,Other-relative
47388,Own-child
47388,Unmarried
47388,Wife
29376,Husband
29376,Other-relative
29376,Own-child
29376,Wife
33185,Husband
33185,Other-relative
33185,Own-child
33185,Wife
19009,Not-in-family
19009,Unmarried
32098,Husband
32098,Not-in-family
32098,Other-relative
32098,Own-child
32098,Unmarried
32098,Wife
9814,Husband
9814,Not-in-family
9814,Other-relative
9814,Own-child
9814,Unmarried
9814,Wife
47462,Husband
47462,Other-relative
47462,Own-child
47462,Wife
5469,Husband
5469,Not-in-family
5469,Other-relative
5469,Own-child
5469,Unmarried
5469,Wife
29478,Husband
29478,Other-relative
29478,Own-child
29478,Wife
36880,Husband
36880,Other-relative
36880,Own-child
36880,Wife
47853,Husband
47853,Not-in-family
47853,Other-relative
47853,Own-child
47853,Unmarried
47853,Wife
13564,Not-in-family
13564,Unmarried
1192,Husband
1192,Other-relative
1192,Own-child
1192,Wife
43617,Husband
43617,Not-in-family
43617,Other-relative
43617,Own-child
43617,Unmarried
43617,Wife
7926,Husband
7926,Other-relative
7926,Own-child
7926,Wife
43606,Husband
43606,Not-in-family
43606,Other-relative
43606,Own-child
43606,Unmarried
43606,Wife
36519,Not-in-family
36519,Unmarried
25960,Husband
25960,Not-in-family
25960,Other-relative
25960,Own-child
25960,Unmarried
25960,Wife
12358,Not-in-family
12358,Unmarried
44012,Not-in-family
44012,Unmarried
47980,Not-in-family
47980,Unmarried
44306,Husband
44306,Not-in-family
44306,Other-relative
44306,Own-child
44306,Unmarried
44306,Wife
3430,Husband
3430,Other-relative
3430,Own-child
3430,Wife
29615,Not-in-family
29615,Unmarried
39426,Husband
39426,Other-relative
39426,Own-child
39426,Wife
3777,Husband
3777,Not-in-family
3777,Other-relative
3777,Own-child
3777,Unmarried
3777,Wife
36175,Husband
36175,Not-in-family
36175,Other-relative
36175,Own-child
36175,Unmarried
36175,Wife
13565,Husband
13565,Not-in-family
13565,Other-relative
13565,Own-child
13565,Unmarried
13565,Wife
5908,Husband
5908,Not-in-family
5908,Other-relative
5908,Own-child
5908,Unmarried
5908,Wife
3693,Husband
3693,Not-in-family
3693,Other-relative
3693,Own-child
3693,Unmarried
3693,Wife
26785,Not-in-family
26785,Unmarried
8713,Husband
8713,Not-in-family
8713,Other-relative
8713,Own-child
8713,Unmarried
8713,Wife
41342,Husband
41342,Other-relative
41342,Own-child
41342,Wife
18498,Not-in-family
18498,Unmarried
31143,Husband
31143,Not-in-family
31143,Other-relative
31143,Own-child
31143,Unmarried
31143,Wife
17342,Husband
17342,Not-in-family
17342,Other-relative
17342,Own-child
17342,Unmarried
17342,Wife
31459,Husband
31459,Not-in-family
31459,Other-relative
31459,Own-child
31459,Unmarried
31459,Wife
12071,Husband
12071,Not-in-family
12071,Other-relative
12071,Own-child
12071,Unmarried
12071,Wife
25535,Not-in-family
25535,Unmarried
38044,Husband
38044,Other-relative
38044,Own-child
38044,Wife
25511,Husband
25511,Not-in-family
25511,Other-relative
25511,Own-child
25511,Unmarried
25511,Wife
11496,Husband
11496,Not-in-family
11496,Other-relative
11496,Own-child
11496,Unmarried
11496,Wife
39341,Husband
39341,Other-relative
39341,Own-child
39341,Wife
3696,Husband
3696,Other-relative
3696,Own-child
3696,Wife
16801,Husband
16801,Other-relative
16801,Own-child
16801,Wife
502,Husband
502,Other-relative
502,Own-child
502,Wife
958,Husband
958,Not-in-family
958,Other-relative
958,Own-child
958,Unmarried
958,Wife
3838,Husband
3838,Not-in-family
3838,Other-relative
3838,Own-child
3838,Unmarried
3838,Wife
16807,Husband
16807,Other-relative
16807,Own-child
16807,Wife
48503,Not-in-family
48503,Unmarried
21204,Husband
21204,Not-in-family
21204,Other-relative
21204,Own-child
21204,Unmarried
21204,Wife
36931,Husband
36931,Not-in-family
36931,Other-relative
36931,Own-child
36931,Unmarried
36931,Wife
31694,Husband
31694,Other-relative
31694,Own-child
31694,Wife
10449,Husband
10449,Not-in-family
10449,Other-relative
10449,Own-child
10449,Unmarried
10449,Wife
17754,Husband
17754,Other-relative
17754,Own-child
17754,Wife
21979,Husband
21979,Other-relative
21979,Own-child
21979,Wife
16588,Husband
16588,Not-in-family
16588,Other-relative
16588,Own-child
16588,Unmarried
16588,Wife
39592,Husband
39592,Other-relative
39592,Own-child
39592,Wife
37882,Husband
37882,Not-in-family
37882,Other-relative
37882,Own-child
37882,Unmarried
37882,Wife
46921,Husband
46921,Not-in-family
46921,Other-relative
46921,Own-child
46921,Unmarried
46921,Wife
25218,Husband
25218,Other-relative
25218,Own-child
25218,Wife
11788,Husband
11788,Not-in-family
11788,Other-relative
11788,Own-child
11788,Unmarried
11788,Wife
16615,Husband
16615,Other-relative
16615,Own-child
16615,Wife
46461,Not-in-family
46461,Unmarried
16133,Husband
16133,Not-in-family
16133,Other-relative
16133,Own-child
16133,Unmarried
16133,Wife
28738,Husband
28738,Other-relative
28738,Own-child
28738,Wife
856,Husband
856,Not-in-family
856,Other-relative
856,Own-child
856,Unmarried
856,Wife
18404,Husband
18404,Other-relative
18404,Own-child
18404,Wife
35456,Not-in-family
35456,Unmarried
9813,Not-in-family
9813,Unmarried
33158,Husband
33158,Other-relative
33158,Own-child
33158,Wife
15639,Husband
15639,Not-in-family
15639,Other-relative
15639,Own-child
15639,Unmarried
15639,Wife
14295,Husband
14295,Other-relative
14295,Own-child
14295,Wife
45402,Husband
45402,Other-relative
45402,Own-child
45402,Wife
38318,Husband
38318,Not-in-family
38318,Other-relative
38318,Own-child
38318,Unmarried
38318,Wife
21093,Husband
21093,Not-in-family
21093,Other-relative
21093,Own-child
21093,Unmarried
21093,Wife
3312,Husband
3312,Not-in-family
3312,Other-relative
3312,Own-child
3312,Unmarried
3312,Wife
31798,Husband
31798,Not-in-family
31798,Other-relative
31798,Own-child
31798,Unmarried
31798,Wife
33623,Husband
33623,Not-in-family
33623,Other-relative
33623,Own-child
33623,Unmarried
33623,Wife
22131,Husband
22131,Not-in-family
22131,Other-relative
22131,Own-child
22131,Unmarried
22131,Wife
32774,Husband
32774,Other-relative
32774,Own-child
32774,Wife
13327,Husband
13327,Other-relative
13327,Own-child
13327,Wife
14031,Not-in-family
14031,Unmarried
34304,Husband
34304,Not-in-family
34304,Other-relative
34304,Own-child
34304,Unmarried
34304,Wife
637,Husband
637,Other-relative
637,Own-child
637,Wife
27768,Husband
27768,Not-in-family
27768,Other-relative
27768,Own-child
27768,Unmarried
27768,Wife
5972,Husband
5972,Not-in-family
5972,Other-relative
5972,Own-child
5972,Unmarried
5972,Wife
37547,Not-in-family
37547,Unmarried
10996,Husband
10996,Other-relative
10996,Own-child
10996,Wife
46744,Husband
46744,Not-in-family
46744,Other-relative
46744,Own-child
46744,Unmarried
46744,Wife
27209,Husband
27209,Not-in-family
27209,Other-relative
27209,Own-child
27209,Unmarried
27209,Wife
12787,Husband
12787,Other-relative
12787,Own-child
12787,Wife
22881,Husband
22881,Not-in-family
22881,Other-relative
22881,Own-child
22881,Unmarried
22881,Wife
24651,Husband
24651,Other-relative
24651,Own-child
24651,Wife
15306,Husband
15306,Not-in-family
15306,Other-relative
15306,Own-child
15306,Unmarried
15306,Wife
17769,Husband
17769,Not-in-family
17769,Other-relative
17769,Own-child
17769,Unmarried
17769,Wife
9152,Husband
9152,Not-in-family
9152,Other-relative
9152,Own-child
9152,Unmarried
9152,Wife
23951,Husband
23951,Other-relative
23951,Own-child
23951,Wife
24511,Husband
24511,Other-relative
24511,Own-child
24511,Wife
21831,Husband
21831,Not-in-family
21831,Other-relative
21831,Own-child
21831,Unmarried
21831,Wife
9944,Not-in-family
9944,Unmarried
10088,Husband
10088,Not-in-family
10088,Other-relative
10088,Own-child
10088,Unmarried
10088,Wife
19479,Husband
19479,Not-in-family
19479,Other-relative
19479,Own-child
19479,Unmarried
19479,Wife
32803,Husband
32803,Other-relative
32803,Own-child
32803,Wife
5377,Not-in-family
5377,Unmarried
47242,Husband
47242,Not-in-family
47242,Other-relative
47242,Own-child
47242,Unmarried
47242,Wife
47008,Husband
47008,Other-relative
47008,Own-child
47008,Wife
13129,Husband
13129,Not-in-family
13129,Other-relative
13129,Own-child
13129,Unmarried
13129,Wife
25715,Husband
25715,Other-relative
25715,Own-child
25715,Wife
33750,Husband
33750,Not-in-family
33750,Other-relative
33750,Own-child
33750,Unmarried
33750,Wife
25476,Not-in-family
25476,Unmarried
26189,Husband
26189,Other-relative
26189,Own-child
26189,Wife
38265,Husband
38265,Not-in-family
38265,Other-relative
38265,Own-child
38265,Unmarried
38265,Wife
37215,Husband
37215,Other-relative
37215,Own-child
37215,Wife
40134,Husband
40134,Not-in-family
40134,Other-relative
40134,Own-child
40134,Unmarried
40134,Wife
4128,Husband
4128,Other-relative
4128,Own-child
4128,Wife
27082,Husband
27082,Not-in-family
27082,Other-relative
27082,Own-child
27082,Unmarried
27082,Wife
34022,Not-in-family
34022,Unmarried
15648,Husband
15648,Other-relative
15648,Own-child
15648,Wife
44556,Not-in-family
44556,Unmarried
11648,Husband
11648,Not-in-family
11648,Other-relative
11648,Own-child
11648,Unmarried
11648,Wife
25121,Not-in-family
25121,Unmarried
18119,Husband
18119,Not-in-family
18119,Other-relative
18119,Own-child
18119,Unmarried
18119,Wife
2316,Husband
2316,Other-relative
2316,Own-child
2316,Wife
14473,Not-in-family
14473,Unmarried
42447,Husband
42447,Other-relative
42447,Own-child
42447,Wife
20457,Husband
20457,Other-relative
20457,Own-child
20457,Wife
3544,Not-in-family
3544,Unmarried
33889,Husband
33889,Other-relative
33889,Own-child
33889,Wife
18099,Husband
18099,Not-in-family
18099,Other-relative
18099,Own-child
18099,Unmarried
18099,Wife
21256,Not-in-family
21256,Unmarried
35680,Husband
35680,Not-in-family
35680,Other-relative
35680,Own-child
35680,Unmarried
35680,Wife
35076,Husband
35076,Not-in-family
35076,Other-relative
35076,Own-child
35076,Unmarried
35076,Wife
48522,Husband
48522,Other-relative
48522,Own-child
48522,Wife
38311,Husband
38311,Other-relative
38311,Own-child
38311,Wife
24981,Husband
24981,Not-in-family
24981,Other-relative
24981,Own-child
24981,Unmarried
24981,Wife
41401,Husband
41401,Not-in-family
41401,Other-relative
41401,Own-child
41401,Unmarried
41401,Wife
1848,Husband
1848,Not-in-family
1848,Other-relative
1848,Own-child
1848,Unmarried
1848,Wife
20285,Husband
20285,Other-relative
20285,Own-child
20285,Wife
38739,Husband
38739,Other-relative
38739,Own-child
38739,Wife
5280,Husband
5280,Not-in-family
5280,Other-relative
5280,Own-child
5280,Unmarried
5280,Wife
29977,Husband
29977,Other-relative
29977,Own-child
29977,Wife
41352,Husband
41352,Not-in-family
41352,Other-relative
41352,Own-child
41352,Unmarried
41352,Wife
30956,Not-in-family
30956,Unmarried
9198,Husband
9198,Not-in-family
9198,Other-relative
9198,Own-child
9198,Unmarried
9198,Wife
24598,Husband
24598,Not-in-family
24598,Other-relative
24598,Own-child
24598,Unmarried
24598,Wife
5708,Husband
5708,Other-relative
5708,Own-child
5708,Wife
35760,Husband
35760,Not-in-family
35760,Other-relative
35760,Own-child
35760,Unmarried
35760,Wife
2501,Husband
2501,Not-in-family
2501,Other-relative
2501,Own-child
2501,Unmarried
2501,Wife
16989,Husband
16989,Other-relative
16989,Own-child
16989,Wife
14321,Not-in-family
14321,Unmarried
10250,Husband
10250,Other-relative
10250,Own-child
10250,Wife
11782,Husband
11782,Not-in-family
11782,Other-relative
11782,Own-child
11782,Unmarried
11782,Wife
29412,Husband
29412,Other-relative
29412,Own-child
29412,Wife
38131,Not-in-family
38131,Unmarried
427,Not-in-family
427,Unmarried
22934,Husband
22934,Other-relative
22934,Own-child
22934,Wife
26250,Husband
26250,Not-in-family
26250,Other-relative
26250,Own-child
26250,Unmarried
26250,Wife
18180,Husband
18180,Not-in-family
18180,Other-relative
18180,Own-child
18180,Unmarried
18180,Wife
48406,Husband
48406,Not-in-family
48406,Other-relative
48406,Own-child
48406,Unmarried
48406,Wife
34813,Husband
34813,Not-in-family
34813,Other-relative
34813,Own-child
34813,Unmarried
34813,Wife
48300,Husband
48300,Not-in-family
48300,Other-relative
48300,Own-child
48300,Unmarried
48300,Wife
36150,Husband
36150,Not-in-family
36150,Other-relative
36150,Own-child
36150,Unmarried
36150,Wife
8619,Husband
8619,Other-relative
8619,Own-child
8619,Wife
34324,Husband
34324,Other-relative
34324,Own-child
34324,Wife
37623,Not-in-family
37623,Unmarried
45613,Husband
45613,Other-relative
45613,Own-child
45613,Wife
5300,Not-in-family
5300,Unmarried
41035,Husband
41035,Not-in-family
41035,Other-relative
41035,Own-child
41035,Unmarried
41035,Wife
39543,Not-in-family
39543,Unmarried
46547,Husband
46547,Other-relative
46547,Own-child
46547,Wife
26693,Husband
26693,Other-relative
26693,Own-child
26693,Wife
38995,Husband
38995,Not-in-family
38995,Other-relative
38995,Own-child
38995,Unmarried
38995,Wife
27319,Husband
27319,Not-in-family
27319,Other-relative
27319,Own-child
27319,Unmarried
27319,Wife
25608,Husband
25608,Not-in-family
25608,Other-relative
25608,Own-child
25608,Unmarried
25608,Wife
15533,Husband
15533,Not-in-family
15533,Other-relative
15533,Own-child
15533,Unmarried
15533,Wife
48334,Husband
48334,Other-relative
48334,Own-child
48334,Wife
4436,Husband
4436,Other-relative
4436,Own-child
4436,Wife
32865,Husband
32865,Other-relative
32865,Own-child
32865,Wife
38403,Husband
38403,Not-in-family
38403,Other-relative
38403,Own-child
38403,Unmarried
38403,Wife
5088,Husband
5088,Not-in-family
5088,Other-relative
5088,Own-child
5088,Unmarried
5088,Wife
35247,Husband
35247,Other-relative
35247,Own-child
35247,Wife
37797,Husband
37797,Not-in-family
37797,Other-relative
37797,Own-child
37797,Unmarried
37797,Wife
17578,Husband
17578,Not-in-family
17578,Other-relative
17578,Own-child
17578,Unmarried
17578,Wife
46354,Husband
46354,Other-relative
46354,Own-child
46354,Wife
28744,Husband
28744,Other-relative
28744,Own-child
28744,Wife
7865,Husband
7865,Other-relative
7865,Own-child
7865,Wife
17242,Not-in-family
17242,Unmarried
17130,Husband
17130,Other-relative
17130,Own-child
17130,Wife
24656,Husband
24656,Not-in-family
24656,Other-relative
24656,Own-child
24656,Unmarried
24656,Wife
18479,Husband
18479,Other-relative
18479,Own-child
18479,Wife
24156,Husband
24156,Other-relative
24156,Own-child
24156,Wife
7531,Husband
7531,Not-in-family
7531,Other-relative
7531,Own-child
7531,Unmarried
7531,Wife
14149,Husband
14149,Not-in-family
14149,Other-relative
14149,Own-child
14149,Unmarried
14149,Wife
22409,Husband
22409,Not-in-family
22409,Other-relative
22409,Own-child
22409,Unmarried
22409,Wife
17488,Husband
17488,Not-in-family
17488,Other-relative
17488,Own-child
17488,Unmarried
17488,Wife
8765,Husband
8765,Not-in-family
8765,Other-relative
8765,Own-child
8765,Unmarried
8765,Wife
44183,Not-in-family
44183,Unmarried
15752,Husband
15752,Other-relative
15752,Own-child
15752,Wife
7078,Not-in-family
7078,Unmarried
48463,Husband
48463,Not-in-family
48463,Other-relative
48463,Own-child
48463,Unmarried
48463,Wife
37096,Husband
37096,Not-in-family
37096,Other-relative
37096,Own-child
37096,Unmarried
37096,Wife
48012,Not-in-family
48012,Unmarried
36588,Husband
36588,Other-relative
36588,Own-child
36588,Wife
39650,Not-in-family
39650,Unmarried
4388,Husband
4388,Other-relative
4388,Own-child
4388,Wife
29439,Husband
29439,Not-in-family
29439,Other-relative
29439,Own-child
29439,Unmarried
29439,Wife
5978,Not-in-family
5978,Unmarried
12607,Husband
12607,Other-relative
12607,Own-child
12607,Wife
19074,Husband
19074,Not-in-family
19074,Other-relative
19074,Own-child
19074,Unmarried
19074,Wife
27560,Husband
27560,Not-in-family
27560,Other-relative
27560,Own-child
27560,Unmarried
27560,Wife
28378,Not-in-family
28378,Unmarried
20232,Not-in-family
20232,Unmarried
45053,Husband
45053,Not-in-family
45053,Other-relative
45053,Own-child
45053,Unmarried
45053,Wife
10299,Not-in-family
10299,Unmarried
11978,Husband
11978,Not-in-family
11978,Other-relative
11978,Own-child
11978,Unmarried
11978,Wife
31209,Not-in-family
31209,Unmarried
33493,Husband
33493,Not-in-family
33493,Other-relative
33493,Own-child
33493,Unmarried
33493,Wife
28786,Husband
28786,Other-relative
28786,Own-child
28786,Wife
564,Husband
564,Other-relative
564,Own-child
564,Wife
10958,Husband
10958,Other-relative
10958,Own-child
10958,Wife
17162,Husband
17162,Other-relative
17162,Own-child
17162,Wife
27194,Not-in-family
27194,Unmarried
45951,Not-in-family
45951,Unmarried
8154,Husband
8154,Not-in-family
8154,Other-relative
8154,Own-child
8154,Unmarried
8154,Wife
37279,Not-in-family
37279,Unmarried
17085,Husband
17085,Not-in-family
17085,Other-relative
17085,Own-child
17085,Unmarried
17085,Wife
34559,Husband
34559,Other-relative
34559,Own-child
34559,Wife
13277,Husband
13277,Not-in-family
13277,Other-relative
13277,Own-child
13277,Unmarried
13277,Wife
5800,Husband
5800,Not-in-family
5800,Other-relative
5800,Own-child
5800,Unmarried
5800,Wife
26463,Husband
26463,Other-relative
26463,Own-child
26463,Wife
24068,Husband
24068,Other-relative
24068,Own-child
24068,Wife
43558,Husband
43558,Other-relative
43558,Own-child
43558,Wife
28211,Husband
28211,Other-relative
28211,Own-child
28211,Wife
46804,Husband
46804,Not-in-family
46804,Other-relative
46804,Own-child
46804,Unmarried
46804,Wife
24425,Husband
24425,Not-in-family
24425,Other-relative
24425,Own-child
24425,Unmarried
24425,Wife
38683,Husband
38683,Not-in-family
38683,Other-relative
38683,Own-child
38683,Unmarried
38683,Wife
24359,Husband
24359,Not-in-family
24359,Other-relative
24359,Own-child
24359,Unmarried
24359,Wife
1416,Husband
1416,Not-in-family
1416,Other-relative
1416,Own-child
1416,Unmarried
1416,Wife
19555,Husband
19555,Other-relative
19555,Own-child
19555,Wife
22089,Husband
22089,Not-in-family
22089,Other-relative
22089,Own-child
22089,Unmarried
22089,Wife
29216,Husband
29216,Other-relative
29216,Own-child
29216,Wife
47949,Husband
47949,Other-relative
47949,Own-child
47949,Wife
43898,Husband
43898,Other-relative
43898,Own-child
43898,Wife
31340,Husband
31340,Other-relative
31340,Own-child
31340,Wife
23652,Husband
23652,Other-relative
23652,Own-child
23652,Wife
3286,Not-in-family
3286,Unmarried
2263,Not-in-family
2263,Unmarried
3315,Not-in-family
3315,Unmarried
35576,Not-in-family
35576,Unmarried
36783,Not-in-family
36783,Unmarried
44268,Husband
44268,Not-in-family
44268,Other-relative
44268,Own-child
44268,Unmarried
44268,Wife
4565,Husband
4565,Other-relative
4565,Own-child
4565,Wife
44155,Husband
44155,Not-in-family
44155,Other-relative
44155,Own-child
44155,Unmarried
44155,Wife
36243,Husband
36243,Not-in-family
36243,Other-relative
36243,Own-child
36243,Unmarried
36243,Wife
31347,Not-in-family
31347,Unmarried
608,Not-in-family
608,Unmarried
41392,Husband
41392,Not-in-family
41392,Other-relative
41392,Own-child
41392,Unmarried
41392,Wife
45593,Not-in-family
45593,Unmarried
48541,Husband
48541,Not-in-family
48541,Other-relative
48541,Own-child
48541,Unmarried
48541,Wife
20981,Husband
20981,Not-in-family
20981,Other-relative
20981,Own-child
20981,Unmarried
20981,Wife
46868,Husband
46868,Not-in-family
46868,Other-relative
46868,Own-child
46868,Unmarried
46868,Wife
864,Husband
864,Not-in-family
864,Other-relative
864,Own-child
864,Unmarried
864,Wife
31634,Husband
31634,Not-in-family
31634,Other-relative
31634,Own-child
31634,Unmarried
31634,Wife
28992,Husband
28992,Not-in-family
28992,Other-relative
28992,Own-child
28992,Unmarried
28992,Wife
34106,Not-in-family
34106,Unmarried
24145,Husband
24145,Not-in-family
24145,Other-relative
24145,Own-child
24145,Unmarried
24145,Wife
15561,Husband
15561,Not-in-family
15561,Other-relative
15561,Own-child
15561,Unmarried
15561,Wife
30026,Husband
30026,Other-relative
30026,Own-child
30026,Wife
44403,Husband
44403,Not-in-family
44403,Other-relative
44403,Own-child
44403,Unmarried
44403,Wife
24664,Husband
24664,Not-in-family
24664,Other-relative
24664,Own-child
24664,Unmarried
24664,Wife
34986,Husband
34986,Other-relative
34986,Own-child
34986,Wife
5058,Husband
5058,Other-relative
5058,Own-child
5058,Wife
21229,Husband
21229,Other-relative
21229,Own-child
21229,Wife
41906,Husband
41906,Not-in-family
41906,Other-relative
41906,Own-child
41906,Unmarried
41906,Wife
18291,Husband
18291,Not-in-family
18291,Other-relative
18291,Own-child
18291,Unmarried
18291,Wife
22978,Not-in-family
22978,Unmarried
34936,Husband
34936,Not-in-family
34936,Other-relative
34936,Own-child
34936,Unmarried
34936,Wife
32883,Husband
32883,Other-relative
32883,Own-child
32883,Wife
46751,Husband
46751,Not-in-family
46751,Other-relative
46751,Own-child
46751,Unmarried
46751,Wife
32961,Husband
32961,Not-in-family
32961,Other-relative
32961,Own-child
32961,Unmarried
32961,Wife
3416,Husband
3416,Not-in-family
3416,Other-relative
3416,Own-child
3416,Unmarried
3416,Wife
24410,Husband
24410,Not-in-family
24410,Other-relative
24410,Own-child
24410,Unmarried
24410,Wife
10733,Husband
10733,Not-in-family
10733,Other-relative
10733,Own-child
10733,Unmarried
10733,Wife
41389,Husband
41389,Not-in-family
41389,Other-relative
41389,Own-child
41389,Unmarried
41389,Wife
11883,Not-in-family
11883,Unmarried
4110,Not-in-family
4110,Unmarried
25601,Husband
25601,Not-in-family
25601,Other-relative
25601,Own-child
25601,Unmarried
25601,Wife
5829,Husband
5829,Not-in-family
5829,Other-relative
5829,Own-child
5829,Unmarried
5829,Wife
25718,Husband
25718,Not-in-family
25718,Other-relative
25718,Own-child
25718,Unmarried
25718,Wife
42152,Husband
42152,Other-relative
42152,Own-child
42152,Wife
15170,Husband
15170,Not-in-family
15170,Other-relative
15170,Own-child
15170,Unmarried
15170,Wife
23969,Not-in-family
23969,Unmarried
26211,Husband
26211,Not-in-family
26211,Other-relative
26211,Own-child
26211,Unmarried
26211,Wife
45693,Husband
45693,Not-in-family
45693,Other-relative
45693,Own-child
45693,Unmarried
45693,Wife
43828,Husband
43828,Not-in-family
43828,Other-relative
43828,Own-child
43828,Unmarried
43828,Wife
13859,Husband
13859,Not-in-family
13859,Other-relative
13859,Own-child
13859,Unmarried
13859,Wife
46327,Not-in-family
46327,Unmarried
15375,Husband
15375,Other-relative
15375,Own-child
15375,Wife
15507,Husband
15507,Other-relative
15507,Own-child
15507,Wife
11528,Husband
11528,Not-in-family
11528,Other-relative
11528,Own-child
11528,Unmarried
11528,Wife
22012,Not-in-family
22012,Unmarried
19353,Not-in-family
19353,Unmarried
5737,Husband
5737,Other-relative
5737,Own-child
5737,Wife
29903,Husband
29903,Not-in-family
29903,Other-relative
29903,Own-child
29903,Unmarried
29903,Wife
3279,Husband
3279,Not-in-family
3279,Other-relative
3279,Own-child
3279,Unmarried
3279,Wife
380,Husband
380,Not-in-family
380,Other-relative
380,Own-child
380,Unmarried
380,Wife
9995,Husband
9995,Other-relative
9995,Own-child
9995,Wife
26942,Husband
26942,Not-in-family
26942,Other-relative
26942,Own-child
26942,Unmarried
26942,Wife
4203,Not-in-family
4203,Unmarried
23808,Not-in-family
23808,Unmarried
32092,Husband
32092,Not-in-family
32092,Other-relative
32092,Own-child
32092,Unmarried
32092,Wife
17464,Husband
17464,Other-relative
17464,Own-child
17464,Wife
19239,Husband
19239,Not-in-family
19239,Other-relative
19239,Own-child
19239,Unmarried
19239,Wife
1737,Husband
1737,Not-in-family
1737,Other-relative
1737,Own-child
1737,Unmarried
1737,Wife
18485,Husband
18485,Other-relative
18485,Own-child
18485,Wife
16572,Husband
16572,Not-in-family
16572,Other-relative
16572,Own-child
16572,Unmarried
16572,Wife
22344,Husband
22344,Not-in-family
22344,Other-relative
22344,Own-child
22344,Unmarried
22344,Wife
29190,Husband
29190,Not-in-family
29190,Other-relative
29190,Own-child
29190,Unmarried
29190,Wife
25999,Husband
25999,Not-in-family
25999,Other-relative
25999,Own-child
25999,Unmarried
25999,Wife
8595,Not-in-family
8595,Unmarried
20359,Husband
20359,Not-in-family
20359,Other-relative
20359,Own-child
20359,Unmarried
20359,Wife
16861,Husband
16861,Not-in-family
16861,Other-relative
16861,Own-child
16861,Unmarried
16861,Wife
13301,Husband
13301,Not-in-family
13301,Other-relative
13301,Own-child
13301,Unmarried
13301,Wife
31491,Husband
31491,Other-relative
31491,Own-child
31491,Wife
45245,Husband
45245,Other-relative
45245,Own-child
45245,Wife
2468,Not-in-family
2468,Unmarried
37280,Husband
37280,Other-relative
37280,Own-child
37280,Wife
44682,Husband
44682,Other-relative
44682,Own-child
44682,Wife
10362,Husband
10362,Other-relative
10362,Own-child
10362,Wife
20964,Husband
20964,Other-relative
20964,Own-child
20964,Wife
19051,Husband
19051,Not-in-family
19051,Other-relative
19051,Own-child
19051,Unmarried
19051,Wife
36466,Not-in-family
36466,Unmarried
35099,Not-in-family
35099,Unmarried
4055,Husband
4055,Not-in-family
4055,Other-relative
4055,Own-child
4055,Unmarried
4055,Wife
33585,Husband
33585,Other-relative
33585,Own-child
33585,Wife
29394,Husband
29394,Not-in-family
29394,Other-relative
29394,Own-child
29394,Unmarried
29394,Wife
46945,Husband
46945,Not-in-family
46945,Other-relative
46945,Own-child
46945,Unmarried
46945,Wife
31671,Husband
31671,Not-in-family
31671,Other-relative
31671,Own-child
31671,Unmarried
31671,Wife
33520,Husband
33520,Other-relative
33520,Own-child
33520,Wife
32344,Not-in-family
32344,Unmarried
8936,Husband
8936,Not-in-family
8936,Other-relative
8936,Own-child
8936,Unmarried
8936,Wife
470,Husband
470,Not-in-family
470,Other-relative
470,Own-child
470,Unmarried
470,Wife
1546,Husband
1546,Other-relative
1546,Own-child
1546,Wife
15438,Husband
15438,Other-relative
15438,Own-child
15438,Wife
23352,Husband
23352,Not-in-family
23352,Other-relative
23352,Own-child
23352,Unmarried
23352,Wife
47585,Not-in-family
47585,Unmarried
33122,Husband
33122,Other-relative
33122,Own-child
33122,Wife
31181,Husband
31181,Other-relative
31181,Own-child
31181,Wife
22361,Husband
22361,Other-relative
22361,Own-child
22361,Wife
47678,Husband
47678,Not-in-family
47678,Other-relative
47678,Own-child
47678,Unmarried
47678,Wife
36149,Not-in-family
36149,Unmarried
40026,Not-in-family
40026,Unmarried
36927,Husband
36927,Not-in-family
36927,Other-relative
36927,Own-child
36927,Unmarried
36927,Wife
35975,Husband
35975,Other-relative
35975,Own-child
35975,Wife
16651,Husband
16651,Other-relative
16651,Own-child
16651,Wife
39872,Husband
39872,Not-in-family
39872,Other-relative
39872,Own-child
39872,Unmarried
39872,Wife
37263,Not-in-family
37263,Unmarried
25572,Not-in-family
25572,Unmarried
39237,Husband
39237,Not-in-family
39237,Other-relative
39237,Own-child
39237,Unmarried
39237,Wife
25398,Husband
25398,Not-in-family
25398,Other-relative
25398,Own-child
25398,Unmarried
25398,Wife
44090,Husband
44090,Not-in-family
44090,Other-relative
44090,Own-child
44090,Unmarried
44090,Wife
31743,Husband
31743,Other-relative
31743,Own-child
31743,Wife
27183,Husband
27183,Not-in-family
27183,Other-relative
27183,Own-child
27183,Unmarried
27183,Wife
19954,Husband
19954,Other-relative
19954,Own-child
19954,Wife
10616,Husband
10616,Not-in-family
10616,Other-relative
10616,Own-child
10616,Unmarried
10616,Wife
3056,Husband
3056,Not-in-family
3056,Other-relative
3056,Own-child
3056,Unmarried
3056,Wife
26670,Husband
26670,Not-in-family
26670,Other-relative
26670,Own-child
26670,Unmarried
26670,Wife
47015,Husband
47015,Other-relative
47015,Own-child
47015,Wife
8038,Husband
8038,Not-in-family
8038,Other-relative
8038,Own-child
8038,Unmarried
8038,Wife
3482,Husband
3482,Not-in-family
3482,Other-relative
3482,Own-child
3482,Unmarried
3482,Wife
16718,Husband
16718,Other-relative
16718,Own-child
16718,Wife
27946,Husband
27946,Not-in-family
27946,Other-relative
27946,Own-child
27946,Unmarried
27946,Wife
14952,Husband
14952,Not-in-family
14952,Other-relative
14952,Own-child
14952,Unmarried
14952,Wife
25708,Husband
25708,Other-relative
25708,Own-child
25708,Wife
22865,Husband
22865,Not-in-family
22865,Other-relative
22865,Own-child
22865,Unmarried
22865,Wife
14375,Husband
14375,Other-relative
14375,Own-child
14375,Wife
5490,Husband
5490,Other-relative
5490,Own-child
5490,Wife
33488,Not-in-family
33488,Unmarried
33549,Husband
33549,Not-in-family
33549,Other-relative
33549,Own-child
33549,Unmarried
33549,Wife
18382,Not-in-family
18382,Unmarried
14006,Husband
14006,Other-relative
14006,Own-child
14006,Wife
45229,Not-in-family
45229,Unmarried
42604,Husband
42604,Not-in-family
42604,Other-relative
42604,Own-child
42604,Unmarried
42604,Wife
19549,Husband
19549,Not-in-family
19549,Other-relative
19549,Own-child
19549,Unmarried
19549,Wife
45612,Not-in-family
45612,Unmarried
21869,Husband
21869,Not-in-family
21869,Other-relative
21869,Own-child
21869,Unmarried
21869,Wife
28259,Husband
28259,Other-relative
28259,Own-child
28259,Wife
19355,Husband
19355,Other-relative
19355,Own-child
19355,Wife
22233,Not-in-family
22233,Unmarried
27882,Husband
27882,Other-relative
27882,Own-child
27882,Wife
6180,Husband
6180,Other-relative
6180,Own-child
6180,Wife
42790,Husband
42790,Other-relative
42790,Own-child
42790,Wife
8555,Husband
8555,Not-in-family
8555,Other-relative
8555,Own-child
8555,Unmarried
8555,Wife
18421,Husband
18421,Not-in-family
18421,Other-relative
18421,Own-child
18421,Unmarried
18421,Wife
32956,Husband
32956,Not-in-family
32956,Other-relative
32956,Own-child
32956,Unmarried
32956,Wife
22172,Husband
22172,Not-in-family
22172,Other-relative
22172,Own-child
22172,Unmarried
22172,Wife
31982,Husband
31982,Not-in-family
31982,Other-relative
31982,Own-child
31982,Unmarried
31982,Wife
14709,Husband
14709,Other-relative
14709,Own-child
14709,Wife
30545,Husband
30545,Other-relative
30545,Own-child
30545,Wife
33986,Husband
33986,Not-in-family
33986,Other-relative
33986,Own-child
33986,Unmarried
33986,Wife
6783,Husband
6783,Not-in-family
6783,Other-relative
6783,Own-child
6783,Unmarried
6783,Wife
29510,Husband
29510,Other-relative
29510,Own-child
29510,Wife
44535,Husband
44535,Not-in-family
44535,Other-relative
44535,Own-child
44535,Unmarried
44535,Wife
33027,Husband
33027,Not-in-family
33027,Other-relative
33027,Own-child
33027,Unmarried
33027,Wife
27603,Husband
27603,Other-relative
27603,Own-child
27603,Wife
44778,Husband
44778,Not-in-family
44778,Other-relative
44778,Own-child
44778,Unmarried
44778,Wife
20962,Husband
20962,Other-relative
20962,Own-child
20962,Wife
10146,Husband
10146,Other-relative
10146,Own-child
10146,Wife
44471,Not-in-family
44471,Unmarried
23070,Husband
23070,Other-relative
23070,Own-child
23070,Wife
16823,Husband
16823,Other-relative
16823,Own-child
16823,Wife
30831,Husband
30831,Not-in-family
30831,Other-relative
30831,Own-child
30831,Unmarried
30831,Wife
10829,Husband
10829,Other-relative
10829,Own-child
10829,Wife
6466,Husband
6466,Other-relative
6466,Own-child
6466,Wife
13314,Husband
13314,Not-in-family
13314,Other-relative
13314,Own-child
13314,Unmarried
13314,Wife
8766,Husband
8766,Not-in-family
8766,Other-relative
8766,Own-child
8766,Unmarried
8766,Wife
8675,Husband
8675,Not-in-family
8675,Other-relative
8675,Own-child
8675,Unmarried
8675,Wife
47616,Husband
47616,Not-in-family
47616,Other-relative
47616,Own-child
47616,Unmarried
47616,Wife
47380,Husband
47380,Other-relative
47380,Own-child
47380,Wife
4861,Husband
4861,Not-in-family
4861,Other-relative
4861,Own-child
4861,Unmarried
4861,Wife
35517,Not-in-family
35517,Unmarried
23581,Not-in-family
23581,Unmarried
28235,Husband
28235,Not-in-family
28235,Other-relative
28235,Own-child
28235,Unmarried
28235,Wife
24874,Husband
24874,Not-in-family
24874,Other-relative
24874,Own-child
24874,Unmarried
24874,Wife
25803,Husband
25803,Not-in-family
25803,Other-relative
25803,Own-child
25803,Unmarried
25803,Wife
9759,Husband
9759,Not-in-family
9759,Other-relative
9759,Own-child
9759,Unmarried
9759,Wife
35386,Husband
35386,Other-relative
35386,Own-child
35386,Wife
28453,Husband
28453,Other-relative
28453,Own-child
28453,Wife
755,Husband
755,Other-relative
755,Own-child
755,Wife
15387,Husband
15387,Other-relative
15387,Own-child
15387,Wife
14848,Husband
14848,Other-relative
14848,Own-child
14848,Wife
12978,Husband
12978,Not-in-family
12978,Other-relative
12978,Own-child
12978,Unmarried
12978,Wife
2158,Husband
2158,Other-relative
2158,Own-child
2158,Wife
25993,Not-in-family
25993,Unmarried
39498,Not-in-family
39498,Unmarried
32377,Husband
32377,Not-in-family
32377,Other-relative
32377,Own-child
32377,Unmarried
32377,Wife
44832,Husband
44832,Not-in-family
44832,Other-relative
44832,Own-child
44832,Unmarried
44832,Wife
5095,Husband
5095,Not-in-family
5095,Other-relative
5095,Own-child
5095,Unmarried
5095,Wife
17486,Husband
17486,Not-in-family
17486,Other-relative
17486,Own-child
17486,Unmarried
17486,Wife
41651,Husband
41651,Other-relative
41651,Own-child
41651,Wife
4004,Husband
4004,Not-in-family
4004,Other-relative
4004,Own-child
4004,Unmarried
4004,Wife
38198,Husband
38198,Other-relative
38198,Own-child
38198,Wife
33723,Husband
33723,Not-in-family
33723,Other-relative
33723,Own-child
33723,Unmarried
33723,Wife
20590,Husband
20590,Not-in-family
20590,Other-relative
20590,Own-child
20590,Unmarried
20590,Wife
6469,Husband
6469,Other-relative
6469,Own-child
6469,Wife
46929,Husband
46929,Not-in-family
46929,Other-relative
46929,Own-child
46929,Unmarried
46929,Wife
35875,Not-in-family
35875,Unmarried
36437,Not-in-family
36437,Unmarried
28509,Not-in-family
28509,Unmarried
47993,Husband
47993,Other-relative
47993,Own-child
47993,Wife
34160,Husband
34160,Not-in-family
34160,Other-relative
34160,Own-child
34160,Unmarried
34160,Wife
25100,Husband
25100,Not-in-family
25100,Other-relative
25100,Own-child
25100,Unmarried
25100,Wife
820,Not-in-family
820,Unmarried
19799,Husband
19799,Not-in-family
19799,Other-relative
19799,Own-child
19799,Unmarried
19799,Wife
19909,Husband
19909,Other-relative
19909,Own-child
19909,Wife
27685,Husband
27685,Not-in-family
27685,Other-relative
27685,Own-child
27685,Unmarried
27685,Wife
25289,Husband
25289,Not-in-family
25289,Other-relative
25289,Own-child
25289,Unmarried
25289,Wife
35659,Not-in-family
35659,Unmarried
26932,Husband
26932,Not-in-family
26932,Other-relative
26932,Own-child
26932,Unmarried
26932,Wife
26060,Husband
26060,Other-relative
26060,Own-child
26060,Wife
21184,Husband
21184,Not-in-family
21184,Other-relative
21184,Own-child
21184,Unmarried
21184,Wife
46526,Husband
46526,Other-relative
46526,Own-child
46526,Wife
405,Husband
405,Other-relative
405,Own-child
405,Wife
11171,Husband
11171,Other-relative
11171,Own-child
11171,Wife
6394,Husband
6394,Other-relative
6394,Own-child
6394,Wife
41269,Husband
41269,Not-in-family
41269,Other-relative
41269,Own-child
41269,Unmarried
41269,Wife
10417,Husband
10417,Not-in-family
10417,Other-relative
10417,Own-child
10417,Unmarried
10417,Wife
10754,Not-in-family
10754,Unmarried
19722,Husband
19722,Other-relative
19722,Own-child
19722,Wife
38157,Husband
38157,Not-in-family
38157,Other-relative
38157,Own-child
38157,Unmarried
38157,Wife
25847,Husband
25847,Other-relative
25847,Own-child
25847,Wife
28644,Husband
28644,Not-in-family
28644,Other-relative
28644,Own-child
28644,Unmarried
28644,Wife
17858,Not-in-family
17858,Unmarried
37036,Husband
37036,Other-relative
37036,Own-child
37036,Wife
23052,Husband
23052,Other-relative
23052,Own-child
23052,Wife
34800,Husband
34800,Other-relative
34800,Own-child
34800,Wife
4690,Husband
4690,Other-relative
4690,Own-child
4690,Wife
29704,Husband
29704,Not-in-family
29704,Other-relative
29704,Own-child
29704,Unmarried
29704,Wife
22355,Husband
22355,Not-in-family
22355,Other-relative
22355,Own-child
22355,Unmarried
22355,Wife
19172,Not-in-family
19172,Unmarried
44250,Husband
44250,Other-relative
44250,Own-child
44250,Wife
32511,Husband
32511,Not-in-family
32511,Other-relative
32511,Own-child
32511,Unmarried
32511,Wife
46995,Not-in-family
46995,Unmarried
11969,Husband
11969,Other-relative
11969,Own-child
11969,Wife
5505,Husband
5505,Other-relative
5505,Own-child
5505,Wife
37027,Husband
37027,Other-relative
37027,Own-child
37027,Wife
22897,Husband
22897,Not-in-family
22897,Other-relative
22897,Own-child
22897,Unmarried
22897,Wife
18103,Husband
18103,Not-in-family
18103,Other-relative
18103,Own-child
18103,Unmarried
18103,Wife
29613,Husband
29613,Not-in-family
29613,Other-relative
29613,Own-child
29613,Unmarried
29613,Wife
27731,Not-in-family
27731,Unmarried
44235,Husband
44235,Other-relative
44235,Own-child
44235,Wife
13265,Husband
13265,Other-relative
13265,Own-child
13265,Wife
27429,Husband
27429,Not-in-family
27429,Other-relative
27429,Own-child
27429,Unmarried
27429,Wife
9968,Husband
9968,Not-in-family
9968,Other-relative
9968,Own-child
9968,Unmarried
9968,Wife
20550,Husband
20550,Not-in-family
20550,Other-relative
20550,Own-child
20550,Unmarried
20550,Wife
36612,Husband
36612,Other-relative
36612,Own-child
36612,Wife
25327,Husband
25327,Other-relative
25327,Own-child
25327,Wife
30077,Husband
30077,Not-in-family
30077,Other-relative
30077,Own-child
30077,Unmarried
30077,Wife
45171,Not-in-family
45171,Unmarried
33638,Husband
33638,Not-in-family
33638,Other-relative
33638,Own-child
33638,Unmarried
33638,Wife
435,Husband
435,Other-relative
435,Own-child
435,Wife
1659,Husband
1659,Other-relative
1659,Own-child
1659,Wife
45377,Not-in-family
45377,Unmarried
35638,Husband
35638,Not-in-family
35638,Other-relative
35638,Own-child
35638,Unmarried
35638,Wife
2806,Not-in-family
2806,Unmarried
35805,Husband
35805,Not-in-family
35805,Other-relative
35805,Own-child
35805,Unmarried
35805,Wife
34351,Not-in-family
34351,Unmarried
7344,Husband
7344,Not-in-family
7344,Other-relative
7344,Own-child
7344,Unmarried
7344,Wife
28171,Not-in-family
28171,Unmarried
44177,Husband
44177,Other-relative
44177,Own-child
44177,Wife
31025,Husband
31025,Not-in-family
31025,Other-relative
31025,Own-child
31025,Unmarried
31025,Wife
19976,Husband
19976,Not-in-family
19976,Other-relative
19976,Own-child
19976,Unmarried
19976,Wife
6265,Husband
6265,Other-relative
6265,Own-child
6265,Wife
43441,Husband
43441,Other-relative
43441,Own-child
43441,Wife
3157,Husband
3157,Not-in-family
3157,Other-relative
3157,Own-child
3157,Unmarried
3157,Wife
4025,Husband
4025,Not-in-family
4025,Other-relative
4025,Own-child
4025,Unmarried
4025,Wife
47825,Not-in-family
47825,Unmarried
22797,Husband
22797,Other-relative
22797,Own-child
22797,Wife
23605,Husband
23605,Not-in-family
23605,Other-relative
23605,Own-child
23605,Unmarried
23605,Wife
46412,Husband
46412,Other-relative
46412,Own-child
46412,Wife
24079,Husband
24079,Other-relative
24079,Own-child
24079,Wife
6761,Husband
6761,Other-relative
6761,Own-child
6761,Wife
28680,Husband
28680,Other-relative
28680,Own-child
28680,Wife
30069,Not-in-family
30069,Unmarried
21657,Husband
21657,Not-in-family
21657,Other-relative
21657,Own-child
21657,Unmarried
21657,Wife
35927,Husband
35927,Other-relative
35927,Own-child
35927,Wife
1849,Husband
1849,Other-relative
1849,Own-child
1849,Wife
10058,Not-in-family
10058,Unmarried
8316,Husband
8316,Other-relative
8316,Own-child
8316,Wife
36641,Not-in-family
36641,Unmarried
23682,Not-in-family
23682,Unmarried
28216,Husband
28216,Not-in-family
28216,Other-relative
28216,Own-child
28216,Unmarried
28216,Wife
35201,Husband
35201,Not-in-family
35201,Other-relative
35201,Own-child
35201,Unmarried
35201,Wife
47092,Husband
47092,Not-in-family
47092,Other-relative
47092,Own-child
47092,Unmarried
47092,Wife
38333,Not-in-family
38333,Unmarried
35542,Not-in-family
35542,Unmarried
35354,Not-in-family
35354,Unmarried
6470,Husband
6470,Not-in-family
6470,Other-relative
6470,Own-child
6470,Unmarried
6470,Wife
46509,Husband
46509,Other-relative
46509,Own-child
46509,Wife
16945,Husband
16945,Not-in-family
16945,Other-relative
16945,Own-child
16945,Unmarried
16945,Wife
44746,Husband
44746,Other-relative
44746,Own-child
44746,Wife
45568,Husband
45568,Other-relative
45568,Own-child
45568,Wife
16736,Husband
16736,Not-in-family
16736,Other-relative
16736,Own-child
16736,Unmarried
16736,Wife
23026,Husband
23026,Not-in-family
23026,Other-relative
23026,Own-child
23026,Unmarried
23026,Wife
46609,Husband
46609,Not-in-family
46609,Other-relative
46609,Own-child
46609,Unmarried
46609,Wife
48356,Husband
48356,Not-in-family
48356,Other-relative
48356,Own-child
48356,Unmarried
48356,Wife
10970,Husband
10970,Not-in-family
10970,Other-relative
10970,Own-child
10970,Unmarried
10970,Wife
48125,Husband
48125,Not-in-family
48125,Other-relative
48125,Own-child
48125,Unmarried
48125,Wife
19350,Husband
19350,Not-in-family
19350,Other-relative
19350,Own-child
19350,Unmarried
19350,Wife
12291,Not-in-family
12291,Unmarried
2183,Husband
2183,Not-in-family
2183,Other-relative
2183,Own-child
2183,Unmarried
2183,Wife
23324,Husband
23324,Other-relative
23324,Own-child
23324,Wife
10689,Husband
10689,Not-in-family
10689,Other-relative
10689,Own-child
10689,Unmarried
10689,Wife
47057,Not-in-family
47057,Unmarried
7932,Husband
7932,Other-relative
7932,Own-child
7932,Wife
20894,Husband
20894,Other-relative
20894,Own-child
20894,Wife
29489,Husband
29489,Not-in-family
29489,Other-relative
29489,Own-child
29489,Unmarried
29489,Wife
22643,Husband
22643,Other-relative
22643,Own-child
22643,Wife
9795,Husband
9795,Not-in-family
9795,Other-relative
9795,Own-child
9795,Unmarried
9795,Wife
15612,Husband
15612,Other-relative
15612,Own-child
15612,Wife
10830,Not-in-family
10830,Unmarried
33086,Husband
33086,Not-in-family
33086,Other-relative
33086,Own-child
33086,Unmarried
33086,Wife
28977,Husband
28977,Not-in-family
28977,Other-relative
28977,Own-child
28977,Unmarried
28977,Wife
12951,Husband
12951,Other-relative
12951,Own-child
12951,Wife
25426,Husband
25426,Not-in-family
25426,Other-relative
25426,Own-child
25426,Unmarried
25426,Wife
5141,Husband
5141,Other-relative
5141,Own-child
5141,Wife
25598,Not-in-family
25598,Unmarried
1575,Husband
1575,Other-relative
1575,Own-child
1575,Wife
21743,Not-in-family
21743,Unmarried
12802,Husband
12802,Other-relative
12802,Own-child
12802,Wife
10217,Husband
10217,Not-in-family
10217,Other-relative
10217,Own-child
10217,Unmarried
10217,Wife
7438,Husband
7438,Not-in-family
7438,Other-relative
7438,Own-child
7438,Unmarried
7438,Wife
41315,Husband
41315,Other-relative
41315,Own-child
41315,Wife
15836,Husband
15836,Not-in-family
15836,Other-relative
15836,Own-child
15836,Unmarried
15836,Wife
36658,Husband
36658,Other-relative
36658,Own-child
36658,Wife
24478,Husband
24478,Other-relative
24478,Own-child
24478,Wife
38877,Husband
38877,Not-in-family
38877,Other-relative
38877,Own-child
38877,Unmarried
38877,Wife
40655,Husband
40655,Not-in-family
40655,Other-relative
40655,Own-child
40655,Unmarried
40655,Wife
35905,Husband
35905,Not-in-family
35905,Other-relative
35905,Own-child
35905,Unmarried
35905,Wife
23555,Husband
23555,Other-relative
23555,Own-child
23555,Wife
26734,Husband
26734,Not-in-family
26734,Other-relative
26734,Own-child
26734,Unmarried
26734,Wife
8725,Husband
8725,Other-relative
8725,Own-child
8725,Wife
10157,Husband
10157,Not-in-family
10157,Other-relative
10157,Own-child
10157,Unmarried
10157,Wife
14221,Husband
14221,Not-in-family
14221,Other-relative
14221,Own-child
14221,Unmarried
14221,Wife
24924,Not-in-family
24924,Unmarried
38859,Not-in-family
38859,Unmarried
35128,Husband
35128,Not-in-family
35128,Other-relative
35128,Own-child
35128,Unmarried
35128,Wife
25416,Husband
25416,Not-in-family
25416,Other-relative
25416,Own-child
25416,Unmarried
25416,Wife
24076,Husband
24076,Not-in-family
24076,Other-relative
24076,Own-child
24076,Unmarried
24076,Wife
23708,Husband
23708,Not-in-family
23708,Other-relative
23708,Own-child
23708,Unmarried
23708,Wife
16477,Husband
16477,Not-in-family
16477,Other-relative
16477,Own-child
16477,Unmarried
16477,Wife
18552,Husband
18552,Not-in-family
18552,Other-relative
18552,Own-child
18552,Unmarried
18552,Wife
43758,Husband
43758,Not-in-family
43758,Other-relative
43758,Own-child
43758,Unmarried
43758,Wife
23366,Husband
23366,Not-in-family
23366,Other-relative
23366,Own-child
23366,Unmarried
23366,Wife
45716,Husband
45716,Not-in-family
45716,Other-relative
45716,Own-child
45716,Unmarried
45716,Wife
11624,Husband
11624,Not-in-family
11624,Other-relative
11624,Own-child
11624,Unmarried
11624,Wife
32454,Not-in-family
32454,Unmarried
43902,Husband
43902,Other-relative
43902,Own-child
43902,Wife
34425,Not-in-family
34425,Unmarried
1716,Not-in-family
1716,Unmarried
28158,Husband
28158,Not-in-family
28158,Other-relative
28158,Own-child
28158,Unmarried
28158,Wife
29411,Not-in-family
29411,Unmarried
15775,Husband
15775,Not-in-family
15775,Other-relative
15775,Own-child
15775,Unmarried
15775,Wife
20453,Not-in-family
20453,Unmarried
28222,Husband
28222,Other-relative
28222,Own-child
28222,Wife
16096,Husband
16096,Not-in-family
16096,Other-relative
16096,Own-child
16096,Unmarried
16096,Wife
33621,Husband
33621,Not-in-family
33621,Other-relative
33621,Own-child
33621,Unmarried
33621,Wife
22362,Husband
22362,Other-relative
22362,Own-child
22362,Wife
28270,Husband
28270,Other-relative
28270,Own-child
28270,Wife
5029,Husband
5029,Not-in-family
5029,Other-relative
5029,Own-child
5029,Unmarried
5029,Wife
12736,Not-in-family
12736,Unmarried
6934,Husband
6934,Other-relative
6934,Own-child
6934,Wife
16354,Not-in-family
16354,Unmarried
36644,Husband
36644,Not-in-family
36644,Other-relative
36644,Own-child
36644,Unmarried
36644,Wife
8687,Husband
8687,Not-in-family
8687,Other-relative
8687,Own-child
8687,Unmarried
8687,Wife
11093,Husband
11093,Other-relative
11093,Own-child
11093,Wife
43936,Husband
43936,Other-relative
43936,Own-child
43936,Wife
21613,Not-in-family
21613,Unmarried
27597,Not-in-family
27597,Unmarried
34597,Husband
34597,Other-relative
34597,Own-child
34597,Wife
40114,Husband
40114,Other-relative
40114,Own-child
40114,Wife
34538,Husband
34538,Not-in-family
34538,Other-relative
34538,Own-child
34538,Unmarried
34538,Wife
14083,Husband
14083,Not-in-family
14083,Other-relative
14083,Own-child
14083,Unmarried
14083,Wife
29732,Husband
29732,Not-in-family
29732,Other-relative
29732,Own-child
29732,Unmarried
29732,Wife
2122,Husband
2122,Other-relative
2122,Own-child
2122,Wife
28238,Husband
28238,Not-in-family
28238,Other-relative
28238,Own-child
28238,Unmarried
28238,Wife
2894,Husband
2894,Not-in-family
2894,Other-relative
2894,Own-child
2894,Unmarried
2894,Wife
35237,Husband
35237,Not-in-family
35237,Other-relative
35237,Own-child
35237,Unmarried
35237,Wife
20122,Husband
20122,Not-in-family
20122,Other-relative
20122,Own-child
20122,Unmarried
20122,Wife
8663,Not-in-family
8663,Unmarried
38855,Not-in-family
38855,Unmarried
20441,Not-in-family
20441,Unmarried
38459,Not-in-family
38459,Unmarried
41028,Husband
41028,Not-in-family
41028,Other-relative
41028,Own-child
41028,Unmarried
41028,Wife
47808,Husband
47808,Not-in-family
47808,Other-relative
47808,Own-child
47808,Unmarried
47808,Wife
12105,Husband
12105,Other-relative
12105,Own-child
12105,Wife
35454,Husband
35454,Other-relative
35454,Own-child
35454,Wife
36319,Husband
36319,Other-relative
36319,Own-child
36319,Wife
11876,Husband
11876,Not-in-family
11876,Other-relative
11876,Own-child
11876,Unmarried
11876,Wife
21044,Husband
21044,Other-relative
21044,Own-child
21044,Wife
44195,Husband
44195,Not-in-family
44195,Other-relative
44195,Own-child
44195,Unmarried
44195,Wife
36424,Husband
36424,Not-in-family
36424,Other-relative
36424,Own-child
36424,Unmarried
36424,Wife
48680,Husband
48680,Not-in-family
48680,Other-relative
48680,Own-child
48680,Unmarried
48680,Wife
31214,Husband
31214,Other-relative
31214,Own-child
31214,Wife
24472,Husband
24472,Other-relative
24472,Own-child
24472,Wife
32010,Husband
32010,Not-in-family
32010,Other-relative
32010,Own-child
32010,Unmarried
32010,Wife
6632,Husband
6632,Not-in-family
6632,Other-relative
6632,Own-child
6632,Unmarried
6632,Wife
41940,Husband
41940,Not-in-family
41940,Other-relative
41940,Own-child
41940,Unmarried
41940,Wife
26704,Husband
26704,Not-in-family
26704,Other-relative
26704,Own-child
26704,Unmarried
26704,Wife
48132,Husband
48132,Other-relative
48132,Own-child
48132,Wife
6209,Not-in-family
6209,Unmarried
45199,Husband
45199,Other-relative
45199,Own-child
45199,Wife
12277,Husband
12277,Other-relative
12277,Own-child
12277,Wife
8090,Husband
8090,Other-relative
8090,Own-child
8090,Wife
23527,Husband
23527,Other-relative
23527,Own-child
23527,Wife
33176,Husband
33176,Not-in-family
33176,Other-relative
33176,Own-child
33176,Unmarried
33176,Wife
21663,Husband
21663,Other-relative
21663,Own-child
21663,Wife
14645,Husband
14645,Not-in-family
14645,Other-relative
14645,Own-child
14645,Unmarried
14645,Wife
34493,Husband
34493,Not-in-family
34493,Other-relative
34493,Own-child
34493,Unmarried
34493,Wife
43337,Husband
43337,Other-relative
43337,Own-child
43337,Wife
37065,Not-in-family
37065,Unmarried
23225,Husband
23225,Not-in-family
23225,Other-relative
23225,Own-child
23225,Unmarried
23225,Wife
23264,Husband
23264,Other-relative
23264,Own-child
23264,Wife
11554,Husband
11554,Other-relative
11554,Own-child
11554,Wife
30982,Husband
30982,Not-in-family
30982,Other-relative
30982,Own-child
30982,Unmarried
30982,Wife
23832,Husband
23832,Not-in-family
23832,Other-relative
23832,Own-child
23832,Unmarried
23832,Wife
9131,Husband
9131,Not-in-family
9131,Other-relative
9131,Own-child
9131,Unmarried
9131,Wife
22425,Husband
22425,Not-in-family
22425,Other-relative
22425,Own-child
22425,Unmarried
22425,Wife
6888,Husband
6888,Not-in-family
6888,Other-relative
6888,Own-child
6888,Unmarried
6888,Wife
37364,Husband
37364,Not-in-family
37364,Other-relative
37364,Own-child
37364,Unmarried
37364,Wife
6224,Husband
6224,Not-in-family
6224,Other-relative
6224,Own-child
6224,Unmarried
6224,Wife
19572,Husband
19572,Other-relative
19572,Own-child
19572,Wife
19294,Husband
19294,Not-in-family
19294,Other-relative
19294,Own-child
19294,Unmarried
19294,Wife
17579,Husband
17579,Other-relative
17579,Own-child
17579,Wife
31895,Husband
31895,Other-relative
31895,Own-child
31895,Wife
36901,Husband
36901,Other-relative
36901,Own-child
36901,Wife
42290,Husband
42290,Other-relative
42290,Own-child
42290,Wife
37290,Husband
37290,Other-relative
37290,Own-child
37290,Wife
32303,Not-in-family
32303,Unmarried
15689,Husband
15689,Other-relative
15689,Own-child
15689,Wife
19403,Husband
19403,Not-in-family
19403,Other-relative
19403,Own-child
19403,Unmarried
19403,Wife
12204,Husband
12204,Not-in-family
12204,Other-relative
12204,Own-child
12204,Unmarried
12204,Wife
846,Not-in-family
846,Unmarried
42327,Husband
42327,Not-in-family
42327,Other-relative
42327,Own-child
42327,Unmarried
42327,Wife
15493,Husband
15493,Not-in-family
15493,Other-relative
15493,Own-child
15493,Unmarried
15493,Wife
19936,Husband
19936,Not-in-family
19936,Other-relative
19936,Own-child
19936,Unmarried
19936,Wife
26184,Husband
26184,Not-in-family
26184,Other-relative
26184,Own-child
26184,Unmarried
26184,Wife
39145,Husband
39145,Not-in-family
39145,Other-relative
39145,Own-child
39145,Unmarried
39145,Wife
3779,Not-in-family
3779,Unmarried
7712,Husband
7712,Not-in-family
7712,Other-relative
7712,Own-child
7712,Unmarried
7712,Wife
23671,Husband
23671,Not-in-family
23671,Other-relative
23671,Own-child
23671,Unmarried
23671,Wife
6243,Husband
6243,Not-in-family
6243,Other-relative
6243,Own-child
6243,Unmarried
6243,Wife
28814,Husband
28814,Other-relative
28814,Own-child
28814,Wife
20965,Husband
20965,Not-in-family
20965,Other-relative
20965,Own-child
20965,Unmarried
20965,Wife
29445,Husband
29445,Other-relative
29445,Own-child
29445,Wife
26913,Husband
26913,Other-relative
26913,Own-child
26913,Wife
25480,Husband
25480,Not-in-family
25480,Other-relative
25480,Own-child
25480,Unmarried
25480,Wife
20260,Not-in-family
20260,Unmarried
39839,Husband
39839,Not-in-family
39839,Other-relative
39839,Own-child
39839,Unmarried
39839,Wife
38860,Husband
38860,Other-relative
38860,Own-child
38860,Wife
34286,Not-in-family
34286,Unmarried
45656,Husband
45656,Not-in-family
45656,Other-relative
45656,Own-child
45656,Unmarried
45656,Wife
4116,Husband
4116,Not-in-family
4116,Other-relative
4116,Own-child
4116,Unmarried
4116,Wife
39140,Husband
39140,Other-relative
39140,Own-child
39140,Wife
12970,Husband
12970,Not-in-family
12970,Other-relative
12970,Own-child
12970,Unmarried
12970,Wife
22144,Husband
22144,Other-relative
22144,Own-child
22144,Wife
5818,Husband
5818,Not-in-family
5818,Other-relative
5818,Own-child
5818,Unmarried
5818,Wife
24562,Husband
24562,Other-relative
24562,Own-child
24562,Wife
32106,Not-in-family
32106,Unmarried
4477,Husband
4477,Other-relative
4477,Own-child
4477,Wife
7528,Husband
7528,Not-in-family
7528,Other-relative
7528,Own-child
7528,Unmarried
7528,Wife
20714,Husband
20714,Not-in-family
20714,Other-relative
20714,Own-child
20714,Unmarried
20714,Wife
37292,Husband
37292,Other-relative
37292,Own-child
37292,Wife
179,Husband
179,Other-relative
179,Own-child
179,Wife
6425,Husband
6425,Not-in-family
6425,Other-relative
6425,Own-child
6425,Unmarried
6425,Wife
22738,Husband
22738,Not-in-family
22738,Other-relative
22738,Own-child
22738,Unmarried
22738,Wife
42099,Husband
42099,Not-in-family
42099,Other-relative
42099,Own-child
42099,Unmarried
42099,Wife
20496,Husband
20496,Other-relative
20496,Own-child
20496,Wife
42279,Husband
42279,Not-in-family
42279,Other-relative
42279,Own-child
42279,Unmarried
42279,Wife
17256,Not-in-family
17256,Unmarried
45939,Husband
45939,Not-in-family
45939,Other-relative
45939,Own-child
45939,Unmarried
45939,Wife
23022,Husband
23022,Not-in-family
23022,Other-relative
23022,Own-child
23022,Unmarried
23022,Wife
41616,Husband
41616,Other-relative
41616,Own-child
41616,Wife
23321,Husband
23321,Not-in-family
23321,Other-relative
23321,Own-child
23321,Unmarried
23321,Wife
48056,Husband
48056,Not-in-family
48056,Other-relative
48056,Own-child
48056,Unmarried
48056,Wife
39414,Husband
39414,Other-relative
39414,Own-child
39414,Wife
42897,Husband
42897,Other-relative
42897,Own-child
42897,Wife
389,Husband
389,Not-in-family
389,Other-relative
389,Own-child
389,Unmarried
389,Wife
41061,Husband
41061,Not-in-family
41061,Other-relative
41061,Own-child
41061,Unmarried
41061,Wife
37865,Husband
37865,Other-relative
37865,Own-child
37865,Wife
36890,Husband
36890,Not-in-family
36890,Other-relative
36890,Own-child
36890,Unmarried
36890,Wife
30841,Husband
30841,Not-in-family
30841,Other-relative
30841,Own-child
30841,Unmarried
30841,Wife
7727,Husband
7727,Not-in-family
7727,Other-relative
7727,Own-child
7727,Unmarried
7727,Wife
34372,Husband
34372,Not-in-family
34372,Other-relative
34372,Own-child
34372,Unmarried
34372,Wife
996,Not-in-family
996,Unmarried
2196,Husband
2196,Not-in-family
2196,Other-relative
2196,Own-child
2196,Unmarried
2196,Wife
25012,Husband
25012,Not-in-family
25012,Other-relative
25012,Own-child
25012,Unmarried
25012,Wife
28916,Husband
28916,Not-in-family
28916,Other-relative
28916,Own-child
28916,Unmarried
28916,Wife
31588,Not-in-family
31588,Unmarried
17179,Husband
17179,Other-relative
17179,Own-child
17179,Wife
12030,Husband
12030,Not-in-family
12030,Other-relative
12030,Own-child
12030,Unmarried
12030,Wife
18863,Husband
18863,Not-in-family
18863,Other-relative
18863,Own-child
18863,Unmarried
18863,Wife
6023,Husband
6023,Not-in-family
6023,Other-relative
6023,Own-child
6023,Unmarried
6023,Wife
24666,Husband
24666,Not-in-family
24666,Other-relative
24666,Own-child
24666,Unmarried
24666,Wife
2582,Husband
2582,Other-relative
2582,Own-child
2582,Wife
20471,Husband
20471,Other-relative
20471,Own-child
20471,Wife
8453,Husband
8453,Not-in-family
8453,Other-relative
8453,Own-child
8453,Unmarried
8453,Wife
18932,Husband
18932,Other-relative
18932,Own-child
18932,Wife
20903,Husband
20903,Not-in-family
20903,Other-relative
20903,Own-child
20903,Unmarried
20903,Wife
13451,Husband
13451,Other-relative
13451,Own-child
13451,Wife
31861,Husband
31861,Other-relative
31861,Own-child
31861,Wife
46020,Not-in-family
46020,Unmarried
13542,Husband
13542,Not-in-family
13542,Other-relative
13542,Own-child
13542,Unmarried
13542,Wife
4340,Husband
4340,Other-relative
4340,Own-child
4340,Wife
43778,Husband
43778,Not-in-family
43778,Other-relative
43778,Own-child
43778,Unmarried
43778,Wife
4508,Not-in-family
4508,Unmarried
23526,Husband
23526,Other-relative
23526,Own-child
23526,Wife
46756,Husband
46756,Not-in-family
46756,Other-relative
46756,Own-child
46756,Unmarried
46756,Wife
41032,Husband
41032,Other-relative
41032,Own-child
41032,Wife
12732,Husband
12732,Other-relative
12732,Own-child
12732,Wife
45227,Husband
45227,Other-relative
45227,Own-child
45227,Wife
39126,Husband
39126,Not-in-family
39126,Other-relative
39126,Own-child
39126,Unmarried
39126,Wife
29516,Husband
29516,Other-relative
29516,Own-child
29516,Wife
37899,Husband
37899,Other-relative
37899,Own-child
37899,Wife
20126,Husband
20126,Other-relative
20126,Own-child
20126,Wife
44463,Husband
44463,Not-in-family
44463,Other-relative
44463,Own-child
44463,Unmarried
44463,Wife
39908,Husband
39908,Other-relative
39908,Own-child
39908,Wife
18836,Husband
18836,Other-relative
18836,Own-child
18836,Wife
22028,Husband
22028,Not-in-family
22028,Other-relative
22028,Own-child
22028,Unmarried
22028,Wife
36656,Not-in-family
36656,Unmarried
1067,Husband
1067,Not-in-family
1067,Other-relative
1067,Own-child
1067,Unmarried
1067,Wife
36133,Not-in-family
36133,Unmarried
24307,Husband
24307,Other-relative
24307,Own-child
24307,Wife
14008,Husband
14008,Other-relative
14008,Own-child
14008,Wife
3974,Husband
3974,Not-in-family
3974,Other-relative
3974,Own-child
3974,Unmarried
3974,Wife
47480,Not-in-family
47480,Unmarried
37244,Husband
37244,Not-in-family
37244,Other-relative
37244,Own-child
37244,Unmarried
37244,Wife
10305,Husband
10305,Other-relative
10305,Own-child
10305,Wife
32987,Not-in-family
32987,Unmarried
12113,Husband
12113,Not-in-family
12113,Other-relative
12113,Own-child
12113,Unmarried
12113,Wife
14444,Husband
14444,Not-in-family
14444,Other-relative
14444,Own-child
14444,Unmarried
14444,Wife
12279,Husband
12279,Not-in-family
12279,Other-relative
12279,Own-child
12279,Unmarried
12279,Wife
11157,Husband
11157,Not-in-family
11157,Other-relative
11157,Own-child
11157,Unmarried
11157,Wife
3745,Husband
3745,Not-in-family
3745,Other-relative
3745,Own-child
3745,Unmarried
3745,Wife
26425,Husband
26425,Not-in-family
26425,Other-relative
26425,Own-child
26425,Unmarried
26425,Wife
462,Husband
462,Other-relative
462,Own-child
462,Wife
15314,Husband
15314,Not-in-family
15314,Other-relative
15314,Own-child
15314,Unmarried
15314,Wife
9375,Husband
9375,Other-relative
9375,Own-child
9375,Wife
27682,Husband
27682,Not-in-family
27682,Other-relative
27682,Own-child
27682,Unmarried
27682,Wife
40620,Husband
40620,Other-relative
40620,Own-child
40620,Wife
39002,Not-in-family
39002,Unmarried
25032,Husband
25032,Other-relative
25032,Own-child
25032,Wife
28324,Not-in-family
28324,Unmarried
6488,Husband
6488,Other-relative
6488,Own-child
6488,Wife
23156,Not-in-family
23156,Unmarried
21957,Husband
21957,Not-in-family
21957,Other-relative
21957,Own-child
21957,Unmarried
21957,Wife
7229,Not-in-family
7229,Unmarried
11461,Husband
11461,Not-in-family
11461,Other-relative
11461,Own-child
11461,Unmarried
11461,Wife
17103,Husband
17103,Not-in-family
17103,Other-relative
17103,Own-child
17103,Unmarried
17103,Wife
42978,Husband
42978,Other-relative
42978,Own-child
42978,Wife
15215,Husband
15215,Other-relative
15215,Own-child
15215,Wife
47309,Husband
47309,Not-in-family
47309,Other-relative
47309,Own-child
47309,Unmarried
47309,Wife
23364,Not-in-family
23364,Unmarried
19596,Not-in-family
19596,Unmarried
10680,Not-in-family
10680,Unmarried
15091,Husband
15091,Not-in-family
15091,Other-relative
15091,Own-child
15091,Unmarried
15091,Wife
22651,Husband
22651,Other-relative
22651,Own-child
22651,Wife
37076,Husband
37076,Not-in-family
37076,Other-relative
37076,Own-child
37076,Unmarried
37076,Wife
16972,Husband
16972,Not-in-family
16972,Other-relative
16972,Own-child
16972,Unmarried
16972,Wife
43816,Husband
43816,Other-relative
43816,Own-child
43816,Wife
36380,Husband
36380,Other-relative
36380,Own-child
36380,Wife
42603,Not-in-family
42603,Unmarried
36876,Husband
36876,Other-relative
36876,Own-child
36876,Wife
29116,Husband
29116,Other-relative
29116,Own-child
29116,Wife
9149,Husband
9149,Not-in-family
9149,Other-relative
9149,Own-child
9149,Unmarried
9149,Wife
4071,Not-in-family
4071,Unmarried
36160,Husband
36160,Other-relative
36160,Own-child
36160,Wife
4199,Husband
4199,Not-in-family
4199,Other-relative
4199,Own-child
4199,Unmarried
4199,Wife
24703,Not-in-family
24703,Unmarried
45996,Husband
45996,Not-in-family
45996,Other-relative
45996,Own-child
45996,Unmarried
45996,Wife
46351,Husband
46351,Not-in-family
46351,Other-relative
46351,Own-child
46351,Unmarried
46351,Wife
44339,Husband
44339,Other-relative
44339,Own-child
44339,Wife
23175,Not-in-family
23175,Unmarried
40334,Husband
40334,Not-in-family
40334,Other-relative
40334,Own-child
40334,Unmarried
40334,Wife
11724,Husband
11724,Not-in-family
11724,Other-relative
11724,Own-child
11724,Unmarried
11724,Wife
17739,Husband
17739,Not-in-family
17739,Other-relative
17739,Own-child
17739,Unmarried
17739,Wife
31290,Husband
31290,Not-in-family
31290,Other-relative
31290,Own-child
31290,Unmarried
31290,Wife
5519,Not-in-family
5519,Unmarried
18465,Husband
18465,Other-relative
18465,Own-child
18465,Wife
46064,Husband
46064,Other-relative
46064,Own-child
46064,Wife
6627,Husband
6627,Other-relative
6627,Own-child
6627,Wife
16641,Husband
16641,Not-in-family
16641,Other-relative
16641,Own-child
16641,Unmarried
16641,Wife
15320,Not-in-family
15320,Unmarried
34876,Husband
34876,Not-in-family
34876,Other-relative
34876,Own-child
34876,Unmarried
34876,Wife
8059,Husband
8059,Other-relative
8059,Own-child
8059,Wife
46187,Husband
46187,Not-in-family
46187,Other-relative
46187,Own-child
46187,Unmarried
46187,Wife
35501,Not-in-family
35501,Unmarried
13333,Husband
13333,Not-in-family
13333,Other-relative
13333,Own-child
13333,Unmarried
13333,Wife
16708,Husband
16708,Other-relative
16708,Own-child
16708,Wife
4747,Husband
4747,Not-in-family
4747,Other-relative
4747,Own-child
4747,Unmarried
4747,Wife
2781,Husband
2781,Not-in-family
2781,Other-relative
2781,Own-child
2781,Unmarried
2781,Wife
45575,Not-in-family
45575,Unmarried
40345,Husband
40345,Not-in-family
40345,Other-relative
40345,Own-child
40345,Unmarried
40345,Wife
47280,Husband
47280,Other-relative
47280,Own-child
47280,Wife
5220,Husband
5220,Other-relative
5220,Own-child
5220,Wife
45717,Not-in-family
45717,Unmarried
14678,Not-in-family
14678,Unmarried
9354,Not-in-family
9354,Unmarried
39082,Husband
39082,Not-in-family
39082,Other-relative
39082,Own-child
39082,Unmarried
39082,Wife
27543,Husband
27543,Other-relative
27543,Own-child
27543,Wife
23060,Husband
23060,Not-in-family
23060,Other-relative
23060,Own-child
23060,Unmarried
23060,Wife
29466,Husband
29466,Not-in-family
29466,Other-relative
29466,Own-child
29466,Unmarried
29466,Wife
5610,Husband
5610,Not-in-family
5610,Other-relative
5610,Own-child
5610,Unmarried
5610,Wife
12930,Husband
12930,Other-relative
12930,Own-child
12930,Wife
24462,Not-in-family
24462,Unmarried
48374,Husband
48374,Other-relative
48374,Own-child
48374,Wife
5068,Not-in-family
5068,Unmarried
25197,Husband
25197,Not-in-family
25197,Other-relative
25197,Own-child
25197,Unmarried
25197,Wife
46144,Husband
46144,Not-in-family
46144,Other-relative
46144,Own-child
46144,Unmarried
46144,Wife
8073,Husband
8073,Not-in-family
8073,Other-relative
8073,Own-child
8073,Unmarried
8073,Wife
29189,Husband
29189,Not-in-family
29189,Other-relative
29189,Own-child
29189,Unmarried
29189,Wife
18927,Husband
18927,Other-relative
18927,Own-child
18927,Wife
46575,Not-in-family
46575,Unmarried
7448,Husband
7448,Other-relative
7448,Own-child
7448,Wife
2525,Not-in-family
2525,Unmarried
8450,Husband
8450,Not-in-family
8450,Other-relative
8450,Own-child
8450,Unmarried
8450,Wife
7684,Husband
7684,Other-relative
7684,Own-child
7684,Wife
46517,Husband
46517,Other-relative
46517,Own-child
46517,Wife
10541,Husband
10541,Not-in-family
10541,Other-relative
10541,Own-child
10541,Unmarried
10541,Wife
40064,Husband
40064,Other-relative
40064,Own-child
40064,Wife
11407,Husband
11407,Other-relative
11407,Own-child
11407,Wife
9213,Husband
9213,Other-relative
9213,Own-child
9213,Wife
45149,Husband
45149,Other-relative
45149,Own-child
45149,Wife
16208,Not-in-family
16208,Unmarried
46465,Husband
46465,Other-relative
46465,Own-child
46465,Wife
48785,Husband
48785,Not-in-family
48785,Other-relative
48785,Own-child
48785,Unmarried
48785,Wife
29746,Husband
29746,Other-relative
29746,Own-child
29746,Wife
333,Husband
333,Not-in-family
333,Other-relative
333,Own-child
333,Unmarried
333,Wife
25878,Husband
25878,Not-in-family
25878,Other-relative
25878,Own-child
25878,Unmarried
25878,Wife
41075,Husband
41075,Other-relative
41075,Own-child
41075,Wife
7745,Husband
7745,Other-relative
7745,Own-child
7745,Wife
46730,Not-in-family
46730,Unmarried
18115,Not-in-family
18115,Unmarried
22882,Husband
22882,Not-in-family
22882,Other-relative
22882,Own-child
22882,Unmarried
22882,Wife
8640,Husband
8640,Not-in-family
8640,Other-relative
8640,Own-child
8640,Unmarried
8640,Wife
44304,Husband
44304,Not-in-family
44304,Other-relative
44304,Own-child
44304,Unmarried
44304,Wife
11313,Husband
11313,Not-in-family
11313,Other-relative
11313,Own-child
11313,Unmarried
11313,Wife
7094,Not-in-family
7094,Unmarried
38889,Husband
38889,Other-relative
38889,Own-child
38889,Wife
10852,Not-in-family
10852,Unmarried
33232,Husband
33232,Not-in-family
33232,Other-relative
33232,Own-child
33232,Unmarried
33232,Wife
22806,Husband
22806,Other-relative
22806,Own-child
22806,Wife
35150,Husband
35150,Not-in-family
35150,Other-relative
35150,Own-child
35150,Unmarried
35150,Wife
8077,Husband
8077,Not-in-family
8077,Other-relative
8077,Own-child
8077,Unmarried
8077,Wife
48266,Husband
48266,Other-relative
48266,Own-child
48266,Wife
43121,Husband
43121,Not-in-family
43121,Other-relative
43121,Own-child
43121,Unmarried
43121,Wife
2716,Husband
2716,Not-in-family
2716,Other-relative
2716,Own-child
2716,Unmarried
2716,Wife
8873,Husband
8873,Other-relative
8873,Own-child
8873,Wife
1464,Husband
1464,Not-in-family
1464,Other-relative
1464,Own-child
1464,Unmarried
1464,Wife
21131,Not-in-family
21131,Unmarried
17541,Husband
17541,Other-relative
17541,Own-child
17541,Wife
9227,Not-in-family
9227,Unmarried
7768,Husband
7768,Not-in-family
7768,Other-relative
7768,Own-child
7768,Unmarried
7768,Wife
29380,Husband
29380,Other-relative
29380,Own-child
29380,Wife
44112,Husband
44112,Not-in-family
44112,Other-relative
44112,Own-child
44112,Unmarried
44112,Wife
32394,Not-in-family
32394,Unmarried
48636,Not-in-family
48636,Unmarried
45833,Husband
45833,Other-relative
45833,Own-child
45833,Wife
40175,Husband
40175,Not-in-family
40175,Other-relative
40175,Own-child
40175,Unmarried
40175,Wife
21962,Husband
21962,Not-in-family
21962,Other-relative
21962,Own-child
21962,Unmarried
21962,Wife
23299,Husband
23299,Other-relative
23299,Own-child
23299,Wife
38542,Husband
38542,Not-in-family
38542,Other-relative
38542,Own-child
38542,Unmarried
38542,Wife
27690,Husband
27690,Not-in-family
27690,Other-relative
27690,Own-child
27690,Unmarried
27690,Wife
31212,Husband
31212,Not-in-family
31212,Other-relative
31212,Own-child
31212,Unmarried
31212,Wife
23924,Husband
23924,Other-relative
23924,Own-child
23924,Wife
25346,Not-in-family
25346,Unmarried
1708,Husband
1708,Not-in-family
1708,Other-relative
1708,Own-child
1708,Unmarried
1708,Wife
42696,Husband
42696,Not-in-family
42696,Other-relative
42696,Own-child
42696,Unmarried
42696,Wife
27537,Husband
27537,Not-in-family
27537,Other-relative
27537,Own-child
27537,Unmarried
27537,Wife
22634,Husband
22634,Other-relative
22634,Own-child
22634,Wife
38470,Husband
38470,Not-in-family
38470,Other-relative
38470,Own-child
38470,Unmarried
38470,Wife
33828,Husband
33828,Not-in-family
33828,Other-relative
33828,Own-child
33828,Unmarried
33828,Wife
45221,Husband
45221,Not-in-family
45221,Other-relative
45221,Own-child
45221,Unmarried
45221,Wife
22155,Husband
22155,Not-in-family
22155,Other-relative
22155,Own-child
22155,Unmarried
22155,Wife
17236,Husband
17236,Not-in-family
17236,Other-relative
17236,Own-child
17236,Unmarried
17236,Wife
11219,Husband
11219,Not-in-family
11219,Other-relative
11219,Own-child
11219,Unmarried
11219,Wife
47520,Not-in-family
47520,Unmarried
4074,Not-in-family
4074,Unmarried
16460,Husband
16460,Other-relative
16460,Own-child
16460,Wife
22688,Husband
22688,Not-in-family
22688,Other-relative
22688,Own-child
22688,Unmarried
22688,Wife
13665,Husband
13665,Other-relative
13665,Own-child
13665,Wife
40139,Husband
40139,Other-relative
40139,Own-child
40139,Wife
5656,Husband
5656,Not-in-family
5656,Other-relative
5656,Own-child
5656,Unmarried
5656,Wife
32258,Husband
32258,Not-in-family
32258,Other-relative
32258,Own-child
32258,Unmarried
32258,Wife
4438,Husband
4438,Other-relative
4438,Own-child
4438,Wife
28252,Not-in-family
28252,Unmarried
47579,Husband
47579,Not-in-family
47579,Other-relative
47579,Own-child
47579,Unmarried
47579,Wife
44719,Husband
44719,Other-relative
44719,Own-child
44719,Wife
12156,Husband
12156,Other-relative
12156,Own-child
12156,Wife
17091,Husband
17091,Other-relative
17091,Own-child
17091,Wife
4663,Husband
4663,Not-in-family
4663,Other-relative
4663,Own-child
4663,Unmarried
4663,Wife
3522,Husband
3522,Not-in-family
3522,Other-relative
3522,Own-child
3522,Unmarried
3522,Wife
32294,Husband
32294,Not-in-family
32294,Other-relative
32294,Own-child
32294,Unmarried
32294,Wife
29153,Husband
29153,Other-relative
29153,Own-child
29153,Wife
11854,Husband
11854,Not-in-family
11854,Other-relative
11854,Own-child
11854,Unmarried
11854,Wife
41036,Not-in-family
41036,Unmarried
1329,Husband
1329,Not-in-family
1329,Other-relative
1329,Own-child
1329,Unmarried
1329,Wife
2402,Husband
2402,Not-in-family
2402,Other-relative
2402,Own-child
2402,Unmarried
2402,Wife
20315,Husband
20315,Not-in-family
20315,Other-relative
20315,Own-child
20315,Unmarried
20315,Wife
26715,Husband
26715,Not-in-family
26715,Other-relative
26715,Own-child
26715,Unmarried
26715,Wife
23976,Husband
23976,Other-relative
23976,Own-child
23976,Wife
20256,Husband
20256,Other-relative
20256,Own-child
20256,Wife
43855,Husband
43855,Not-in-family
43855,Other-relative
43855,Own-child
43855,Unmarried
43855,Wife
3705,Husband
3705,Not-in-family
3705,Other-relative
3705,Own-child
3705,Unmarried
3705,Wife
36091,Husband
36091,Not-in-family
36091,Other-relative
36091,Own-child
36091,Unmarried
36091,Wife
8924,Husband
8924,Other-relative
8924,Own-child
8924,Wife
29460,Husband
29460,Not-in-family
29460,Other-relative
29460,Own-child
29460,Unmarried
29460,Wife
32244,Not-in-family
32244,Unmarried
47207,Husband
47207,Other-relative
47207,Own-child
47207,Wife
3183,Husband
3183,Not-in-family
3183,Other-relative
3183,Own-child
3183,Unmarried
3183,Wife
38604,Husband
38604,Not-in-family
38604,Other-relative
38604,Own-child
38604,Unmarried
38604,Wife
11610,Husband
11610,Other-relative
11610,Own-child
11610,Wife
38471,Husband
38471,Not-in-family
38471,Other-relative
38471,Own-child
38471,Unmarried
38471,Wife
34831,Husband
34831,Other-relative
34831,Own-child
34831,Wife
14796,Husband
14796,Other-relative
14796,Own-child
14796,Wife
46726,Husband
46726,Other-relative
46726,Own-child
46726,Wife
21323,Husband
21323,Not-in-family
21323,Other-relative
21323,Own-child
21323,Unmarried
21323,Wife
41296,Husband
41296,Not-in-family
41296,Other-relative
41296,Own-child
41296,Unmarried
41296,Wife
48523,Husband
48523,Other-relative
48523,Own-child
48523,Wife
3240,Husband
3240,Not-in-family
3240,Other-relative
3240,Own-child
3240,Unmarried
3240,Wife
13024,Husband
13024,Not-in-family
13024,Other-relative
13024,Own-child
13024,Unmarried
13024,Wife
20614,Husband
20614,Other-relative
20614,Own-child
20614,Wife
33588,Husband
33588,Other-relative
33588,Own-child
33588,Wife
10964,Husband
10964,Not-in-family
10964,Other-relative
10964,Own-child
10964,Unmarried
10964,Wife
35477,Husband
35477,Not-in-family
35477,Other-relative
35477,Own-child
35477,Unmarried
35477,Wife
37540,Not-in-family
37540,Unmarried
46714,Husband
46714,Not-in-family
46714,Other-relative
46714,Own-child
46714,Unmarried
46714,Wife
19985,Husband
19985,Not-in-family
19985,Other-relative
19985,Own-child
19985,Unmarried
19985,Wife
25901,Husband
25901,Not-in-family
25901,Other-relative
25901,Own-child
25901,Unmarried
25901,Wife
41439,Not-in-family
41439,Unmarried
15487,Husband
15487,Other-relative
15487,Own-child
15487,Wife
18793,Husband
18793,Not-in-family
18793,Other-relative
18793,Own-child
18793,Unmarried
18793,Wife
561,Husband
561,Other-relative
561,Own-child
561,Wife
9716,Husband
9716,Other-relative
9716,Own-child
9716,Wife
13717,Not-in-family
13717,Unmarried
43214,Husband
43214,Not-in-family
43214,Other-relative
43214,Own-child
43214,Unmarried
43214,Wife
43315,Husband
43315,Not-in-family
43315,Other-relative
43315,Own-child
43315,Unmarried
43315,Wife
34473,Husband
34473,Other-relative
34473,Own-child
34473,Wife
21178,Husband
21178,Other-relative
21178,Own-child
21178,Wife
7023,Husband
7023,Other-relative
7023,Own-child
7023,Wife
34760,Husband
34760,Not-in-family
34760,Other-relative
34760,Own-child
34760,Unmarried
34760,Wife
39876,Husband
39876,Not-in-family
39876,Other-relative
39876,Own-child
39876,Unmarried
39876,Wife
16886,Husband
16886,Other-relative
16886,Own-child
16886,Wife
23034,Husband
23034,Other-relative
23034,Own-child
23034,Wife
23079,Husband
23079,Not-in-family
23079,Other-relative
23079,Own-child
23079,Unmarried
23079,Wife
5356,Husband
5356,Not-in-family
5356,Other-relative
5356,Own-child
5356,Unmarried
5356,Wife
23276,Husband
23276,Other-relative
23276,Own-child
23276,Wife
47950,Husband
47950,Other-relative
47950,Own-child
47950,Wife
318,Not-in-family
318,Unmarried
46661,Not-in-family
46661,Unmarried
3018,Husband
3018,Not-in-family
3018,Other-relative
3018,Own-child
3018,Unmarried
3018,Wife
38314,Husband
38314,Not-in-family
38314,Other-relative
38314,Own-child
38314,Unmarried
38314,Wife
33196,Husband
33196,Other-relative
33196,Own-child
33196,Wife
20872,Not-in-family
20872,Unmarried
22573,Husband
22573,Other-relative
22573,Own-child
22573,Wife
17845,Husband
17845,Other-relative
17845,Own-child
17845,Wife
47030,Husband
47030,Other-relative
47030,Own-child
47030,Wife
8909,Not-in-family
8909,Unmarried
27175,Not-in-family
27175,Unmarried
31910,Husband
31910,Not-in-family
31910,Other-relative
31910,Own-child
31910,Unmarried
31910,Wife
44080,Husband
44080,Not-in-family
44080,Other-relative
44080,Own-child
44080,Unmarried
44080,Wife
7379,Husband
7379,Not-in-family
7379,Other-relative
7379,Own-child
7379,Unmarried
7379,Wife
37424,Not-in-family
37424,Unmarried
47569,Husband
47569,Other-relative
47569,Own-child
47569,Wife
38464,Husband
38464,Not-in-family
38464,Other-relative
38464,Own-child
38464,Unmarried
38464,Wife
41138,Not-in-family
41138,Unmarried
10994,Husband
10994,Not-in-family
10994,Other-relative
10994,Own-child
10994,Unmarried
10994,Wife
42633,Husband
42633,Other-relative
42633,Own-child
42633,Wife
48089,Husband
48089,Other-relative
48089,Own-child
48089,Wife
21880,Husband
21880,Other-relative
21880,Own-child
21880,Wife
29921,Husband
29921,Not-in-family
29921,Other-relative
29921,Own-child
29921,Unmarried
29921,Wife
15186,Not-in-family
15186,Unmarried
15236,Husband
15236,Other-relative
15236,Own-child
15236,Wife
43057,Husband
43057,Not-in-family
43057,Other-relative
43057,Own-child
43057,Unmarried
43057,Wife
14113,Not-in-family
14113,Unmarried
48049,Husband
48049,Not-in-family
48049,Other-relative
48049,Own-child
48049,Unmarried
48049,Wife
18783,Husband
18783,Not-in-family
18783,Other-relative
18783,Own-child
18783,Unmarried
18783,Wife
18282,Husband
18282,Other-relative
18282,Own-child
18282,Wife
962,Husband
962,Not-in-family
962,Other-relative
962,Own-child
962,Unmarried
962,Wife
17550,Husband
17550,Not-in-family
17550,Other-relative
17550,Own-child
17550,Unmarried
17550,Wife
42561,Not-in-family
42561,Unmarried
3275,Not-in-family
3275,Unmarried
18276,Not-in-family
18276,Unmarried
36030,Husband
36030,Not-in-family
36030,Other-relative
36030,Own-child
36030,Unmarried
36030,Wife
995,Husband
995,Other-relative
995,Own-child
995,Wife
6140,Not-in-family
6140,Unmarried
19267,Husband
19267,Other-relative
19267,Own-child
19267,Wife
40137,Not-in-family
40137,Unmarried
19,Husband
19,Not-in-family
19,Other-relative
19,Own-child
19,Unmarried
19,Wife
31113,Husband
31113,Not-in-family
31113,Other-relative
31113,Own-child
31113,Unmarried
31113,Wife
38776,Husband
38776,Not-in-family
38776,Other-relative
38776,Own-child
38776,Unmarried
38776,Wife
39721,Husband
39721,Not-in-family
39721,Other-relative
39721,Own-child
39721,Unmarried
39721,Wife
43734,Husband
43734,Not-in-family
43734,Other-relative
43734,Own-child
43734,Unmarried
43734,Wife
34756,Husband
34756,Not-in-family
34756,Other-relative
34756,Own-child
34756,Unmarried
34756,Wife
9797,Husband
9797,Not-in-family
9797,Other-relative
9797,Own-child
9797,Unmarried
9797,Wife
19373,Husband
19373,Other-relative
19373,Own-child
19373,Wife
19424,Husband
19424,Not-in-family
19424,Other-relative
19424,Own-child
19424,Unmarried
19424,Wife
1472,Husband
1472,Not-in-family
1472,Other-relative
1472,Own-child
1472,Unmarried
1472,Wife
27221,Husband
27221,Not-in-family
27221,Other-relative
27221,Own-child
27221,Unmarried
27221,Wife
11708,Husband
11708,Not-in-family
11708,Other-relative
11708,Own-child
11708,Unmarried
11708,Wife
25950,Husband
25950,Not-in-family
25950,Other-relative
25950,Own-child
25950,Unmarried
25950,Wife
11551,Husband
11551,Not-in-family
11551,Other-relative
11551,Own-child
11551,Unmarried
11551,Wife
12913,Husband
12913,Not-in-family
12913,Other-relative
12913,Own-child
12913,Unmarried
12913,Wife
25487,Husband
25487,Not-in-family
25487,Other-relative
25487,Own-child
25487,Unmarried
25487,Wife
16370,Husband
16370,Other-relative
16370,Own-child
16370,Wife
47105,Husband
47105,Not-in-family
47105,Other-relative
47105,Own-child
47105,Unmarried
47105,Wife
22263,Husband
22263,Other-relative
22263,Own-child
22263,Wife
8118,Husband
8118,Not-in-family
8118,Other-relative
8118,Own-child
8118,Unmarried
8118,Wife
19829,Husband
19829,Other-relative
19829,Own-child
19829,Wife
37596,Not-in-family
37596,Unmarried
35554,Not-in-family
35554,Unmarried
7346,Husband
7346,Other-relative
7346,Own-child
7346,Wife
21124,Husband
21124,Other-relative
21124,Own-child
21124,Wife
21858,Husband
21858,Not-in-family
21858,Other-relative
21858,Own-child
21858,Unmarried
21858,Wife
11640,Husband
11640,Other-relative
11640,Own-child
11640,Wife
31480,Husband
31480,Other-relative
31480,Own-child
31480,Wife
38728,Husband
38728,Other-relative
38728,Own-child
38728,Wife
45018,Husband
45018,Other-relative
45018,Own-child
45018,Wife
47088,Husband
47088,Other-relative
47088,Own-child
47088,Wife
27525,Husband
27525,Not-in-family
27525,Other-relative
27525,Own-child
27525,Unmarried
27525,Wife
23906,Not-in-family
23906,Unmarried
26379,Husband
26379,Not-in-family
26379,Other-relative
26379,Own-child
26379,Unmarried
26379,Wife
19269,Not-in-family
19269,Unmarried
29196,Husband
29196,Not-in-family
29196,Other-relative
29196,Own-child
29196,Unmarried
29196,Wife
2682,Not-in-family
2682,Unmarried
15140,Husband
15140,Not-in-family
15140,Other-relative
15140,Own-child
15140,Unmarried
15140,Wife
39190,Not-in-family
39190,Unmarried
14109,Not-in-family
14109,Unmarried
2059,Husband
2059,Other-relative
2059,Own-child
2059,Wife
40719,Husband
40719,Other-relative
40719,Own-child
40719,Wife
9507,Not-in-family
9507,Unmarried
25320,Husband
25320,Not-in-family
25320,Other-relative
25320,Own-child
25320,Unmarried
25320,Wife
31748,Husband
31748,Not-in-family
31748,Other-relative
31748,Own-child
31748,Unmarried
31748,Wife
14341,Husband
14341,Not-in-family
14341,Other-relative
14341,Own-child
14341,Unmarried
14341,Wife
21683,Not-in-family
21683,Unmarried
933,Husband
933,Other-relative
933,Own-child
933,Wife
43103,Husband
43103,Other-relative
43103,Own-child
43103,Wife
10434,Husband
10434,Not-in-family
10434,Other-relative
10434,Own-child
10434,Unmarried
10434,Wife
43890,Husband
43890,Other-relative
43890,Own-child
43890,Wife
182,Not-in-family
182,Unmarried
20876,Husband
20876,Other-relative
20876,Own-child
20876,Wife
10181,Husband
10181,Not-in-family
10181,Other-relative
10181,Own-child
10181,Unmarried
10181,Wife
9002,Husband
9002,Not-in-family
9002,Other-relative
9002,Own-child
9002,Unmarried
9002,Wife
22971,Husband
22971,Not-in-family
22971,Other-relative
22971,Own-child
22971,Unmarried
22971,Wife
8156,Husband
8156,Other-relative
8156,Own-child
8156,Wife
32733,Not-in-family
32733,Unmarried
26912,Husband
26912,Not-in-family
26912,Other-relative
26912,Own-child
26912,Unmarried
26912,Wife
28257,Husband
28257,Not-in-family
28257,Other-relative
28257,Own-child
28257,Unmarried
28257,Wife
24976,Husband
24976,Not-in-family
24976,Other-relative
24976,Own-child
24976,Unmarried
24976,Wife
556,Husband
556,Other-relative
556,Own-child
556,Wife
1947,Not-in-family
1947,Unmarried
35796,Husband
35796,Other-relative
35796,Own-child
35796,Wife
20306,Husband
20306,Not-in-family
20306,Other-relative
20306,Own-child
20306,Unmarried
20306,Wife
761,Husband
761,Other-relative
761,Own-child
761,Wife
2707,Husband
2707,Not-in-family
2707,Other-relative
2707,Own-child
2707,Unmarried
2707,Wife
37386,Husband
37386,Not-in-family
37386,Other-relative
37386,Own-child
37386,Unmarried
37386,Wife
47554,Husband
47554,Not-in-family
47554,Other-relative
47554,Own-child
47554,Unmarried
47554,Wife
10943,Husband
10943,Not-in-family
10943,Other-relative
10943,Own-child
10943,Unmarried
10943,Wife
27938,Husband
27938,Not-in-family
27938,Other-relative
27938,Own-child
27938,Unmarried
27938,Wife
23277,Not-in-family
23277,Unmarried
29280,Husband
29280,Not-in-family
29280,Other-relative
29280,Own-child
29280,Unmarried
29280,Wife
2451,Husband
2451,Not-in-family
2451,Other-relative
2451,Own-child
2451,Unmarried
2451,Wife
34376,Not-in-family
34376,Unmarried
9043,Husband
9043,Not-in-family
9043,Other-relative
9043,Own-child
9043,Unmarried
9043,Wife
17380,Not-in-family
17380,Unmarried
17261,Husband
17261,Not-in-family
17261,Other-relative
17261,Own-child
17261,Unmarried
17261,Wife
35105,Husband
35105,Not-in-family
35105,Other-relative
35105,Own-child
35105,Unmarried
35105,Wife
24529,Husband
24529,Not-in-family
24529,Other-relative
24529,Own-child
24529,Unmarried
24529,Wife
5880,Husband
5880,Other-relative
5880,Own-child
5880,Wife
20555,Husband
20555,Other-relative
20555,Own-child
20555,Wife
6008,Husband
6008,Not-in-family
6008,Other-relative
6008,Own-child
6008,Unmarried
6008,Wife
17664,Husband
17664,Other-relative
17664,Own-child
17664,Wife
12629,Husband
12629,Not-in-family
12629,Other-relative
12629,Own-child
12629,Unmarried
12629,Wife
15173,Husband
15173,Not-in-family
15173,Other-relative
15173,Own-child
15173,Unmarried
15173,Wife
13472,Husband
13472,Not-in-family
13472,Other-relative
13472,Own-child
13472,Unmarried
13472,Wife
670,Husband
670,Not-in-family
670,Other-relative
670,Own-child
670,Unmarried
670,Wife
23013,Husband
23013,Not-in-family
23013,Other-relative
23013,Own-child
23013,Unmarried
23013,Wife
22247,Not-in-family
22247,Unmarried
41567,Husband
41567,Other-relative
41567,Own-child
41567,Wife
44910,Husband
44910,Not-in-family
44910,Other-relative
44910,Own-child
44910,Unmarried
44910,Wife
13126,Husband
13126,Other-relative
13126,Own-child
13126,Wife
34048,Husband
34048,Other-relative
34048,Own-child
34048,Wife
41864,Not-in-family
41864,Unmarried
45531,Husband
45531,Other-relative
45531,Own-child
45531,Wife
832,Husband
832,Other-relative
832,Own-child
832,Wife
13492,Husband
13492,Not-in-family
13492,Other-relative
13492,Own-child
13492,Unmarried
13492,Wife
20606,Husband
20606,Not-in-family
20606,Other-relative
20606,Own-child
20606,Unmarried
20606,Wife
16767,Husband
16767,Not-in-family
16767,Other-relative
16767,Own-child
16767,Unmarried
16767,Wife
22521,Husband
22521,Not-in-family
22521,Other-relative
22521,Own-child
22521,Unmarried
22521,Wife
20141,Husband
20141,Not-in-family
20141,Other-relative
20141,Own-child
20141,Unmarried
20141,Wife
8267,Husband
8267,Not-in-family
8267,Other-relative
8267,Own-child
8267,Unmarried
8267,Wife
20067,Husband
20067,Not-in-family
20067,Other-relative
20067,Own-child
20067,Unmarried
20067,Wife
25900,Husband
25900,Not-in-family
25900,Other-relative
25900,Own-child
25900,Unmarried
25900,Wife
28883,Husband
28883,Other-relative
28883,Own-child
28883,Wife
33993,Husband
33993,Not-in-family
33993,Other-relative
33993,Own-child
33993,Unmarried
33993,Wife
33517,Husband
33517,Other-relative
33517,Own-child
33517,Wife
34132,Husband
34132,Not-in-family
34132,Other-relative
34132,Own-child
34132,Unmarried
34132,Wife
6652,Husband
6652,Not-in-family
6652,Other-relative
6652,Own-child
6652,Unmarried
6652,Wife
12759,Husband
12759,Not-in-family
12759,Other-relative
12759,Own-child
12759,Unmarried
12759,Wife
24934,Husband
24934,Other-relative
24934,Own-child
24934,Wife
46069,Not-in-family
46069,Unmarried
17095,Husband
17095,Not-in-family
17095,Other-relative
17095,Own-child
17095,Unmarried
17095,Wife
6885,Husband
6885,Not-in-family
6885,Other-relative
6885,Own-child
6885,Unmarried
6885,Wife
31356,Husband
31356,Not-in-family
31356,Other-relative
31356,Own-child
31356,Unmarried
31356,Wife
15847,Husband
15847,Not-in-family
15847,Other-relative
15847,Own-child
15847,Unmarried
15847,Wife
25447,Not-in-family
25447,Unmarried
7117,Husband
7117,Not-in-family
7117,Other-relative
7117,Own-child
7117,Unmarried
7117,Wife
22802,Husband
22802,Not-in-family
22802,Other-relative
22802,Own-child
22802,Unmarried
22802,Wife
31350,Not-in-family
31350,Unmarried
35792,Not-in-family
35792,Unmarried
40696,Husband
40696,Other-relative
40696,Own-child
40696,Wife
39163,Not-in-family
39163,Unmarried
46171,Not-in-family
46171,Unmarried
31080,Husband
31080,Other-relative
31080,Own-child
31080,Wife
37727,Husband
37727,Not-in-family
37727,Other-relative
37727,Own-child
37727,Unmarried
37727,Wife
17605,Husband
17605,Not-in-family
17605,Other-relative
17605,Own-child
17605,Unmarried
17605,Wife
5314,Husband
5314,Other-relative
5314,Own-child
5314,Wife
10836,Husband
10836,Not-in-family
10836,Other-relative
10836,Own-child
10836,Unmarried
10836,Wife
2851,Husband
2851,Other-relative
2851,Own-child
2851,Wife
14238,Husband
14238,Other-relative
14238,Own-child
14238,Wife
11859,Husband
11859,Not-in-family
11859,Other-relative
11859,Own-child
11859,Unmarried
11859,Wife
34960,Husband
34960,Not-in-family
34960,Other-relative
34960,Own-child
34960,Unmarried
34960,Wife
36540,Husband
36540,Not-in-family
36540,Other-relative
36540,Own-child
36540,Unmarried
36540,Wife
13961,Husband
13961,Other-relative
13961,Own-child
13961,Wife
44193,Not-in-family
44193,Unmarried
7185,Husband
7185,Not-in-family
7185,Other-relative
7185,Own-child
7185,Unmarried
7185,Wife
26827,Husband
26827,Not-in-family
26827,Other-relative
26827,Own-child
26827,Unmarried
26827,Wife
47724,Husband
47724,Other-relative
47724,Own-child
47724,Wife
26386,Not-in-family
26386,Unmarried
37053,Husband
37053,Not-in-family
37053,Other-relative
37053,Own-child
37053,Unmarried
37053,Wife
16252,Husband
16252,Other-relative
16252,Own-child
16252,Wife
30884,Not-in-family
30884,Unmarried
17514,Husband
17514,Not-in-family
17514,Other-relative
17514,Own-child
17514,Unmarried
17514,Wife
18142,Husband
18142,Other-relative
18142,Own-child
18142,Wife
6719,Husband
6719,Not-in-family
6719,Other-relative
6719,Own-child
6719,Unmarried
6719,Wife
45786,Husband
45786,Not-in-family
45786,Other-relative
45786,Own-child
45786,Unmarried
45786,Wife
12657,Husband
12657,Other-relative
12657,Own-child
12657,Wife
13940,Husband
13940,Not-in-family
13940,Other-relative
13940,Own-child
13940,Unmarried
13940,Wife
1630,Husband
1630,Other-relative
1630,Own-child
1630,Wife
20834,Husband
20834,Other-relative
20834,Own-child
20834,Wife
48276,Husband
48276,Not-in-family
48276,Other-relative
48276,Own-child
48276,Unmarried
48276,Wife
25872,Husband
25872,Not-in-family
25872,Other-relative
25872,Own-child
25872,Unmarried
25872,Wife
26202,Husband
26202,Not-in-family
26202,Other-relative
26202,Own-child
26202,Unmarried
26202,Wife
8700,Husband
8700,Not-in-family
8700,Other-relative
8700,Own-child
8700,Unmarried
8700,Wife
5574,Not-in-family
5574,Unmarried
33567,Husband
33567,Other-relative
33567,Own-child
33567,Wife
8662,Not-in-family
8662,Unmarried
1133,Husband
1133,Other-relative
1133,Own-child
1133,Wife
26005,Husband
26005,Not-in-family
26005,Other-relative
26005,Own-child
26005,Unmarried
26005,Wife
4931,Husband
4931,Not-in-family
4931,Other-relative
4931,Own-child
4931,Unmarried
4931,Wife
41371,Husband
41371,Other-relative
41371,Own-child
41371,Wife
33459,Husband
33459,Not-in-family
33459,Other-relative
33459,Own-child
33459,Unmarried
33459,Wife
10178,Husband
10178,Not-in-family
10178,Other-relative
10178,Own-child
10178,Unmarried
10178,Wife
8821,Husband
8821,Not-in-family
8821,Other-relative
8821,Own-child
8821,Unmarried
8821,Wife
31612,Husband
31612,Not-in-family
31612,Other-relative
31612,Own-child
31612,Unmarried
31612,Wife
29559,Husband
29559,Other-relative
29559,Own-child
29559,Wife
25432,Husband
25432,Other-relative
25432,Own-child
25432,Wife
25500,Husband
25500,Other-relative
25500,Own-child
25500,Wife
40572,Not-in-family
40572,Unmarried
461,Husband
461,Other-relative
461,Own-child
461,Wife
22399,Husband
22399,Not-in-family
22399,Other-relative
22399,Own-child
22399,Unmarried
22399,Wife
24175,Husband
24175,Not-in-family
24175,Other-relative
24175,Own-child
24175,Unmarried
24175,Wife
9591,Husband
9591,Other-relative
9591,Own-child
9591,Wife
30195,Not-in-family
30195,Unmarried
21200,Husband
21200,Other-relative
21200,Own-child
21200,Wife
23723,Husband
23723,Not-in-family
23723,Other-relative
23723,Own-child
23723,Unmarried
23723,Wife
35970,Husband
35970,Not-in-family
35970,Other-relative
35970,Own-child
35970,Unmarried
35970,Wife
13919,Not-in-family
13919,Unmarried
18847,Husband
18847,Not-in-family
18847,Other-relative
18847,Own-child
18847,Unmarried
18847,Wife
18483,Not-in-family
18483,Unmarried
7539,Husband
7539,Not-in-family
7539,Other-relative
7539,Own-child
7539,Unmarried
7539,Wife
48177,Husband
48177,Not-in-family
48177,Other-relative
48177,Own-child
48177,Unmarried
48177,Wife
48203,Not-in-family
48203,Unmarried
14617,Husband
14617,Other-relative
14617,Own-child
14617,Wife
28039,Husband
28039,Other-relative
28039,Own-child
28039,Wife
11299,Husband
11299,Not-in-family
11299,Other-relative
11299,Own-child
11299,Unmarried
11299,Wife
27627,Husband
27627,Not-in-family
27627,Other-relative
27627,Own-child
27627,Unmarried
27627,Wife
2027,Not-in-family
2027,Unmarried
24305,Husband
24305,Not-in-family
24305,Other-relative
24305,Own-child
24305,Unmarried
24305,Wife
7007,Husband
7007,Not-in-family
7007,Other-relative
7007,Own-child
7007,Unmarried
7007,Wife
42479,Husband
42479,Other-relative
42479,Own-child
42479,Wife
42838,Husband
42838,Not-in-family
42838,Other-relative
42838,Own-child
42838,Unmarried
42838,Wife
11618,Husband
11618,Not-in-family
11618,Other-relative
11618,Own-child
11618,Unmarried
11618,Wife
38628,Husband
38628,Not-in-family
38628,Other-relative
38628,Own-child
38628,Unmarried
38628,Wife
5864,Not-in-family
5864,Unmarried
46529,Husband
46529,Not-in-family
46529,Other-relative
46529,Own-child
46529,Unmarried
46529,Wife
9796,Husband
9796,Other-relative
9796,Own-child
9796,Wife
8931,Husband
8931,Other-relative
8931,Own-child
8931,Wife
5269,Husband
5269,Not-in-family
5269,Other-relative
5269,Own-child
5269,Unmarried
5269,Wife
43056,Husband
43056,Not-in-family
43056,Other-relative
43056,Own-child
43056,Unmarried
43056,Wife
5216,Husband
5216,Not-in-family
5216,Other-relative
5216,Own-child
5216,Unmarried
5216,Wife
12193,Husband
12193,Not-in-family
12193,Other-relative
12193,Own-child
12193,Unmarried
12193,Wife
42423,Husband
42423,Not-in-family
42423,Other-relative
42423,Own-child
42423,Unmarried
42423,Wife
412,Not-in-family
412,Unmarried
38600,Husband
38600,Not-in-family
38600,Other-relative
38600,Own-child
38600,Unmarried
38600,Wife
47421,Husband
47421,Not-in-family
47421,Other-relative
47421,Own-child
47421,Unmarried
47421,Wife
24438,Not-in-family
24438,Unmarried
30642,Husband
30642,Not-in-family
30642,Other-relative
30642,Own-child
30642,Unmarried
30642,Wife
30870,Husband
30870,Not-in-family
30870,Other-relative
30870,Own-child
30870,Unmarried
30870,Wife
10469,Not-in-family
10469,Unmarried
24514,Husband
24514,Not-in-family
24514,Other-relative
24514,Own-child
24514,Unmarried
24514,Wife
30632,Husband
30632,Other-relative
30632,Own-child
30632,Wife
26850,Husband
26850,Not-in-family
26850,Other-relative
26850,Own-child
26850,Unmarried
26850,Wife
32364,Husband
32364,Not-in-family
32364,Other-relative
32364,Own-child
32364,Unmarried
32364,Wife
20718,Not-in-family
20718,Unmarried
28727,Husband
28727,Not-in-family
28727,Other-relative
28727,Own-child
28727,Unmarried
28727,Wife
32082,Husband
32082,Not-in-family
32082,Other-relative
32082,Own-child
32082,Unmarried
32082,Wife
5264,Husband
5264,Not-in-family
5264,Other-relative
5264,Own-child
5264,Unmarried
5264,Wife
4308,Husband
4308,Other-relative
4308,Own-child
4308,Wife
7985,Husband
7985,Not-in-family
7985,Other-relative
7985,Own-child
7985,Unmarried
7985,Wife
13793,Husband
13793,Not-in-family
13793,Other-relative
13793,Own-child
13793,Unmarried
13793,Wife
18228,Husband
18228,Other-relative
18228,Own-child
18228,Wife
24700,Husband
24700,Not-in-family
24700,Other-relative
24700,Own-child
24700,Unmarried
24700,Wife
46415,Husband
46415,Other-relative
46415,Own-child
46415,Wife
6117,Husband
6117,Other-relative
6117,Own-child
6117,Wife
47234,Husband
47234,Not-in-family
47234,Other-relative
47234,Own-child
47234,Unmarried
47234,Wife
39157,Husband
39157,Other-relative
39157,Own-child
39157,Wife
45468,Husband
45468,Not-in-family
45468,Other-relative
45468,Own-child
45468,Unmarried
45468,Wife
21916,Husband
21916,Not-in-family
21916,Other-relative
21916,Own-child
21916,Unmarried
21916,Wife
36429,Husband
36429,Other-relative
36429,Own-child
36429,Wife
26868,Husband
26868,Not-in-family
26868,Other-relative
26868,Own-child
26868,Unmarried
26868,Wife
43353,Husband
43353,Other-relative
43353,Own-child
43353,Wife
7040,Husband
7040,Not-in-family
7040,Other-relative
7040,Own-child
7040,Unmarried
7040,Wife
24124,Not-in-family
24124,Unmarried
25769,Husband
25769,Not-in-family
25769,Other-relative
25769,Own-child
25769,Unmarried
25769,Wife
694,Husband
694,Not-in-family
694,Other-relative
694,Own-child
694,Unmarried
694,Wife
45617,Husband
45617,Not-in-family
45617,Other-relative
45617,Own-child
45617,Unmarried
45617,Wife
13293,Husband
13293,Other-relative
13293,Own-child
13293,Wife
23357,Husband
23357,Not-in-family
23357,Other-relative
23357,Own-child
23357,Unmarried
23357,Wife
6723,Husband
6723,Other-relative
6723,Own-child
6723,Wife
37828,Husband
37828,Not-in-family
37828,Other-relative
37828,Own-child
37828,Unmarried
37828,Wife
33430,Husband
33430,Not-in-family
33430,Other-relative
33430,Own-child
33430,Unmarried
33430,Wife
40273,Husband
40273,Not-in-family
40273,Other-relative
40273,Own-child
40273,Unmarried
40273,Wife
31735,Not-in-family
31735,Unmarried
11631,Husband
11631,Not-in-family
11631,Other-relative
11631,Own-child
11631,Unmarried
11631,Wife
26973,Husband
26973,Not-in-family
26973,Other-relative
26973,Own-child
26973,Unmarried
26973,Wife
6819,Husband
6819,Not-in-family
6819,Other-relative
6819,Own-child
6819,Unmarried
6819,Wife
25108,Husband
25108,Not-in-family
25108,Other-relative
25108,Own-child
25108,Unmarried
25108,Wife
27811,Husband
27811,Not-in-family
27811,Other-relative
27811,Own-child
27811,Unmarried
27811,Wife
28467,Husband
28467,Not-in-family
28467,Other-relative
28467,Own-child
28467,Unmarried
28467,Wife
27521,Not-in-family
27521,Unmarried
42332,Husband
42332,Other-relative
42332,Own-child
42332,Wife
5922,Husband
5922,Other-relative
5922,Own-child
5922,Wife
1713,Husband
1713,Not-in-family
1713,Other-relative
1713,Own-child
1713,Unmarried
1713,Wife
8848,Husband
8848,Other-relative
8848,Own-child
8848,Wife
33652,Husband
33652,Other-relative
33652,Own-child
33652,Wife
10186,Not-in-family
10186,Unmarried
18302,Husband
18302,Other-relative
18302,Own-child
18302,Wife
46552,Husband
46552,Not-in-family
46552,Other-relative
46552,Own-child
46552,Unmarried
46552,Wife
40780,Husband
40780,Not-in-family
40780,Other-relative
40780,Own-child
40780,Unmarried
40780,Wife
16599,Husband
16599,Not-in-family
16599,Other-relative
16599,Own-child
16599,Unmarried
16599,Wife
27767,Husband
27767,Not-in-family
27767,Other-relative
27767,Own-child
27767,Unmarried
27767,Wife
23957,Not-in-family
23957,Unmarried
8119,Husband
8119,Other-relative
8119,Own-child
8119,Wife
27313,Husband
27313,Not-in-family
27313,Other-relative
27313,Own-child
27313,Unmarried
27313,Wife
7303,Husband
7303,Not-in-family
7303,Other-relative
7303,Own-child
7303,Unmarried
7303,Wife
42488,Husband
42488,Not-in-family
42488,Other-relative
42488,Own-child
42488,Unmarried
42488,Wife
40262,Husband
40262,Not-in-family
40262,Other-relative
40262,Own-child
40262,Unmarried
40262,Wife
27997,Husband
27997,Not-in-family
27997,Other-relative
27997,Own-child
27997,Unmarried
27997,Wife
21589,Husband
21589,Other-relative
21589,Own-child
21589,Wife
46313,Husband
46313,Not-in-family
46313,Other-relative
46313,Own-child
46313,Unmarried
46313,Wife
1857,Husband
1857,Not-in-family
1857,Other-relative
1857,Own-child
1857,Unmarried
1857,Wife
35159,Husband
35159,Other-relative
35159,Own-child
35159,Wife
42598,Not-in-family
42598,Unmarried
16981,Husband
16981,Not-in-family
16981,Other-relative
16981,Own-child
16981,Unmarried
16981,Wife
46951,Husband
46951,Not-in-family
46951,Other-relative
46951,Own-child
46951,Unmarried
46951,Wife
36552,Husband
36552,Not-in-family
36552,Other-relative
36552,Own-child
36552,Unmarried
36552,Wife
3642,Husband
3642,Not-in-family
3642,Other-relative
3642,Own-child
3642,Unmarried
3642,Wife
21917,Husband
21917,Other-relative
21917,Own-child
21917,Wife
19214,Husband
19214,Other-relative
19214,Own-child
19214,Wife
39944,Husband
39944,Not-in-family
39944,Other-relative
39944,Own-child
39944,Unmarried
39944,Wife
28971,Husband
28971,Not-in-family
28971,Other-relative
28971,Own-child
28971,Unmarried
28971,Wife
10132,Husband
10132,Other-relative
10132,Own-child
10132,Wife
8637,Not-in-family
8637,Unmarried
23246,Husband
23246,Other-relative
23246,Own-child
23246,Wife
3432,Husband
3432,Not-in-family
3432,Other-relative
3432,Own-child
3432,Unmarried
3432,Wife
30810,Not-in-family
30810,Unmarried
25531,Husband
25531,Not-in-family
25531,Other-relative
25531,Own-child
25531,Unmarried
25531,Wife
3377,Husband
3377,Not-in-family
3377,Other-relative
3377,Own-child
3377,Unmarried
3377,Wife
35873,Husband
35873,Not-in-family
35873,Other-relative
35873,Own-child
35873,Unmarried
35873,Wife
25706,Husband
25706,Not-in-family
25706,Other-relative
25706,Own-child
25706,Unmarried
25706,Wife
9925,Husband
9925,Not-in-family
9925,Other-relative
9925,Own-child
9925,Unmarried
9925,Wife
30344,Husband
30344,Not-in-family
30344,Other-relative
30344,Own-child
30344,Unmarried
30344,Wife
5071,Husband
5071,Not-in-family
5071,Other-relative
5071,Own-child
5071,Unmarried
5071,Wife
47255,Not-in-family
47255,Unmarried
33131,Husband
33131,Other-relative
33131,Own-child
33131,Wife
21553,Husband
21553,Other-relative
21553,Own-child
21553,Wife
1112,Husband
1112,Not-in-family
1112,Other-relative
1112,Own-child
1112,Unmarried
1112,Wife
20249,Husband
20249,Not-in-family
20249,Other-relative
20249,Own-child
20249,Unmarried
20249,Wife
31946,Husband
31946,Not-in-family
31946,Other-relative
31946,Own-child
31946,Unmarried
31946,Wife
33577,Husband
33577,Not-in-family
33577,Other-relative
33577,Own-child
33577,Unmarried
33577,Wife
38417,Husband
38417,Not-in-family
38417,Other-relative
38417,Own-child
38417,Unmarried
38417,Wife
22653,Not-in-family
22653,Unmarried
5085,Husband
5085,Not-in-family
5085,Other-relative
5085,Own-child
5085,Unmarried
5085,Wife
5459,Husband
5459,Not-in-family
5459,Other-relative
5459,Own-child
5459,Unmarried
5459,Wife
43867,Husband
43867,Not-in-family
43867,Other-relative
43867,Own-child
43867,Unmarried
43867,Wife
26836,Husband
26836,Other-relative
26836,Own-child
26836,Wife
28285,Husband
28285,Not-in-family
28285,Other-relative
28285,Own-child
28285,Unmarried
28285,Wife
47311,Husband
47311,Not-in-family
47311,Other-relative
47311,Own-child
47311,Unmarried
47311,Wife
2631,Husband
2631,Other-relative
2631,Own-child
2631,Wife
31604,Husband
31604,Other-relative
31604,Own-child
31604,Wife
11542,Husband
11542,Not-in-family
11542,Other-relative
11542,Own-child
11542,Unmarried
11542,Wife
47831,Not-in-family
47831,Unmarried
30718,Not-in-family
30718,Unmarried
4486,Husband
4486,Other-relative
4486,Own-child
4486,Wife
37013,Not-in-family
37013,Unmarried
13430,Husband
13430,Not-in-family
13430,Other-relative
13430,Own-child
13430,Unmarried
13430,Wife
43219,Husband
43219,Other-relative
43219,Own-child
43219,Wife
33706,Husband
33706,Not-in-family
33706,Other-relative
33706,Own-child
33706,Unmarried
33706,Wife
40270,Husband
40270,Not-in-family
40270,Other-relative
40270,Own-child
40270,Unmarried
40270,Wife
8035,Not-in-family
8035,Unmarried
30398,Husband
30398,Other-relative
30398,Own-child
30398,Wife
29336,Not-in-family
29336,Unmarried
34567,Husband
34567,Not-in-family
34567,Other-relative
34567,Own-child
34567,Unmarried
34567,Wife
33805,Not-in-family
33805,Unmarried
11306,Husband
11306,Not-in-family
11306,Other-relative
11306,Own-child
11306,Unmarried
11306,Wife
4598,Husband
4598,Not-in-family
4598,Other-relative
4598,Own-child
4598,Unmarried
4598,Wife
18669,Husband
18669,Other-relative
18669,Own-child
18669,Wife
15554,Husband
15554,Not-in-family
15554,Other-relative
15554,Own-child
15554,Unmarried
15554,Wife
28387,Not-in-family
28387,Unmarried
19506,Husband
19506,Not-in-family
19506,Other-relative
19506,Own-child
19506,Unmarried
19506,Wife
27667,Husband
27667,Other-relative
27667,Own-child
27667,Wife
28197,Husband
28197,Other-relative
28197,Own-child
28197,Wife
29590,Husband
29590,Not-in-family
29590,Other-relative
29590,Own-child
29590,Unmarried
29590,Wife
4825,Husband
4825,Not-in-family
4825,Other-relative
4825,Own-child
4825,Unmarried
4825,Wife
2071,Husband
2071,Other-relative
2071,Own-child
2071,Wife
31213,Husband
31213,Not-in-family
31213,Other-relative
31213,Own-child
31213,Unmarried
31213,Wife
22814,Husband
22814,Not-in-family
22814,Other-relative
22814,Own-child
22814,Unmarried
22814,Wife
9683,Husband
9683,Not-in-family
9683,Other-relative
9683,Own-child
9683,Unmarried
9683,Wife
42984,Not-in-family
42984,Unmarried
13563,Husband
13563,Not-in-family
13563,Other-relative
13563,Own-child
13563,Unmarried
13563,Wife
6505,Not-in-family
6505,Unmarried
37528,Husband
37528,Not-in-family
37528,Other-relative
37528,Own-child
37528,Unmarried
37528,Wife
36850,Husband
36850,Not-in-family
36850,Other-relative
36850,Own-child
36850,Unmarried
36850,Wife
43528,Husband
43528,Not-in-family
43528,Other-relative
43528,Own-child
43528,Unmarried
43528,Wife
36146,Not-in-family
36146,Unmarried
18728,Husband
18728,Not-in-family
18728,Other-relative
18728,Own-child
18728,Unmarried
18728,Wife
47387,Husband
47387,Other-relative
47387,Own-child
47387,Wife
43464,Husband
43464,Other-relative
43464,Own-child
43464,Wife
29910,Not-in-family
29910,Unmarried
44489,Husband
44489,Not-in-family
44489,Other-relative
44489,Own-child
44489,Unmarried
44489,Wife
42746,Husband
42746,Not-in-family
42746,Other-relative
42746,Own-child
42746,Unmarried
42746,Wife
37701,Husband
37701,Other-relative
37701,Own-child
37701,Wife
32086,Husband
32086,Other-relative
32086,Own-child
32086,Wife
34325,Not-in-family
34325,Unmarried
15394,Husband
15394,Other-relative
15394,Own-child
15394,Wife
40086,Husband
40086,Not-in-family
40086,Other-relative
40086,Own-child
40086,Unmarried
40086,Wife
1725,Not-in-family
1725,Unmarried
15456,Husband
15456,Other-relative
15456,Own-child
15456,Wife
45657,Husband
45657,Not-in-family
45657,Other-relative
45657,Own-child
45657,Unmarried
45657,Wife
10238,Husband
10238,Not-in-family
10238,Other-relative
10238,Own-child
10238,Unmarried
10238,Wife
365,Husband
365,Not-in-family
365,Other-relative
365,Own-child
365,Unmarried
365,Wife
10265,Not-in-family
10265,Unmarried
15820,Husband
15820,Other-relative
15820,Own-child
15820,Wife
12352,Husband
12352,Not-in-family
12352,Other-relative
12352,Own-child
12352,Unmarried
12352,Wife
26580,Husband
26580,Other-relative
26580,Own-child
26580,Wife
17971,Not-in-family
17971,Unmarried
46809,Not-in-family
46809,Unmarried
30479,Husband
30479,Not-in-family
30479,Other-relative
30479,Own-child
30479,Unmarried
30479,Wife
13237,Not-in-family
13237,Unmarried
2180,Husband
2180,Other-relative
2180,Own-child
2180,Wife
46670,Not-in-family
46670,Unmarried
8254,Husband
8254,Not-in-family
8254,Other-relative
8254,Own-child
8254,Unmarried
8254,Wife
11729,Not-in-family
11729,Unmarried
43068,Husband
43068,Not-in-family
43068,Other-relative
43068,Own-child
43068,Unmarried
43068,Wife
32933,Husband
32933,Other-relative
32933,Own-child
32933,Wife
36544,Husband
36544,Not-in-family
36544,Other-relative
36544,Own-child
36544,Unmarried
36544,Wife
16954,Husband
16954,Not-in-family
16954,Other-relative
16954,Own-child
16954,Unmarried
16954,Wife
7970,Not-in-family
7970,Unmarried
11489,Not-in-family
11489,Unmarried
13648,Husband
13648,Not-in-family
13648,Other-relative
13648,Own-child
13648,Unmarried
13648,Wife
25492,Not-in-family
25492,Unmarried
48582,Husband
48582,Other-relative
48582,Own-child
48582,Wife
46853,Husband
46853,Not-in-family
46853,Other-relative
46853,Own-child
46853,Unmarried
46853,Wife
826,Not-in-family
826,Unmarried
36559,Husband
36559,Not-in-family
36559,Other-relative
36559,Own-child
36559,Unmarried
36559,Wife
41422,Husband
41422,Not-in-family
41422,Other-relative
41422,Own-child
41422,Unmarried
41422,Wife
40293,Husband
40293,Other-relative
40293,Own-child
40293,Wife
19495,Husband
19495,Not-in-family
19495,Other-relative
19495,Own-child
19495,Unmarried
19495,Wife
2939,Husband
2939,Other-relative
2939,Own-child
2939,Wife
26620,Husband
26620,Not-in-family
26620,Other-relative
26620,Own-child
26620,Unmarried
26620,Wife
34034,Not-in-family
34034,Unmarried
4100,Not-in-family
4100,Unmarried
19268,Husband
19268,Not-in-family
19268,Other-relative
19268,Own-child
19268,Unmarried
19268,Wife
23312,Husband
23312,Not-in-family
23312,Other-relative
23312,Own-child
23312,Unmarried
23312,Wife
9679,Husband
9679,Not-in-family
9679,Other-relative
9679,Own-child
9679,Unmarried
9679,Wife
43329,Husband
43329,Not-in-family
43329,Other-relative
43329,Own-child
43329,Unmarried
43329,Wife
46011,Husband
46011,Not-in-family
46011,Other-relative
46011,Own-child
46011,Unmarried
46011,Wife
15398,Husband
15398,Other-relative
15398,Own-child
15398,Wife
33436,Husband
33436,Other-relative
33436,Own-child
33436,Wife
48105,Husband
48105,Other-relative
48105,Own-child
48105,Wife
3077,Husband
3077,Other-relative
3077,Own-child
3077,Wife
17370,Not-in-family
17370,Unmarried
16177,Husband
16177,Not-in-family
16177,Other-relative
16177,Own-child
16177,Unmarried
16177,Wife
15937,Husband
15937,Other-relative
15937,Own-child
15937,Wife
34109,Husband
34109,Other-relative
34109,Own-child
34109,Wife
22929,Husband
22929,Not-in-family
22929,Other-relative
22929,Own-child
22929,Unmarried
22929,Wife
19285,Not-in-family
19285,Unmarried
22108,Husband
22108,Not-in-family
22108,Other-relative
22108,Own-child
22108,Unmarried
22108,Wife
5706,Husband
5706,Not-in-family
5706,Other-relative
5706,Own-child
5706,Unmarried
5706,Wife
28654,Not-in-family
28654,Unmarried
30464,Husband
30464,Other-relative
30464,Own-child
30464,Wife
42970,Husband
42970,Not-in-family
42970,Other-relative
42970,Own-child
42970,Unmarried
42970,Wife
41608,Husband
41608,Other-relative
41608,Own-child
41608,Wife
37142,Husband
37142,Other-relative
37142,Own-child
37142,Wife
20565,Husband
20565,Other-relative
20565,Own-child
20565,Wife
15779,Not-in-family
15779,Unmarried
15042,Husband
15042,Not-in-family
15042,Other-relative
15042,Own-child
15042,Unmarried
15042,Wife
3221,Husband
3221,Not-in-family
3221,Other-relative
3221,Own-child
3221,Unmarried
3221,Wife
41010,Husband
41010,Not-in-family
41010,Other-relative
41010,Own-child
41010,Unmarried
41010,Wife
45041,Husband
45041,Not-in-family
45041,Other-relative
45041,Own-child
45041,Unmarried
45041,Wife
26645,Husband
26645,Not-in-family
26645,Other-relative
26645,Own-child
26645,Unmarried
26645,Wife
27538,Husband
27538,Not-in-family
27538,Other-relative
27538,Own-child
27538,Unmarried
27538,Wife
41921,Husband
41921,Not-in-family
41921,Other-relative
41921,Own-child
41921,Unmarried
41921,Wife
31553,Not-in-family
31553,Unmarried
2184,Husband
2184,Other-relative
2184,Own-child
2184,Wife
44474,Husband
44474,Not-in-family
44474,Other-relative
44474,Own-child
44474,Unmarried
44474,Wife
28719,Not-in-family
28719,Unmarried
16670,Husband
16670,Not-in-family
16670,Other-relative
16670,Own-child
16670,Unmarried
16670,Wife
27283,Husband
27283,Other-relative
27283,Own-child
27283,Wife
23126,Not-in-family
23126,Unmarried
22796,Husband
22796,Other-relative
22796,Own-child
22796,Wife
24498,Husband
24498,Other-relative
24498,Own-child
24498,Wife
29422,Husband
29422,Other-relative
29422,Own-child
29422,Wife
6148,Husband
6148,Other-relative
6148,Own-child
6148,Wife
24654,Husband
24654,Other-relative
24654,Own-child
24654,Wife
32348,Husband
32348,Other-relative
32348,Own-child
32348,Wife
32355,Husband
32355,Not-in-family
32355,Other-relative
32355,Own-child
32355,Unmarried
32355,Wife
23213,Husband
23213,Other-relative
23213,Own-child
23213,Wife
32741,Husband
32741,Not-in-family
32741,Other-relative
32741,Own-child
32741,Unmarried
32741,Wife
34913,Not-in-family
34913,Unmarried
26742,Husband
26742,Other-relative
26742,Own-child
26742,Wife
36095,Husband
36095,Not-in-family
36095,Other-relative
36095,Own-child
36095,Unmarried
36095,Wife
27457,Husband
27457,Not-in-family
27457,Other-relative
27457,Own-child
27457,Unmarried
27457,Wife
5627,Husband
5627,Not-in-family
5627,Other-relative
5627,Own-child
5627,Unmarried
5627,Wife
34751,Husband
34751,Not-in-family
34751,Other-relative
34751,Own-child
34751,Unmarried
34751,Wife
19359,Husband
19359,Not-in-family
19359,Other-relative
19359,Own-child
19359,Unmarried
19359,Wife
45396,Husband
45396,Not-in-family
45396,Other-relative
45396,Own-child
45396,Unmarried
45396,Wife
41074,Husband
41074,Not-in-family
41074,Other-relative
41074,Own-child
41074,Unmarried
41074,Wife
25201,Husband
25201,Other-relative
25201,Own-child
25201,Wife
40797,Husband
40797,Other-relative
40797,Own-child
40797,Wife
15164,Husband
15164,Not-in-family
15164,Other-relative
15164,Own-child
15164,Unmarried
15164,Wife
24118,Husband
24118,Not-in-family
24118,Other-relative
24118,Own-child
24118,Unmarried
24118,Wife
12274,Husband
12274,Not-in-family
12274,Other-relative
12274,Own-child
12274,Unmarried
12274,Wife
45412,Not-in-family
45412,Unmarried
3717,Husband
3717,Other-relative
3717,Own-child
3717,Wife
1854,Not-in-family
1854,Unmarried
42905,Husband
42905,Not-in-family
42905,Other-relative
42905,Own-child
42905,Unmarried
42905,Wife
20958,Not-in-family
20958,Unmarried
40808,Husband
40808,Not-in-family
40808,Other-relative
40808,Own-child
40808,Unmarried
40808,Wife
15796,Husband
15796,Not-in-family
15796,Other-relative
15796,Own-child
15796,Unmarried
15796,Wife
13478,Husband
13478,Other-relative
13478,Own-child
13478,Wife
43198,Not-in-family
43198,Unmarried
9497,Not-in-family
9497,Unmarried
45215,Husband
45215,Other-relative
45215,Own-child
45215,Wife
44729,Husband
44729,Not-in-family
44729,Other-relative
44729,Own-child
44729,Unmarried
44729,Wife
20083,Husband
20083,Other-relative
20083,Own-child
20083,Wife
13012,Husband
13012,Not-in-family
13012,Other-relative
13012,Own-child
13012,Unmarried
13012,Wife
21573,Husband
21573,Not-in-family
21573,Other-relative
21573,Own-child
21573,Unmarried
21573,Wife
24826,Husband
24826,Not-in-family
24826,Other-relative
24826,Own-child
24826,Unmarried
24826,Wife
28999,Husband
28999,Other-relative
28999,Own-child
28999,Wife
6045,Husband
6045,Not-in-family
6045,Other-relative
6045,Own-child
6045,Unmarried
6045,Wife
12606,Husband
12606,Not-in-family
12606,Other-relative
12606,Own-child
12606,Unmarried
12606,Wife
16199,Husband
16199,Other-relative
16199,Own-child
16199,Wife
16585,Husband
16585,Other-relative
16585,Own-child
16585,Wife
39449,Not-in-family
39449,Unmarried
32296,Husband
32296,Not-in-family
32296,Other-relative
32296,Own-child
32296,Unmarried
32296,Wife
17571,Husband
17571,Other-relative
17571,Own-child
17571,Wife
19229,Not-in-family
19229,Unmarried
42422,Not-in-family
42422,Unmarried
5521,Husband
5521,Not-in-family
5521,Other-relative
5521,Own-child
5521,Unmarried
5521,Wife
5494,Husband
5494,Not-in-family
5494,Other-relative
5494,Own-child
5494,Unmarried
5494,Wife
2050,Not-in-family
2050,Unmarried
26108,Husband
26108,Not-in-family
26108,Other-relative
26108,Own-child
26108,Unmarried
26108,Wife
44707,Husband
44707,Other-relative
44707,Own-child
44707,Wife
38923,Husband
38923,Other-relative
38923,Own-child
38923,Wife
18473,Husband
18473,Other-relative
18473,Own-child
18473,Wife
25290,Husband
25290,Not-in-family
25290,Other-relative
25290,Own-child
25290,Unmarried
25290,Wife
8465,Not-in-family
8465,Unmarried
19348,Husband
19348,Not-in-family
19348,Other-relative
19348,Own-child
19348,Unmarried
19348,Wife
42548,Husband
42548,Not-in-family
42548,Other-relative
42548,Own-child
42548,Unmarried
42548,Wife
43414,Not-in-family
43414,Unmarried
37673,Husband
37673,Other-relative
37673,Own-child
37673,Wife
25663,Not-in-family
25663,Unmarried
30995,Husband
30995,Not-in-family
30995,Other-relative
30995,Own-child
30995,Unmarried
30995,Wife
24946,Husband
24946,Not-in-family
24946,Other-relative
24946,Own-child
24946,Unmarried
24946,Wife
41022,Husband
41022,Not-in-family
41022,Other-relative
41022,Own-child
41022,Unmarried
41022,Wife
25272,Husband
25272,Not-in-family
25272,Other-relative
25272,Own-child
25272,Unmarried
25272,Wife
48698,Husband
48698,Other-relative
48698,Own-child
48698,Wife
45903,Not-in-family
45903,Unmarried
9018,Husband
9018,Not-in-family
9018,Other-relative
9018,Own-child
9018,Unmarried
9018,Wife
33024,Husband
33024,Not-in-family
33024,Other-relative
33024,Own-child
33024,Unmarried
33024,Wife
4709,Husband
4709,Other-relative
4709,Own-child
4709,Wife
32302,Husband
32302,Other-relative
32302,Own-child
32302,Wife
47220,Husband
47220,Not-in-family
47220,Other-relative
47220,Own-child
47220,Unmarried
47220,Wife
19264,Husband
19264,Other-relative
19264,Own-child
19264,Wife
29864,Husband
29864,Not-in-family
29864,Other-relative
29864,Own-child
29864,Unmarried
29864,Wife
43436,Husband
43436,Other-relative
43436,Own-child
43436,Wife
39751,Husband
39751,Other-relative
39751,Own-child
39751,Wife
30752,Husband
30752,Other-relative
30752,Own-child
30752,Wife
6705,Husband
6705,Other-relative
6705,Own-child
6705,Wife
599,Husband
599,Not-in-family
599,Other-relative
599,Own-child
599,Unmarried
599,Wife
35583,Not-in-family
35583,Unmarried
22248,Husband
22248,Not-in-family
22248,Other-relative
22248,Own-child
22248,Unmarried
22248,Wife
37555,Husband
37555,Other-relative
37555,Own-child
37555,Wife
7782,Not-in-family
7782,Unmarried
6401,Husband
6401,Not-in-family
6401,Other-relative
6401,Own-child
6401,Unmarried
6401,Wife
2633,Husband
2633,Not-in-family
2633,Other-relative
2633,Own-child
2633,Unmarried
2633,Wife
40362,Husband
40362,Not-in-family
40362,Other-relative
40362,Own-child
40362,Unmarried
40362,Wife
4798,Husband
4798,Not-in-family
4798,Other-relative
4798,Own-child
4798,Unmarried
4798,Wife
3057,Husband
3057,Other-relative
3057,Own-child
3057,Wife
16958,Not-in-family
16958,Unmarried
17847,Husband
17847,Not-in-family
17847,Other-relative
17847,Own-child
17847,Unmarried
17847,Wife
46090,Husband
46090,Not-in-family
46090,Other-relative
46090,Own-child
46090,Unmarried
46090,Wife
20991,Husband
20991,Other-relative
20991,Own-child
20991,Wife
34251,Not-in-family
34251,Unmarried
21891,Husband
21891,Other-relative
21891,Own-child
21891,Wife
509,Husband
509,Not-in-family
509,Other-relative
509,Own-child
509,Unmarried
509,Wife
16911,Husband
16911,Not-in-family
16911,Other-relative
16911,Own-child
16911,Unmarried
16911,Wife
44686,Husband
44686,Not-in-family
44686,Other-relative
44686,Own-child
44686,Unmarried
44686,Wife
27274,Husband
27274,Not-in-family
27274,Other-relative
27274,Own-child
27274,Unmarried
27274,Wife
16283,Husband
16283,Other-relative
16283,Own-child
16283,Wife
38271,Husband
38271,Not-in-family
38271,Other-relative
38271,Own-child
38271,Unmarried
38271,Wife
17263,Husband
17263,Not-in-family
17263,Other-relative
17263,Own-child
17263,Unmarried
17263,Wife
6272,Husband
6272,Other-relative
6272,Own-child
6272,Wife
42045,Husband
42045,Other-relative
42045,Own-child
42045,Wife
43425,Not-in-family
43425,Unmarried
46002,Husband
46002,Other-relative
46002,Own-child
46002,Wife
27075,Husband
27075,Not-in-family
27075,Other-relative
27075,Own-child
27075,Unmarried
27075,Wife
21364,Not-in-family
21364,Unmarried
18074,Husband
18074,Not-in-family
18074,Other-relative
18074,Own-child
18074,Unmarried
18074,Wife
270,Husband
270,Not-in-family
270,Other-relative
270,Own-child
270,Unmarried
270,Wife
36547,Husband
36547,Other-relative
36547,Own-child
36547,Wife
10853,Not-in-family
10853,Unmarried
44971,Not-in-family
44971,Unmarried
22515,Husband
22515,Other-relative
22515,Own-child
22515,Wife
21520,Husband
21520,Other-relative
21520,Own-child
21520,Wife
28969,Husband
28969,Other-relative
28969,Own-child
28969,Wife
32053,Husband
32053,Other-relative
32053,Own-child
32053,Wife
43335,Husband
43335,Not-in-family
43335,Other-relative
43335,Own-child
43335,Unmarried
43335,Wife
6790,Not-in-family
6790,Unmarried
37276,Husband
37276,Not-in-family
37276,Other-relative
37276,Own-child
37276,Unmarried
37276,Wife
27078,Husband
27078,Not-in-family
27078,Other-relative
27078,Own-child
27078,Unmarried
27078,Wife
26967,Husband
26967,Other-relative
26967,Own-child
26967,Wife
31981,Husband
31981,Other-relative
31981,Own-child
31981,Wife
13704,Husband
13704,Other-relative
13704,Own-child
13704,Wife
13100,Husband
13100,Not-in-family
13100,Other-relative
13100,Own-child
13100,Unmarried
13100,Wife
33471,Husband
33471,Not-in-family
33471,Other-relative
33471,Own-child
33471,Unmarried
33471,Wife
1277,Husband
1277,Not-in-family
1277,Other-relative
1277,Own-child
1277,Unmarried
1277,Wife
34366,Husband
34366,Not-in-family
34366,Other-relative
34366,Own-child
34366,Unmarried
34366,Wife
23433,Not-in-family
23433,Unmarried
4966,Husband
4966,Not-in-family
4966,Other-relative
4966,Own-child
4966,Unmarried
4966,Wife
27362,Husband
27362,Not-in-family
27362,Other-relative
27362,Own-child
27362,Unmarried
27362,Wife
13871,Husband
13871,Not-in-family
13871,Other-relative
13871,Own-child
13871,Unmarried
13871,Wife
34422,Not-in-family
34422,Unmarried
39560,Not-in-family
39560,Unmarried
33003,Husband
33003,Not-in-family
33003,Other-relative
33003,Own-child
33003,Unmarried
33003,Wife
14587,Husband
14587,Not-in-family
14587,Other-relative
14587,Own-child
14587,Unmarried
14587,Wife
20367,Husband
20367,Not-in-family
20367,Other-relative
20367,Own-child
20367,Unmarried
20367,Wife
42645,Husband
42645,Not-in-family
42645,Other-relative
42645,Own-child
42645,Unmarried
42645,Wife
38510,Husband
38510,Not-in-family
38510,Other-relative
38510,Own-child
38510,Unmarried
38510,Wife
37814,Husband
37814,Not-in-family
37814,Other-relative
37814,Own-child
37814,Unmarried
37814,Wife
7967,Husband
7967,Not-in-family
7967,Other-relative
7967,Own-child
7967,Unmarried
7967,Wife
2093,Husband
2093,Other-relative
2093,Own-child
2093,Wife
25001,Husband
25001,Other-relative
25001,Own-child
25001,Wife
33844,Not-in-family
33844,Unmarried
29612,Not-in-family
29612,Unmarried
40220,Husband
40220,Not-in-family
40220,Other-relative
40220,Own-child
40220,Unmarried
40220,Wife
48161,Not-in-family
48161,Unmarried
10392,Husband
10392,Not-in-family
10392,Other-relative
10392,Own-child
10392,Unmarried
10392,Wife
41785,Husband
41785,Not-in-family
41785,Other-relative
41785,Own-child
41785,Unmarried
41785,Wife
43350,Husband
43350,Not-in-family
43350,Other-relative
43350,Own-child
43350,Unmarried
43350,Wife
46618,Husband
46618,Other-relative
46618,Own-child
46618,Wife
19106,Husband
19106,Other-relative
19106,Own-child
19106,Wife
35877,Husband
35877,Not-in-family
35877,Other-relative
35877,Own-child
35877,Unmarried
35877,Wife
46405,Husband
46405,Other-relative
46405,Own-child
46405,Wife
20015,Husband
20015,Not-in-family
20015,Other-relative
20015,Own-child
20015,Unmarried
20015,Wife
30160,Not-in-family
30160,Unmarried
16361,Not-in-family
16361,Unmarried
9397,Husband
9397,Not-in-family
9397,Other-relative
9397,Own-child
9397,Unmarried
9397,Wife
8215,Husband
8215,Not-in-family
8215,Other-relative
8215,Own-child
8215,Unmarried
8215,Wife
8026,Husband
8026,Other-relative
8026,Own-child
8026,Wife
30914,Not-in-family
30914,Unmarried
37034,Husband
37034,Other-relative
37034,Own-child
37034,Wife
43203,Not-in-family
43203,Unmarried
97,Husband
97,Other-relative
97,Own-child
97,Wife
377,Husband
377,Not-in-family
377,Other-relative
377,Own-child
377,Unmarried
377,Wife
21161,Husband
21161,Other-relative
21161,Own-child
21161,Wife
22212,Husband
22212,Not-in-family
22212,Other-relative
22212,Own-child
22212,Unmarried
22212,Wife
21153,Husband
21153,Not-in-family
21153,Other-relative
21153,Own-child
21153,Unmarried
21153,Wife
14941,Husband
14941,Other-relative
14941,Own-child
14941,Wife
21554,Not-in-family
21554,Unmarried
16479,Husband
16479,Other-relative
16479,Own-child
16479,Wife
2551,Husband
2551,Other-relative
2551,Own-child
2551,Wife
26079,Husband
26079,Not-in-family
26079,Other-relative
26079,Own-child
26079,Unmarried
26079,Wife
2322,Husband
2322,Not-in-family
2322,Other-relative
2322,Own-child
2322,Unmarried
2322,Wife
40876,Husband
40876,Not-in-family
40876,Other-relative
40876,Own-child
40876,Unmarried
40876,Wife
14259,Husband
14259,Not-in-family
14259,Other-relative
14259,Own-child
14259,Unmarried
14259,Wife
8175,Husband
8175,Not-in-family
8175,Other-relative
8175,Own-child
8175,Unmarried
8175,Wife
35057,Husband
35057,Not-in-family
35057,Other-relative
35057,Own-child
35057,Unmarried
35057,Wife
31983,Husband
31983,Other-relative
31983,Own-child
31983,Wife
14847,Husband
14847,Not-in-family
14847,Other-relative
14847,Own-child
14847,Unmarried
14847,Wife
20779,Husband
20779,Not-in-family
20779,Other-relative
20779,Own-child
20779,Unmarried
20779,Wife
12612,Husband
12612,Not-in-family
12612,Other-relative
12612,Own-child
12612,Unmarried
12612,Wife
19577,Husband
19577,Other-relative
19577,Own-child
19577,Wife
46369,Husband
46369,Not-in-family
46369,Other-relative
46369,Own-child
46369,Unmarried
46369,Wife
42723,Husband
42723,Not-in-family
42723,Other-relative
42723,Own-child
42723,Unmarried
42723,Wife
32012,Husband
32012,Other-relative
32012,Own-child
32012,Wife
24297,Not-in-family
24297,Unmarried
12953,Not-in-family
12953,Unmarried
34959,Husband
34959,Not-in-family
34959,Other-relative
34959,Own-child
34959,Unmarried
34959,Wife
21643,Husband
21643,Not-in-family
21643,Other-relative
21643,Own-child
21643,Unmarried
21643,Wife
1450,Husband
1450,Not-in-family
1450,Other-relative
1450,Own-child
1450,Unmarried
1450,Wife
40193,Husband
40193,Other-relative
40193,Own-child
40193,Wife
18037,Not-in-family
18037,Unmarried
10710,Husband
10710,Not-in-family
10710,Other-relative
10710,Own-child
10710,Unmarried
10710,Wife
39136,Husband
39136,Other-relative
39136,Own-child
39136,Wife
24808,Husband
24808,Not-in-family
24808,Other-relative
24808,Own-child
24808,Unmarried
24808,Wife
1386,Not-in-family
1386,Unmarried
23458,Husband
23458,Not-in-family
23458,Other-relative
23458,Own-child
23458,Unmarried
23458,Wife
1956,Husband
1956,Other-relative
1956,Own-child
1956,Wife
24818,Not-in-family
24818,Unmarried
20858,Husband
20858,Not-in-family
20858,Other-relative
20858,Own-child
20858,Unmarried
20858,Wife
44716,Husband
44716,Other-relative
44716,Own-child
44716,Wife
40115,Husband
40115,Not-in-family
40115,Other-relative
40115,Own-child
40115,Unmarried
40115,Wife
763,Husband
763,Not-in-family
763,Other-relative
763,Own-child
763,Unmarried
763,Wife
30650,Husband
30650,Not-in-family
30650,Other-relative
30650,Own-child
30650,Unmarried
30650,Wife
7588,Husband
7588,Not-in-family
7588,Other-relative
7588,Own-child
7588,Unmarried
7588,Wife
3946,Not-in-family
3946,Unmarried
26101,Husband
26101,Other-relative
26101,Own-child
26101,Wife
11543,Husband
11543,Not-in-family
11543,Other-relative
11543,Own-child
11543,Unmarried
11543,Wife
19749,Husband
19749,Other-relative
19749,Own-child
19749,Wife
549,Not-in-family
549,Unmarried
24189,Husband
24189,Not-in-family
24189,Other-relative
24189,Own-child
24189,Unmarried
24189,Wife
12897,Husband
12897,Not-in-family
12897,Other-relative
12897,Own-child
12897,Unmarried
12897,Wife
40279,Not-in-family
40279,Unmarried
37792,Husband
37792,Not-in-family
37792,Other-relative
37792,Own-child
37792,Unmarried
37792,Wife
38564,Husband
38564,Not-in-family
38564,Other-relative
38564,Own-child
38564,Unmarried
38564,Wife
10313,Husband
10313,Not-in-family
10313,Other-relative
10313,Own-child
10313,Unmarried
10313,Wife
26739,Husband
26739,Not-in-family
26739,Other-relative
26739,Own-child
26739,Unmarried
26739,Wife
46212,Husband
46212,Not-in-family
46212,Other-relative
46212,Own-child
46212,Unmarried
46212,Wife
11811,Not-in-family
11811,Unmarried
33720,Husband
33720,Not-in-family
33720,Other-relative
33720,Own-child
33720,Unmarried
33720,Wife
39169,Husband
39169,Not-in-family
39169,Other-relative
39169,Own-child
39169,Unmarried
39169,Wife
45162,Not-in-family
45162,Unmarried
18689,Husband
18689,Not-in-family
18689,Other-relative
18689,Own-child
18689,Unmarried
18689,Wife
2346,Husband
2346,Not-in-family
2346,Other-relative
2346,Own-child
2346,Unmarried
2346,Wife
38171,Husband
38171,Not-in-family
38171,Other-relative
38171,Own-child
38171,Unmarried
38171,Wife
21339,Husband
21339,Other-relative
21339,Own-child
21339,Wife
17996,Husband
17996,Not-in-family
17996,Other-relative
17996,Own-child
17996,Unmarried
17996,Wife
13211,Not-in-family
13211,Unmarried
15645,Husband
15645,Other-relative
15645,Own-child
15645,Wife
38042,Husband
38042,Not-in-family
38042,Other-relative
38042,Own-child
38042,Unmarried
38042,Wife
44295,Not-in-family
44295,Unmarried
362,Husband
362,Not-in-family
362,Other-relative
362,Own-child
362,Unmarried
362,Wife
13746,Husband
13746,Not-in-family
13746,Other-relative
13746,Own-child
13746,Unmarried
13746,Wife
17092,Husband
17092,Not-in-family
17092,Other-relative
17092,Own-child
17092,Unmarried
17092,Wife
6193,Husband
6193,Not-in-family
6193,Other-relative
6193,Own-child
6193,Unmarried
6193,Wife
46650,Husband
46650,Not-in-family
46650,Other-relative
46650,Own-child
46650,Unmarried
46650,Wife
12702,Husband
12702,Not-in-family
12702,Other-relative
12702,Own-child
12702,Unmarried
12702,Wife
34177,Not-in-family
34177,Unmarried
13764,Husband
13764,Other-relative
13764,Own-child
13764,Wife
18260,Not-in-family
18260,Unmarried
20065,Husband
20065,Other-relative
20065,Own-child
20065,Wife
14072,Husband
14072,Other-relative
14072,Own-child
14072,Wife
5786,Husband
5786,Other-relative
5786,Own-child
5786,Wife
28510,Husband
28510,Not-in-family
28510,Other-relative
28510,Own-child
28510,Unmarried
28510,Wife
5375,Husband
5375,Not-in-family
5375,Other-relative
5375,Own-child
5375,Unmarried
5375,Wife
19533,Husband
19533,Not-in-family
19533,Other-relative
19533,Own-child
19533,Unmarried
19533,Wife
36333,Husband
36333,Not-in-family
36333,Other-relative
36333,Own-child
36333,Unmarried
36333,Wife
14927,Husband
14927,Not-in-family
14927,Other-relative
14927,Own-child
14927,Unmarried
14927,Wife
11954,Husband
11954,Not-in-family
11954,Other-relative
11954,Own-child
11954,Unmarried
11954,Wife
8888,Husband
8888,Other-relative
8888,Own-child
8888,Wife
29743,Not-in-family
29743,Unmarried
17022,Husband
17022,Other-relative
17022,Own-child
17022,Wife
2530,Not-in-family
2530,Unmarried
46818,Husband
46818,Other-relative
46818,Own-child
46818,Wife
30275,Husband
30275,Other-relative
30275,Own-child
30275,Wife
37930,Husband
37930,Not-in-family
37930,Other-relative
37930,Own-child
37930,Unmarried
37930,Wife
18506,Husband
18506,Not-in-family
18506,Other-relative
18506,Own-child
18506,Unmarried
18506,Wife
11326,Husband
11326,Not-in-family
11326,Other-relative
11326,Own-child
11326,Unmarried
11326,Wife
9481,Husband
9481,Not-in-family
9481,Other-relative
9481,Own-child
9481,Unmarried
9481,Wife
15141,Not-in-family
15141,Unmarried
12634,Husband
12634,Other-relative
12634,Own-child
12634,Wife
2912,Not-in-family
2912,Unmarried
16927,Husband
16927,Other-relative
16927,Own-child
16927,Wife
36204,Husband
36204,Not-in-family
36204,Other-relative
36204,Own-child
36204,Unmarried
36204,Wife
44038,Husband
44038,Not-in-family
44038,Other-relative
44038,Own-child
44038,Unmarried
44038,Wife
6130,Not-in-family
6130,Unmarried
31291,Husband
31291,Not-in-family
31291,Other-relative
31291,Own-child
31291,Unmarried
31291,Wife
27868,Husband
27868,Other-relative
27868,Own-child
27868,Wife
530,Husband
530,Not-in-family
530,Other-relative
530,Own-child
530,Unmarried
530,Wife
1844,Not-in-family
1844,Unmarried
36134,Not-in-family
36134,Unmarried
6095,Husband
6095,Not-in-family
6095,Other-relative
6095,Own-child
6095,Unmarried
6095,Wife
10760,Husband
10760,Not-in-family
10760,Other-relative
10760,Own-child
10760,Unmarried
10760,Wife
16254,Husband
16254,Not-in-family
16254,Other-relative
16254,Own-child
16254,Unmarried
16254,Wife
30846,Husband
30846,Not-in-family
30846,Other-relative
30846,Own-child
30846,Unmarried
30846,Wife
15589,Not-in-family
15589,Unmarried
28914,Husband
28914,Not-in-family
28914,Other-relative
28914,Own-child
28914,Unmarried
28914,Wife
3341,Not-in-family
3341,Unmarried
10644,Husband
10644,Not-in-family
10644,Other-relative
10644,Own-child
10644,Unmarried
10644,Wife
5721,Husband
5721,Not-in-family
5721,Other-relative
5721,Own-child
5721,Unmarried
5721,Wife
26490,Husband
26490,Other-relative
26490,Own-child
26490,Wife
10510,Husband
10510,Not-in-family
10510,Other-relative
10510,Own-child
10510,Unmarried
10510,Wife
37004,Not-in-family
37004,Unmarried
17960,Not-in-family
17960,Unmarried
48600,Not-in-family
48600,Unmarried
31467,Husband
31467,Other-relative
31467,Own-child
31467,Wife
22160,Husband
22160,Not-in-family
22160,Other-relative
22160,Own-child
22160,Unmarried
22160,Wife
22620,Husband
22620,Other-relative
22620,Own-child
22620,Wife
1759,Husband
1759,Other-relative
1759,Own-child
1759,Wife
41522,Husband
41522,Not-in-family
41522,Other-relative
41522,Own-child
41522,Unmarried
41522,Wife
45548,Not-in-family
45548,Unmarried
13731,Husband
13731,Not-in-family
13731,Other-relative
13731,Own-child
13731,Unmarried
13731,Wife
37091,Husband
37091,Not-in-family
37091,Other-relative
37091,Own-child
37091,Unmarried
37091,Wife
12862,Husband
12862,Not-in-family
12862,Other-relative
12862,Own-child
12862,Unmarried
12862,Wife
30138,Husband
30138,Not-in-family
30138,Other-relative
30138,Own-child
30138,Unmarried
30138,Wife
898,Husband
898,Other-relative
898,Own-child
898,Wife
43480,Husband
43480,Other-relative
43480,Own-child
43480,Wife
35770,Not-in-family
35770,Unmarried
45676,Husband
45676,Not-in-family
45676,Other-relative
45676,Own-child
45676,Unmarried
45676,Wife
40940,Not-in-family
40940,Unmarried
38142,Husband
38142,Not-in-family
38142,Other-relative
38142,Own-child
38142,Unmarried
38142,Wife
47332,Husband
47332,Other-relative
47332,Own-child
47332,Wife
19661,Husband
19661,Not-in-family
19661,Other-relative
19661,Own-child
19661,Unmarried
19661,Wife
33274,Husband
33274,Not-in-family
33274,Other-relative
33274,Own-child
33274,Unmarried
33274,Wife
32219,Husband
32219,Not-in-family
32219,Other-relative
32219,Own-child
32219,Unmarried
32219,Wife
10696,Not-in-family
10696,Unmarried
20908,Husband
20908,Other-relative
20908,Own-child
20908,Wife
22444,Husband
22444,Not-in-family
22444,Other-relative
22444,Own-child
22444,Unmarried
22444,Wife
21644,Husband
21644,Other-relative
21644,Own-child
21644,Wife
35180,Not-in-family
35180,Unmarried
43038,Husband
43038,Other-relative
43038,Own-child
43038,Wife
43557,Husband
43557,Other-relative
43557,Own-child
43557,Wife
5390,Husband
5390,Not-in-family
5390,Other-relative
5390,Own-child
5390,Unmarried
5390,Wife
37557,Husband
37557,Not-in-family
37557,Other-relative
37557,Own-child
37557,Unmarried
37557,Wife
38454,Husband
38454,Not-in-family
38454,Other-relative
38454,Own-child
38454,Unmarried
38454,Wife
32251,Husband
32251,Not-in-family
32251,Other-relative
32251,Own-child
32251,Unmarried
32251,Wife
29353,Husband
29353,Other-relative
29353,Own-child
29353,Wife
47070,Not-in-family
47070,Unmarried
22544,Husband
22544,Not-in-family
22544,Other-relative
22544,Own-child
22544,Unmarried
22544,Wife
23279,Not-in-family
23279,Unmarried
25038,Husband
25038,Other-relative
25038,Own-child
25038,Wife
34933,Husband
34933,Other-relative
34933,Own-child
34933,Wife
35433,Husband
35433,Other-relative
35433,Own-child
35433,Wife
19323,Husband
19323,Not-in-family
19323,Other-relative
19323,Own-child
19323,Unmarried
19323,Wife
579,Husband
579,Other-relative
579,Own-child
579,Wife
44572,Not-in-family
44572,Unmarried
11119,Husband
11119,Not-in-family
11119,Other-relative
11119,Own-child
11119,Unmarried
11119,Wife
6413,Husband
6413,Other-relative
6413,Own-child
6413,Wife
17959,Husband
17959,Other-relative
17959,Own-child
17959,Wife
25251,Husband
25251,Not-in-family
25251,Other-relative
25251,Own-child
25251,Unmarried
25251,Wife
27956,Husband
27956,Other-relative
27956,Own-child
27956,Wife
47900,Husband
47900,Not-in-family
47900,Other-relative
47900,Own-child
47900,Unmarried
47900,Wife
37469,Husband
37469,Not-in-family
37469,Other-relative
37469,Own-child
37469,Unmarried
37469,Wife
44561,Husband
44561,Not-in-family
44561,Other-relative
44561,Own-child
44561,Unmarried
44561,Wife
24596,Husband
24596,Other-relative
24596,Own-child
24596,Wife
34830,Husband
34830,Not-in-family
34830,Other-relative
34830,Own-child
34830,Unmarried
34830,Wife
44695,Husband
44695,Other-relative
44695,Own-child
44695,Wife
1909,Husband
1909,Other-relative
1909,Own-child
1909,Wife
47469,Not-in-family
47469,Unmarried
37638,Not-in-family
37638,Unmarried
38188,Husband
38188,Not-in-family
38188,Other-relative
38188,Own-child
38188,Unmarried
38188,Wife
33255,Husband
33255,Other-relative
33255,Own-child
33255,Wife
42811,Not-in-family
42811,Unmarried
28834,Husband
28834,Not-in-family
28834,Other-relative
28834,Own-child
28834,Unmarried
28834,Wife
27877,Husband
27877,Other-relative
27877,Own-child
27877,Wife
23588,Husband
23588,Other-relative
23588,Own-child
23588,Wife
12924,Not-in-family
12924,Unmarried
20460,Husband
20460,Not-in-family
20460,Other-relative
20460,Own-child
20460,Unmarried
20460,Wife
1568,Husband
1568,Other-relative
1568,Own-child
1568,Wife
16452,Husband
16452,Other-relative
16452,Own-child
16452,Wife
26230,Husband
26230,Not-in-family
26230,Other-relative
26230,Own-child
26230,Unmarried
26230,Wife
35967,Husband
35967,Not-in-family
35967,Other-relative
35967,Own-child
35967,Unmarried
35967,Wife
19584,Husband
19584,Other-relative
19584,Own-child
19584,Wife
28268,Husband
28268,Not-in-family
28268,Other-relative
28268,Own-child
28268,Unmarried
28268,Wife
7645,Husband
7645,Other-relative
7645,Own-child
7645,Wife
1160,Husband
1160,Not-in-family
1160,Other-relative
1160,Own-child
1160,Unmarried
1160,Wife
45231,Husband
45231,Not-in-family
45231,Other-relative
45231,Own-child
45231,Unmarried
45231,Wife
11120,Not-in-family
11120,Unmarried
14675,Husband
14675,Not-in-family
14675,Other-relative
14675,Own-child
14675,Unmarried
14675,Wife
10815,Husband
10815,Other-relative
10815,Own-child
10815,Wife
18949,Husband
18949,Other-relative
18949,Own-child
18949,Wife
48655,Not-in-family
48655,Unmarried
37870,Not-in-family
37870,Unmarried
472,Husband
472,Not-in-family
472,Other-relative
472,Own-child
472,Unmarried
472,Wife
12869,Husband
12869,Other-relative
12869,Own-child
12869,Wife
9850,Husband
9850,Not-in-family
9850,Other-relative
9850,Own-child
9850,Unmarried
9850,Wife
2415,Husband
2415,Other-relative
2415,Own-child
2415,Wife
20604,Husband
20604,Not-in-family
20604,Other-relative
20604,Own-child
20604,Unmarried
20604,Wife
2224,Not-in-family
2224,Unmarried
40763,Husband
40763,Not-in-family
40763,Other-relative
40763,Own-child
40763,Unmarried
40763,Wife
42642,Husband
42642,Not-in-family
42642,Other-relative
42642,Own-child
42642,Unmarried
42642,Wife
28292,Husband
28292,Other-relative
28292,Own-child
28292,Wife
31236,Husband
31236,Not-in-family
31236,Other-relative
31236,Own-child
31236,Unmarried
31236,Wife
26298,Husband
26298,Other-relative
26298,Own-child
26298,Wife
17463,Husband
17463,Not-in-family
17463,Other-relative
17463,Own-child
17463,Unmarried
17463,Wife
38761,Husband
38761,Not-in-family
38761,Other-relative
38761,Own-child
38761,Unmarried
38761,Wife
41797,Husband
41797,Other-relative
41797,Own-child
41797,Wife
36042,Husband
36042,Not-in-family
36042,Other-relative
36042,Own-child
36042,Unmarried
36042,Wife
17653,Husband
17653,Other-relative
17653,Own-child
17653,Wife
43682,Husband
43682,Not-in-family
43682,Other-relative
43682,Own-child
43682,Unmarried
43682,Wife
42041,Not-in-family
42041,Unmarried
973,Husband
973,Other-relative
973,Own-child
973,Wife
40913,Husband
40913,Not-in-family
40913,Other-relative
40913,Own-child
40913,Unmarried
40913,Wife
42206,Not-in-family
42206,Unmarried
25641,Husband
25641,Not-in-family
25641,Other-relative
25641,Own-child
25641,Unmarried
25641,Wife
7095,Husband
7095,Not-in-family
7095,Other-relative
7095,Own-child
7095,Unmarried
7095,Wife
46952,Husband
46952,Not-in-family
46952,Other-relative
46952,Own-child
46952,Unmarried
46952,Wife
41246,Husband
41246,Not-in-family
41246,Other-relative
41246,Own-child
41246,Unmarried
41246,Wife
9775,Not-in-family
9775,Unmarried
43213,Husband
43213,Not-in-family
43213,Other-relative
43213,Own-child
43213,Unmarried
43213,Wife
40479,Husband
40479,Not-in-family
40479,Other-relative
40479,Own-child
40479,Unmarried
40479,Wife
17853,Husband
17853,Not-in-family
17853,Other-relative
17853,Own-child
17853,Unmarried
17853,Wife
25576,Husband
25576,Not-in-family
25576,Other-relative
25576,Own-child
25576,Unmarried
25576,Wife
43031,Husband
43031,Not-in-family
43031,Other-relative
43031,Own-child
43031,Unmarried
43031,Wife
33244,Husband
33244,Not-in-family
33244,Other-relative
33244,Own-child
33244,Unmarried
33244,Wife
8794,Husband
8794,Other-relative
8794,Own-child
8794,Wife
18472,Not-in-family
18472,Unmarried
11275,Husband
11275,Not-in-family
11275,Other-relative
11275,Own-child
11275,Unmarried
11275,Wife
23331,Husband
23331,Other-relative
23331,Own-child
23331,Wife
27963,Husband
27963,Other-relative
27963,Own-child
27963,Wife
22374,Husband
22374,Not-in-family
22374,Other-relative
22374,Own-child
22374,Unmarried
22374,Wife
3392,Husband
3392,Not-in-family
3392,Other-relative
3392,Own-child
3392,Unmarried
3392,Wife
23781,Husband
23781,Other-relative
23781,Own-child
23781,Wife
46907,Husband
46907,Other-relative
46907,Own-child
46907,Wife
11352,Not-in-family
11352,Unmarried
34694,Husband
34694,Other-relative
34694,Own-child
34694,Wife
18281,Husband
18281,Not-in-family
18281,Other-relative
18281,Own-child
18281,Unmarried
18281,Wife
31749,Not-in-family
31749,Unmarried
35175,Husband
35175,Not-in-family
35175,Other-relative
35175,Own-child
35175,Unmarried
35175,Wife
9657,Husband
9657,Not-in-family
9657,Other-relative
9657,Own-child
9657,Unmarried
9657,Wife
4298,Not-in-family
4298,Unmarried
44732,Husband
44732,Other-relative
44732,Own-child
44732,Wife
38815,Husband
38815,Not-in-family
38815,Other-relative
38815,Own-child
38815,Unmarried
38815,Wife
14641,Husband
14641,Other-relative
14641,Own-child
14641,Wife
27614,Husband
27614,Other-relative
27614,Own-child
27614,Wife
19145,Not-in-family
19145,Unmarried
24643,Husband
24643,Not-in-family
24643,Other-relative
24643,Own-child
24643,Unmarried
24643,Wife
37947,Not-in-family
37947,Unmarried
29241,Husband
29241,Not-in-family
29241,Other-relative
29241,Own-child
29241,Unmarried
29241,Wife
32621,Husband
32621,Not-in-family
32621,Other-relative
32621,Own-child
32621,Unmarried
32621,Wife
7552,Husband
7552,Not-in-family
7552,Other-relative
7552,Own-child
7552,Unmarried
7552,Wife
35636,Husband
35636,Not-in-family
35636,Other-relative
35636,Own-child
35636,Unmarried
35636,Wife
15427,Husband
15427,Not-in-family
15427,Other-relative
15427,Own-child
15427,Unmarried
15427,Wife
5026,Husband
5026,Other-relative
5026,Own-child
5026,Wife
13078,Husband
13078,Other-relative
13078,Own-child
13078,Wife
7425,Not-in-family
7425,Unmarried
32562,Husband
32562,Not-in-family
32562,Other-relative
32562,Own-child
32562,Unmarried
32562,Wife
33859,Husband
33859,Not-in-family
33859,Other-relative
33859,Own-child
33859,Unmarried
33859,Wife
1869,Husband
1869,Other-relative
1869,Own-child
1869,Wife
47563,Husband
47563,Other-relative
47563,Own-child
47563,Wife
8752,Husband
8752,Not-in-family
8752,Other-relative
8752,Own-child
8752,Unmarried
8752,Wife
26018,Husband
26018,Not-in-family
26018,Other-relative
26018,Own-child
26018,Unmarried
26018,Wife
15576,Husband
15576,Other-relative
15576,Own-child
15576,Wife
22799,Husband
22799,Not-in-family
22799,Other-relative
22799,Own-child
22799,Unmarried
22799,Wife
17678,Not-in-family
17678,Unmarried
5698,Husband
5698,Other-relative
5698,Own-child
5698,Wife
29367,Husband
29367,Not-in-family
29367,Other-relative
29367,Own-child
29367,Unmarried
29367,Wife
14374,Husband
14374,Not-in-family
14374,Other-relative
14374,Own-child
14374,Unmarried
14374,Wife
42950,Husband
42950,Not-in-family
42950,Other-relative
42950,Own-child
42950,Unmarried
42950,Wife
33418,Husband
33418,Not-in-family
33418,Other-relative
33418,Own-child
33418,Unmarried
33418,Wife
14336,Husband
14336,Other-relative
14336,Own-child
14336,Wife
42891,Husband
42891,Other-relative
42891,Own-child
42891,Wife
40016,Husband
40016,Other-relative
40016,Own-child
40016,Wife
36125,Not-in-family
36125,Unmarried
26865,Husband
26865,Other-relative
26865,Own-child
26865,Wife
36861,Husband
36861,Other-relative
36861,Own-child
36861,Wife
31431,Husband
31431,Other-relative
31431,Own-child
31431,Wife
43704,Husband
43704,Not-in-family
43704,Other-relative
43704,Own-child
43704,Unmarried
43704,Wife
16069,Husband
16069,Not-in-family
16069,Other-relative
16069,Own-child
16069,Unmarried
16069,Wife
16321,Husband
16321,Not-in-family
16321,Other-relative
16321,Own-child
16321,Unmarried
16321,Wife
26606,Husband
26606,Not-in-family
26606,Other-relative
26606,Own-child
26606,Unmarried
26606,Wife
11762,Husband
11762,Other-relative
11762,Own-child
11762,Wife
6825,Husband
6825,Other-relative
6825,Own-child
6825,Wife
39722,Husband
39722,Other-relative
39722,Own-child
39722,Wife
37911,Husband
37911,Not-in-family
37911,Other-relative
37911,Own-child
37911,Unmarried
37911,Wife
35207,Husband
35207,Not-in-family
35207,Other-relative
35207,Own-child
35207,Unmarried
35207,Wife
48696,Husband
48696,Not-in-family
48696,Other-relative
48696,Own-child
48696,Unmarried
48696,Wife
8657,Husband
8657,Not-in-family
8657,Other-relative
8657,Own-child
8657,Unmarried
8657,Wife
11655,Not-in-family
11655,Unmarried
28533,Husband
28533,Not-in-family
28533,Other-relative
28533,Own-child
28533,Unmarried
28533,Wife
31715,Husband
31715,Not-in-family
31715,Other-relative
31715,Own-child
31715,Unmarried
31715,Wife
10156,Husband
10156,Not-in-family
10156,Other-relative
10156,Own-child
10156,Unmarried
10156,Wife
42848,Not-in-family
42848,Unmarried
24352,Husband
24352,Other-relative
24352,Own-child
24352,Wife
43782,Not-in-family
43782,Unmarried
28162,Husband
28162,Other-relative
28162,Own-child
28162,Wife
12009,Husband
12009,Other-relative
12009,Own-child
12009,Wife
43823,Husband
43823,Not-in-family
43823,Other-relative
43823,Own-child
43823,Unmarried
43823,Wife
22142,Husband
22142,Not-in-family
22142,Other-relative
22142,Own-child
22142,Unmarried
22142,Wife
16745,Husband
16745,Other-relative
16745,Own-child
16745,Wife
14136,Husband
14136,Other-relative
14136,Own-child
14136,Wife
37312,Not-in-family
37312,Unmarried
44198,Husband
44198,Not-in-family
44198,Other-relative
44198,Own-child
44198,Unmarried
44198,Wife
2314,Husband
2314,Not-in-family
2314,Other-relative
2314,Own-child
2314,Unmarried
2314,Wife
16687,Husband
16687,Other-relative
16687,Own-child
16687,Wife
23442,Husband
23442,Other-relative
23442,Own-child
23442,Wife
25360,Husband
25360,Not-in-family
25360,Other-relative
25360,Own-child
25360,Unmarried
25360,Wife
27636,Husband
27636,Other-relative
27636,Own-child
27636,Wife
11402,Husband
11402,Other-relative
11402,Own-child
11402,Wife
27422,Husband
27422,Not-in-family
27422,Other-relative
27422,Own-child
27422,Unmarried
27422,Wife
17575,Not-in-family
17575,Unmarried
43835,Husband
43835,Not-in-family
43835,Other-relative
43835,Own-child
43835,Unmarried
43835,Wife
2797,Not-in-family
2797,Unmarried
35179,Husband
35179,Other-relative
35179,Own-child
35179,Wife
11814,Husband
11814,Other-relative
11814,Own-child
11814,Wife
30782,Husband
30782,Not-in-family
30782,Other-relative
30782,Own-child
30782,Unmarried
30782,Wife
28542,Not-in-family
28542,Unmarried
20878,Not-in-family
20878,Unmarried
34485,Husband
34485,Other-relative
34485,Own-child
34485,Wife
45644,Husband
45644,Not-in-family
45644,Other-relative
45644,Own-child
45644,Unmarried
45644,Wife
38326,Husband
38326,Not-in-family
38326,Other-relative
38326,Own-child
38326,Unmarried
38326,Wife
9035,Husband
9035,Not-in-family
9035,Other-relative
9035,Own-child
9035,Unmarried
9035,Wife
23766,Husband
23766,Other-relative
23766,Own-child
23766,Wife
37303,Not-in-family
37303,Unmarried
24616,Husband
24616,Not-in-family
24616,Other-relative
24616,Own-child
24616,Unmarried
24616,Wife
30754,Not-in-family
30754,Unmarried
37014,Husband
37014,Not-in-family
37014,Other-relative
37014,Own-child
37014,Unmarried
37014,Wife
12111,Husband
12111,Not-in-family
12111,Other-relative
12111,Own-child
12111,Unmarried
12111,Wife
21245,Husband
21245,Not-in-family
21245,Other-relative
21245,Own-child
21245,Unmarried
21245,Wife
47126,Husband
47126,Other-relative
47126,Own-child
47126,Wife
28095,Not-in-family
28095,Unmarried
48324,Husband
48324,Other-relative
48324,Own-child
48324,Wife
15056,Husband
15056,Other-relative
15056,Own-child
15056,Wife
750,Husband
750,Not-in-family
750,Other-relative
750,Own-child
750,Unmarried
750,Wife
44721,Husband
44721,Not-in-family
44721,Other-relative
44721,Own-child
44721,Unmarried
44721,Wife
41759,Husband
41759,Not-in-family
41759,Other-relative
41759,Own-child
41759,Unmarried
41759,Wife
34734,Not-in-family
34734,Unmarried
28588,Husband
28588,Other-relative
28588,Own-child
28588,Wife
47422,Not-in-family
47422,Unmarried
45064,Not-in-family
45064,Unmarried
3732,Husband
3732,Not-in-family
3732,Other-relative
3732,Own-child
3732,Unmarried
3732,Wife
37499,Husband
37499,Not-in-family
37499,Other-relative
37499,Own-child
37499,Unmarried
37499,Wife
12426,Husband
12426,Other-relative
12426,Own-child
12426,Wife
27112,Husband
27112,Other-relative
27112,Own-child
27112,Wife
15760,Husband
15760,Other-relative
15760,Own-child
15760,Wife
29194,Husband
29194,Other-relative
29194,Own-child
29194,Wife
24389,Husband
24389,Not-in-family
24389,Other-relative
24389,Own-child
24389,Unmarried
24389,Wife
44703,Husband
44703,Not-in-family
44703,Other-relative
44703,Own-child
44703,Unmarried
44703,Wife
36465,Not-in-family
36465,Unmarried
7595,Husband
7595,Not-in-family
7595,Other-relative
7595,Own-child
7595,Unmarried
7595,Wife
22937,Husband
22937,Not-in-family
22937,Other-relative
22937,Own-child
22937,Unmarried
22937,Wife
13455,Husband
13455,Not-in-family
13455,Other-relative
13455,Own-child
13455,Unmarried
13455,Wife
42173,Husband
42173,Other-relative
42173,Own-child
42173,Wife
31332,Husband
31332,Other-relative
31332,Own-child
31332,Wife
12448,Husband
12448,Not-in-family
12448,Other-relative
12448,Own-child
12448,Unmarried
12448,Wife
26008,Husband
26008,Other-relative
26008,Own-child
26008,Wife
42282,Husband
42282,Not-in-family
42282,Other-relative
42282,Own-child
42282,Unmarried
42282,Wife
30973,Husband
30973,Not-in-family
30973,Other-relative
30973,Own-child
30973,Unmarried
30973,Wife
19385,Husband
19385,Other-relative
19385,Own-child
19385,Wife
31721,Husband
31721,Not-in-family
31721,Other-relative
31721,Own-child
31721,Unmarried
31721,Wife
974,Not-in-family
974,Unmarried
22776,Husband
22776,Other-relative
22776,Own-child
22776,Wife
13554,Husband
13554,Other-relative
13554,Own-child
13554,Wife
35998,Husband
35998,Not-in-family
35998,Other-relative
35998,Own-child
35998,Unmarried
35998,Wife
30965,Not-in-family
30965,Unmarried
3589,Husband
3589,Not-in-family
3589,Other-relative
3589,Own-child
3589,Unmarried
3589,Wife
28346,Husband
28346,Other-relative
28346,Own-child
28346,Wife
41164,Husband
41164,Other-relative
41164,Own-child
41164,Wife
3966,Husband
3966,Not-in-family
3966,Other-relative
3966,Own-child
3966,Unmarried
3966,Wife
18344,Husband
18344,Other-relative
18344,Own-child
18344,Wife
24884,Husband
24884,Not-in-family
24884,Other-relative
24884,Own-child
24884,Unmarried
24884,Wife
34043,Not-in-family
34043,Unmarried
1988,Husband
1988,Not-in-family
1988,Other-relative
1988,Own-child
1988,Unmarried
1988,Wife
31096,Husband
31096,Other-relative
31096,Own-child
31096,Wife
8836,Husband
8836,Not-in-family
8836,Other-relative
8836,Own-child
8836,Unmarried
8836,Wife
32365,Husband
32365,Not-in-family
32365,Other-relative
32365,Own-child
32365,Unmarried
32365,Wife
25763,Husband
25763,Not-in-family
25763,Other-relative
25763,Own-child
25763,Unmarried
25763,Wife
6561,Husband
6561,Other-relative
6561,Own-child
6561,Wife
5957,Husband
5957,Other-relative
5957,Own-child
5957,Wife
15189,Husband
15189,Not-in-family
15189,Other-relative
15189,Own-child
15189,Unmarried
15189,Wife
16145,Husband
16145,Not-in-family
16145,Other-relative
16145,Own-child
16145,Unmarried
16145,Wife
19588,Not-in-family
19588,Unmarried
30998,Husband
30998,Other-relative
30998,Own-child
30998,Wife
39349,Husband
39349,Other-relative
39349,Own-child
39349,Wife
33934,Husband
33934,Other-relative
33934,Own-child
33934,Wife
37778,Husband
37778,Not-in-family
37778,Other-relative
37778,Own-child
37778,Unmarried
37778,Wife
39384,Husband
39384,Not-in-family
39384,Other-relative
39384,Own-child
39384,Unmarried
39384,Wife
26677,Not-in-family
26677,Unmarried
26167,Husband
26167,Not-in-family
26167,Other-relative
26167,Own-child
26167,Unmarried
26167,Wife
44388,Husband
44388,Other-relative
44388,Own-child
44388,Wife
6260,Husband
6260,Not-in-family
6260,Other-relative
6260,Own-child
6260,Unmarried
6260,Wife
15154,Not-in-family
15154,Unmarried
19211,Husband
19211,Other-relative
19211,Own-child
19211,Wife
5843,Husband
5843,Other-relative
5843,Own-child
5843,Wife
16839,Husband
16839,Not-in-family
16839,Other-relative
16839,Own-child
16839,Unmarried
16839,Wife
34353,Husband
34353,Not-in-family
34353,Other-relative
34353,Own-child
34353,Unmarried
34353,Wife
41500,Husband
41500,Not-in-family
41500,Other-relative
41500,Own-child
41500,Unmarried
41500,Wife
43102,Husband
43102,Other-relative
43102,Own-child
43102,Wife
6851,Husband
6851,Not-in-family
6851,Other-relative
6851,Own-child
6851,Unmarried
6851,Wife
3688,Husband
3688,Not-in-family
3688,Other-relative
3688,Own-child
3688,Unmarried
3688,Wife
33486,Husband
33486,Not-in-family
33486,Other-relative
33486,Own-child
33486,Unmarried
33486,Wife
3860,Husband
3860,Not-in-family
3860,Other-relative
3860,Own-child
3860,Unmarried
3860,Wife
33094,Husband
33094,Other-relative
33094,Own-child
33094,Wife
30359,Not-in-family
30359,Unmarried
21433,Husband
21433,Other-relative
21433,Own-child
21433,Wife
37562,Husband
37562,Not-in-family
37562,Other-relative
37562,Own-child
37562,Unmarried
37562,Wife
26290,Husband
26290,Not-in-family
26290,Other-relative
26290,Own-child
26290,Unmarried
26290,Wife
48171,Husband
48171,Not-in-family
48171,Other-relative
48171,Own-child
48171,Unmarried
48171,Wife
11801,Not-in-family
11801,Unmarried
30166,Husband
30166,Not-in-family
30166,Other-relative
30166,Own-child
30166,Unmarried
30166,Wife
25162,Husband
25162,Other-relative
25162,Own-child
25162,Wife
30596,Husband
30596,Not-in-family
30596,Other-relative
30596,Own-child
30596,Unmarried
30596,Wife
48524,Husband
48524,Not-in-family
48524,Other-relative
48524,Own-child
48524,Unmarried
48524,Wife
35045,Husband
35045,Other-relative
35045,Own-child
35045,Wife
29490,Husband
29490,Other-relative
29490,Own-child
29490,Wife
22741,Husband
22741,Other-relative
22741,Own-child
22741,Wife
7698,Husband
7698,Other-relative
7698,Own-child
7698,Wife
47147,Not-in-family
47147,Unmarried
8342,Husband
8342,Other-relative
8342,Own-child
8342,Wife
42965,Husband
42965,Not-in-family
42965,Other-relative
42965,Own-child
42965,Unmarried
42965,Wife
25680,Husband
25680,Not-in-family
25680,Other-relative
25680,Own-child
25680,Unmarried
25680,Wife
29010,Husband
29010,Not-in-family
29010,Other-relative
29010,Own-child
29010,Unmarried
29010,Wife
43042,Husband
43042,Other-relative
43042,Own-child
43042,Wife
48091,Not-in-family
48091,Unmarried
11211,Husband
11211,Not-in-family
11211,Other-relative
11211,Own-child
11211,Unmarried
11211,Wife
25599,Not-in-family
25599,Unmarried
47074,Husband
47074,Other-relative
47074,Own-child
47074,Wife
46878,Husband
46878,Not-in-family
46878,Other-relative
46878,Own-child
46878,Unmarried
46878,Wife
24309,Husband
24309,Other-relative
24309,Own-child
24309,Wife
48565,Husband
48565,Not-in-family
48565,Other-relative
48565,Own-child
48565,Unmarried
48565,Wife
33053,Husband
33053,Not-in-family
33053,Other-relative
33053,Own-child
33053,Unmarried
33053,Wife
7012,Husband
7012,Other-relative
7012,Own-child
7012,Wife
892,Husband
892,Other-relative
892,Own-child
892,Wife
7816,Husband
7816,Not-in-family
7816,Other-relative
7816,Own-child
7816,Unmarried
7816,Wife
13016,Husband
13016,Other-relative
13016,Own-child
13016,Wife
12746,Husband
12746,Other-relative
12746,Own-child
12746,Wife
44914,Husband
44914,Not-in-family
44914,Other-relative
44914,Own-child
44914,Unmarried
44914,Wife
46583,Husband
46583,Other-relative
46583,Own-child
46583,Wife
12817,Husband
12817,Other-relative
12817,Own-child
12817,Wife
12202,Husband
12202,Other-relative
12202,Own-child
12202,Wife
15881,Husband
15881,Not-in-family
15881,Other-relative
15881,Own-child
15881,Unmarried
15881,Wife
21510,Husband
21510,Other-relative
21510,Own-child
21510,Wife
1782,Husband
1782,Not-in-family
1782,Other-relative
1782,Own-child
1782,Unmarried
1782,Wife
3600,Husband
3600,Not-in-family
3600,Other-relative
3600,Own-child
3600,Unmarried
3600,Wife
5129,Husband
5129,Not-in-family
5129,Other-relative
5129,Own-child
5129,Unmarried
5129,Wife
2754,Husband
2754,Not-in-family
2754,Other-relative
2754,Own-child
2754,Unmarried
2754,Wife
10457,Husband
10457,Other-relative
10457,Own-child
10457,Wife
3355,Husband
3355,Not-in-family
3355,Other-relative
3355,Own-child
3355,Unmarried
3355,Wife
41612,Not-in-family
41612,Unmarried
18858,Husband
18858,Other-relative
18858,Own-child
18858,Wife
39151,Husband
39151,Other-relative
39151,Own-child
39151,Wife
20102,Husband
20102,Not-in-family
20102,Other-relative
20102,Own-child
20102,Unmarried
20102,Wife
37955,Husband
37955,Other-relative
37955,Own-child
37955,Wife
29487,Not-in-family
29487,Unmarried
33424,Husband
33424,Other-relative
33424,Own-child
33424,Wife
13289,Husband
13289,Not-in-family
13289,Other-relative
13289,Own-child
13289,Unmarried
13289,Wife
4733,Not-in-family
4733,Unmarried
42599,Husband
42599,Other-relative
42599,Own-child
42599,Wife
5523,Husband
5523,Other-relative
5523,Own-child
5523,Wife
1803,Husband
1803,Not-in-family
1803,Other-relative
1803,Own-child
1803,Unmarried
1803,Wife
33929,Husband
33929,Not-in-family
33929,Other-relative
33929,Own-child
33929,Unmarried
33929,Wife
6,Not-in-family
6,Unmarried
234,Husband
234,Not-in-family
234,Other-relative
234,Own-child
234,Unmarried
234,Wife
7987,Husband
7987,Not-in-family
7987,Other-relative
7987,Own-child
7987,Unmarried
7987,Wife
39783,Husband
39783,Not-in-family
39783,Other-relative
39783,Own-child
39783,Unmarried
39783,Wife
17444,Husband
17444,Not-in-family
17444,Other-relative
17444,Own-child
17444,Unmarried
17444,Wife
32439,Husband
32439,Not-in-family
32439,Other-relative
32439,Own-child
32439,Unmarried
32439,Wife
10547,Not-in-family
10547,Unmarried
29500,Husband
29500,Not-in-family
29500,Other-relative
29500,Own-child
29500,Unmarried
29500,Wife
12200,Husband
12200,Other-relative
12200,Own-child
12200,Wife
35309,Husband
35309,Other-relative
35309,Own-child
35309,Wife
41807,Husband
41807,Not-in-family
41807,Other-relative
41807,Own-child
41807,Unmarried
41807,Wife
41657,Not-in-family
41657,Unmarried
31554,Husband
31554,Not-in-family
31554,Other-relative
31554,Own-child
31554,Unmarried
31554,Wife
10327,Not-in-family
10327,Unmarried
21928,Not-in-family
21928,Unmarried
12628,Husband
12628,Not-in-family
12628,Other-relative
12628,Own-child
12628,Unmarried
12628,Wife
40350,Husband
40350,Not-in-family
40350,Other-relative
40350,Own-child
40350,Unmarried
40350,Wife
31207,Husband
31207,Not-in-family
31207,Other-relative
31207,Own-child
31207,Unmarried
31207,Wife
37494,Husband
37494,Other-relative
37494,Own-child
37494,Wife
5643,Husband
5643,Other-relative
5643,Own-child
5643,Wife
21395,Husband
21395,Not-in-family
21395,Other-relative
21395,Own-child
21395,Unmarried
21395,Wife
22488,Husband
22488,Other-relative
22488,Own-child
22488,Wife
2510,Husband
2510,Not-in-family
2510,Other-relative
2510,Own-child
2510,Unmarried
2510,Wife
34528,Husband
34528,Other-relative
34528,Own-child
34528,Wife
30763,Husband
30763,Other-relative
30763,Own-child
30763,Wife
45464,Husband
45464,Not-in-family
45464,Other-relative
45464,Own-child
45464,Unmarried
45464,Wife
5417,Husband
5417,Not-in-family
5417,Other-relative
5417,Own-child
5417,Unmarried
5417,Wife
8467,Husband
8467,Other-relative
8467,Own-child
8467,Wife
8633,Husband
8633,Other-relative
8633,Own-child
8633,Wife
11343,Not-in-family
11343,Unmarried
13319,Husband
13319,Not-in-family
13319,Other-relative
13319,Own-child
13319,Unmarried
13319,Wife
40250,Husband
40250,Other-relative
40250,Own-child
40250,Wife
13670,Husband
13670,Not-in-family
13670,Other-relative
13670,Own-child
13670,Unmarried
13670,Wife
47437,Husband
47437,Not-in-family
47437,Other-relative
47437,Own-child
47437,Unmarried
47437,Wife
14112,Not-in-family
14112,Unmarried
9824,Not-in-family
9824,Unmarried
45549,Husband
45549,Other-relative
45549,Own-child
45549,Wife
30679,Not-in-family
30679,Unmarried
3681,Husband
3681,Not-in-family
3681,Other-relative
3681,Own-child
3681,Unmarried
3681,Wife
44119,Husband
44119,Not-in-family
44119,Other-relative
44119,Own-child
44119,Unmarried
44119,Wife
3190,Husband
3190,Other-relative
3190,Own-child
3190,Wife
1316,Husband
1316,Not-in-family
1316,Other-relative
1316,Own-child
1316,Unmarried
1316,Wife
35449,Husband
35449,Other-relative
35449,Own-child
35449,Wife
48141,Husband
48141,Not-in-family
48141,Other-relative
48141,Own-child
48141,Unmarried
48141,Wife
40573,Husband
40573,Other-relative
40573,Own-child
40573,Wife
719,Husband
719,Other-relative
719,Own-child
719,Wife
27622,Husband
27622,Not-in-family
27622,Other-relative
27622,Own-child
27622,Unmarried
27622,Wife
3350,Husband
3350,Not-in-family
3350,Other-relative
3350,Own-child
3350,Unmarried
3350,Wife
44314,Husband
44314,Not-in-family
44314,Other-relative
44314,Own-child
44314,Unmarried
44314,Wife
43078,Husband
43078,Not-in-family
43078,Other-relative
43078,Own-child
43078,Unmarried
43078,Wife
36274,Husband
36274,Other-relative
36274,Own-child
36274,Wife
28894,Husband
28894,Not-in-family
28894,Other-relative
28894,Own-child
28894,Unmarried
28894,Wife
11752,Husband
11752,Not-in-family
11752,Other-relative
11752,Own-child
11752,Unmarried
11752,Wife
8209,Husband
8209,Not-in-family
8209,Other-relative
8209,Own-child
8209,Unmarried
8209,Wife
6096,Husband
6096,Not-in-family
6096,Other-relative
6096,Own-child
6096,Unmarried
6096,Wife
29764,Husband
29764,Other-relative
29764,Own-child
29764,Wife
28929,Husband
28929,Not-in-family
28929,Other-relative
28929,Own-child
28929,Unmarried
28929,Wife
15602,Not-in-family
15602,Unmarried
19662,Husband
19662,Not-in-family
19662,Other-relative
19662,Own-child
19662,Unmarried
19662,Wife
25689,Husband
25689,Not-in-family
25689,Other-relative
25689,Own-child
25689,Unmarried
25689,Wife
32682,Husband
32682,Not-in-family
32682,Other-relative
32682,Own-child
32682,Unmarried
32682,Wife
26178,Husband
26178,Not-in-family
26178,Other-relative
26178,Own-child
26178,Unmarried
26178,Wife
19510,Husband
19510,Other-relative
19510,Own-child
19510,Wife
6017,Husband
6017,Not-in-family
6017,Other-relative
6017,Own-child
6017,Unmarried
6017,Wife
32949,Husband
32949,Other-relative
32949,Own-child
32949,Wife
40869,Husband
40869,Not-in-family
40869,Other-relative
40869,Own-child
40869,Unmarried
40869,Wife
13009,Husband
13009,Other-relative
13009,Own-child
13009,Wife
43946,Husband
43946,Not-in-family
43946,Other-relative
43946,Own-child
43946,Unmarried
43946,Wife
16317,Husband
16317,Other-relative
16317,Own-child
16317,Wife
2465,Husband
2465,Not-in-family
2465,Other-relative
2465,Own-child
2465,Unmarried
2465,Wife
11830,Not-in-family
11830,Unmarried
28684,Not-in-family
28684,Unmarried
13579,Husband
13579,Not-in-family
13579,Other-relative
13579,Own-child
13579,Unmarried
13579,Wife
22615,Husband
22615,Not-in-family
22615,Other-relative
22615,Own-child
22615,Unmarried
22615,Wife
47545,Not-in-family
47545,Unmarried
11112,Husband
11112,Other-relative
11112,Own-child
11112,Wife
5873,Husband
5873,Other-relative
5873,Own-child
5873,Wife
31302,Husband
31302,Not-in-family
31302,Other-relative
31302,Own-child
31302,Unmarried
31302,Wife
8604,Husband
8604,Other-relative
8604,Own-child
8604,Wife
11083,Husband
11083,Other-relative
11083,Own-child
11083,Wife
18828,Not-in-family
18828,Unmarried
28326,Husband
28326,Not-in-family
28326,Other-relative
28326,Own-child
28326,Unmarried
28326,Wife
22762,Not-in-family
22762,Unmarried
4300,Not-in-family
4300,Unmarried
18791,Husband
18791,Not-in-family
18791,Other-relative
18791,Own-child
18791,Unmarried
18791,Wife
2429,Husband
2429,Not-in-family
2429,Other-relative
2429,Own-child
2429,Unmarried
2429,Wife
9517,Husband
9517,Not-in-family
9517,Other-relative
9517,Own-child
9517,Unmarried
9517,Wife
38354,Husband
38354,Not-in-family
38354,Other-relative
38354,Own-child
38354,Unmarried
38354,Wife
43743,Not-in-family
43743,Unmarried
36632,Husband
36632,Not-in-family
36632,Other-relative
36632,Own-child
36632,Unmarried
36632,Wife
5915,Not-in-family
5915,Unmarried
10597,Not-in-family
10597,Unmarried
4432,Not-in-family
4432,Unmarried
13561,Husband
13561,Other-relative
13561,Own-child
13561,Wife
27196,Not-in-family
27196,Unmarried
44939,Husband
44939,Not-in-family
44939,Other-relative
44939,Own-child
44939,Unmarried
44939,Wife
29424,Husband
29424,Not-in-family
29424,Other-relative
29424,Own-child
29424,Unmarried
29424,Wife
47512,Husband
47512,Not-in-family
47512,Other-relative
47512,Own-child
47512,Unmarried
47512,Wife
40964,Husband
40964,Not-in-family
40964,Other-relative
40964,Own-child
40964,Unmarried
40964,Wife
38717,Husband
38717,Not-in-family
38717,Other-relative
38717,Own-child
38717,Unmarried
38717,Wife
39289,Husband
39289,Other-relative
39289,Own-child
39289,Wife
21028,Not-in-family
21028,Unmarried
10840,Husband
10840,Other-relative
10840,Own-child
10840,Wife
23368,Husband
23368,Not-in-family
23368,Other-relative
23368,Own-child
23368,Unmarried
23368,Wife
15656,Husband
15656,Other-relative
15656,Own-child
15656,Wife
38980,Husband
38980,Other-relative
38980,Own-child
38980,Wife
3160,Husband
3160,Not-in-family
3160,Other-relative
3160,Own-child
3160,Unmarried
3160,Wife
2870,Husband
2870,Other-relative
2870,Own-child
2870,Wife
45815,Husband
45815,Not-in-family
45815,Other-relative
45815,Own-child
45815,Unmarried
45815,Wife
40055,Not-in-family
40055,Unmarried
13682,Husband
13682,Not-in-family
13682,Other-relative
13682,Own-child
13682,Unmarried
13682,Wife
18848,Husband
18848,Other-relative
18848,Own-child
18848,Wife
7141,Not-in-family
7141,Unmarried
3634,Husband
3634,Not-in-family
3634,Other-relative
3634,Own-child
3634,Unmarried
3634,Wife
20712,Husband
20712,Not-in-family
20712,Other-relative
20712,Own-child
20712,Unmarried
20712,Wife
47822,Husband
47822,Not-in-family
47822,Other-relative
47822,Own-child
47822,Unmarried
47822,Wife
35833,Husband
35833,Other-relative
35833,Own-child
35833,Wife
8864,Husband
8864,Not-in-family
8864,Other-relative
8864,Own-child
8864,Unmarried
8864,Wife
7739,Husband
7739,Other-relative
7739,Own-child
7739,Wife
39401,Husband
39401,Other-relative
39401,Own-child
39401,Wife
10307,Husband
10307,Not-in-family
10307,Other-relative
10307,Own-child
10307,Unmarried
10307,Wife
17102,Husband
17102,Not-in-family
17102,Other-relative
17102,Own-child
17102,Unmarried
17102,Wife
33228,Husband
33228,Not-in-family
33228,Other-relative
33228,Own-child
33228,Unmarried
33228,Wife
40148,Husband
40148,Not-in-family
40148,Other-relative
40148,Own-child
40148,Unmarried
40148,Wife
32712,Husband
32712,Other-relative
32712,Own-child
32712,Wife
32414,Not-in-family
32414,Unmarried
17554,Husband
17554,Not-in-family
17554,Other-relative
17554,Own-child
17554,Unmarried
17554,Wife
43684,Husband
43684,Not-in-family
43684,Other-relative
43684,Own-child
43684,Unmarried
43684,Wife
10888,Husband
10888,Not-in-family
10888,Other-relative
10888,Own-child
10888,Unmarried
10888,Wife
45881,Husband
45881,Other-relative
45881,Own-child
45881,Wife
14506,Husband
14506,Not-in-family
14506,Other-relative
14506,Own-child
14506,Unmarried
14506,Wife
48361,Husband
48361,Not-in-family
48361,Other-relative
48361,Own-child
48361,Unmarried
48361,Wife
36435,Husband
36435,Not-in-family
36435,Other-relative
36435,Own-child
36435,Unmarried
36435,Wife
16964,Husband
16964,Not-in-family
16964,Other-relative
16964,Own-child
16964,Unmarried
16964,Wife
28127,Husband
28127,Not-in-family
28127,Other-relative
28127,Own-child
28127,Unmarried
28127,Wife
28392,Husband
28392,Not-in-family
28392,Other-relative
28392,Own-child
28392,Unmarried
28392,Wife
37645,Not-in-family
37645,Unmarried
30847,Husband
30847,Not-in-family
30847,Other-relative
30847,Own-child
30847,Unmarried
30847,Wife
30509,Husband
30509,Other-relative
30509,Own-child
30509,Wife
32420,Not-in-family
32420,Unmarried
44763,Husband
44763,Other-relative
44763,Own-child
44763,Wife
1439,Husband
1439,Not-in-family
1439,Other-relative
1439,Own-child
1439,Unmarried
1439,Wife
38400,Husband
38400,Other-relative
38400,Own-child
38400,Wife
15646,Not-in-family
15646,Unmarried
45792,Husband
45792,Not-in-family
45792,Other-relative
45792,Own-child
45792,Unmarried
45792,Wife
8758,Husband
8758,Other-relative
8758,Own-child
8758,Wife
46619,Husband
46619,Other-relative
46619,Own-child
46619,Wife
30938,Husband
30938,Not-in-family
30938,Other-relative
30938,Own-child
30938,Unmarried
30938,Wife
24642,Husband
24642,Not-in-family
24642,Other-relative
24642,Own-child
24642,Unmarried
24642,Wife
9891,Husband
9891,Not-in-family
9891,Other-relative
9891,Own-child
9891,Unmarried
9891,Wife
39439,Husband
39439,Not-in-family
39439,Other-relative
39439,Own-child
39439,Unmarried
39439,Wife
7180,Husband
7180,Other-relative
7180,Own-child
7180,Wife
30968,Husband
30968,Not-in-family
30968,Other-relative
30968,Own-child
30968,Unmarried
30968,Wife
26728,Not-in-family
26728,Unmarried
28493,Husband
28493,Other-relative
28493,Own-child
28493,Wife
46521,Husband
46521,Not-in-family
46521,Other-relative
46521,Own-child
46521,Unmarried
46521,Wife
46067,Husband
46067,Not-in-family
46067,Other-relative
46067,Own-child
46067,Unmarried
46067,Wife
40866,Husband
40866,Not-in-family
40866,Other-relative
40866,Own-child
40866,Unmarried
40866,Wife
10757,Husband
10757,Not-in-family
10757,Other-relative
10757,Own-child
10757,Unmarried
10757,Wife
7232,Not-in-family
7232,Unmarried
30724,Husband
30724,Other-relative
30724,Own-child
30724,Wife
33287,Husband
33287,Not-in-family
33287,Other-relative
33287,Own-child
33287,Unmarried
33287,Wife
19916,Husband
19916,Not-in-family
19916,Other-relative
19916,Own-child
19916,Unmarried
19916,Wife
22744,Husband
22744,Not-in-family
22744,Other-relative
22744,Own-child
22744,Unmarried
22744,Wife
4211,Husband
4211,Not-in-family
4211,Other-relative
4211,Own-child
4211,Unmarried
4211,Wife
47641,Not-in-family
47641,Unmarried
14211,Husband
14211,Other-relative
14211,Own-child
14211,Wife
3726,Husband
3726,Other-relative
3726,Own-child
3726,Wife
21216,Husband
21216,Not-in-family
21216,Other-relative
21216,Own-child
21216,Unmarried
21216,Wife
13200,Husband
13200,Not-in-family
13200,Other-relative
13200,Own-child
13200,Unmarried
13200,Wife
47041,Husband
47041,Not-in-family
47041,Other-relative
47041,Own-child
47041,Unmarried
47041,Wife
6323,Husband
6323,Other-relative
6323,Own-child
6323,Wife
13190,Husband
13190,Other-relative
13190,Own-child
13190,Wife
45295,Not-in-family
45295,Unmarried
17465,Husband
17465,Not-in-family
17465,Other-relative
17465,Own-child
17465,Unmarried
17465,Wife
39548,Husband
39548,Other-relative
39548,Own-child
39548,Wife
36327,Husband
36327,Not-in-family
36327,Other-relative
36327,Own-child
36327,Unmarried
36327,Wife
39345,Not-in-family
39345,Unmarried
36928,Not-in-family
36928,Unmarried
415,Not-in-family
415,Unmarried
46620,Husband
46620,Not-in-family
46620,Other-relative
46620,Own-child
46620,Unmarried
46620,Wife
29604,Husband
29604,Not-in-family
29604,Other-relative
29604,Own-child
29604,Unmarried
29604,Wife
7614,Husband
7614,Not-in-family
7614,Other-relative
7614,Own-child
7614,Unmarried
7614,Wife
13420,Not-in-family
13420,Unmarried
32662,Not-in-family
32662,Unmarried
19221,Not-in-family
19221,Unmarried
11593,Husband
11593,Not-in-family
11593,Other-relative
11593,Own-child
11593,Unmarried
11593,Wife
9474,Husband
9474,Not-in-family
9474,Other-relative
9474,Own-child
9474,Unmarried
9474,Wife
18328,Husband
18328,Other-relative
18328,Own-child
18328,Wife
44431,Husband
44431,Other-relative
44431,Own-child
44431,Wife
31054,Husband
31054,Other-relative
31054,Own-child
31054,Wife
10669,Husband
10669,Not-in-family
10669,Other-relative
10669,Own-child
10669,Unmarried
10669,Wife
38440,Not-in-family
38440,Unmarried
42118,Husband
42118,Other-relative
42118,Own-child
42118,Wife
4366,Husband
4366,Not-in-family
4366,Other-relative
4366,Own-child
4366,Unmarried
4366,Wife
27789,Husband
27789,Other-relative
27789,Own-child
27789,Wife
37406,Not-in-family
37406,Unmarried
15119,Husband
15119,Not-in-family
15119,Other-relative
15119,Own-child
15119,Unmarried
15119,Wife
45383,Husband
45383,Other-relative
45383,Own-child
45383,Wife
45516,Husband
45516,Not-in-family
45516,Other-relative
45516,Own-child
45516,Unmarried
45516,Wife
45348,Husband
45348,Other-relative
45348,Own-child
45348,Wife
3116,Husband
3116,Not-in-family
3116,Other-relative
3116,Own-child
3116,Unmarried
3116,Wife
34354,Husband
34354,Not-in-family
34354,Other-relative
34354,Own-child
34354,Unmarried
34354,Wife
3289,Husband
3289,Other-relative
3289,Own-child
3289,Wife
25624,Husband
25624,Other-relative
25624,Own-child
25624,Wife
40277,Husband
40277,Not-in-family
40277,Other-relative
40277,Own-child
40277,Unmarried
40277,Wife
22869,Not-in-family
22869,Unmarried
40002,Husband
40002,Not-in-family
40002,Other-relative
40002,Own-child
40002,Unmarried
40002,Wife
25444,Husband
25444,Not-in-family
25444,Other-relative
25444,Own-child
25444,Unmarried
25444,Wife
26515,Husband
26515,Other-relative
26515,Own-child
26515,Wife
43422,Husband
43422,Not-in-family
43422,Other-relative
43422,Own-child
43422,Unmarried
43422,Wife
17063,Husband
17063,Not-in-family
17063,Other-relative
17063,Own-child
17063,Unmarried
17063,Wife
1651,Husband
1651,Not-in-family
1651,Other-relative
1651,Own-child
1651,Unmarried
1651,Wife
43624,Husband
43624,Not-in-family
43624,Other-relative
43624,Own-child
43624,Unmarried
43624,Wife
48145,Husband
48145,Not-in-family
48145,Other-relative
48145,Own-child
48145,Unmarried
48145,Wife
40554,Husband
40554,Not-in-family
40554,Other-relative
40554,Own-child
40554,Unmarried
40554,Wife
2257,Husband
2257,Other-relative
2257,Own-child
2257,Wife
16482,Husband
16482,Not-in-family
16482,Other-relative
16482,Own-child
16482,Unmarried
16482,Wife
46584,Husband
46584,Not-in-family
46584,Other-relative
46584,Own-child
46584,Unmarried
46584,Wife
15271,Husband
15271,Other-relative
15271,Own-child
15271,Wife
24906,Husband
24906,Not-in-family
24906,Other-relative
24906,Own-child
24906,Unmarried
24906,Wife
13721,Husband
13721,Not-in-family
13721,Other-relative
13721,Own-child
13721,Unmarried
13721,Wife
20806,Husband
20806,Other-relative
20806,Own-child
20806,Wife
16897,Husband
16897,Not-in-family
16897,Other-relative
16897,Own-child
16897,Unmarried
16897,Wife
20799,Husband
20799,Not-in-family
20799,Other-relative
20799,Own-child
20799,Unmarried
20799,Wife
34288,Husband
34288,Not-in-family
34288,Other-relative
34288,Own-child
34288,Unmarried
34288,Wife
4675,Husband
4675,Not-in-family
4675,Other-relative
4675,Own-child
4675,Unmarried
4675,Wife
22578,Husband
22578,Not-in-family
22578,Other-relative
22578,Own-child
22578,Unmarried
22578,Wife
27547,Husband
27547,Not-in-family
27547,Other-relative
27547,Own-child
27547,Unmarried
27547,Wife
12569,Not-in-family
12569,Unmarried
23031,Husband
23031,Not-in-family
23031,Other-relative
23031,Own-child
23031,Unmarried
23031,Wife
44439,Husband
44439,Other-relative
44439,Own-child
44439,Wife
33484,Husband
33484,Other-relative
33484,Own-child
33484,Wife
4698,Not-in-family
4698,Unmarried
2905,Not-in-family
2905,Unmarried
2384,Husband
2384,Other-relative
2384,Own-child
2384,Wife
22675,Not-in-family
22675,Unmarried
4748,Not-in-family
4748,Unmarried
25054,Husband
25054,Other-relative
25054,Own-child
25054,Wife
16688,Husband
16688,Not-in-family
16688,Other-relative
16688,Own-child
16688,Unmarried
16688,Wife
29083,Husband
29083,Not-in-family
29083,Other-relative
29083,Own-child
29083,Unmarried
29083,Wife
5084,Husband
5084,Not-in-family
5084,Other-relative
5084,Own-child
5084,Unmarried
5084,Wife
15074,Husband
15074,Not-in-family
15074,Other-relative
15074,Own-child
15074,Unmarried
15074,Wife
7249,Husband
7249,Not-in-family
7249,Other-relative
7249,Own-child
7249,Unmarried
7249,Wife
10022,Husband
10022,Not-in-family
10022,Other-relative
10022,Own-child
10022,Unmarried
10022,Wife
24260,Husband
24260,Not-in-family
24260,Other-relative
24260,Own-child
24260,Unmarried
24260,Wife
17343,Not-in-family
17343,Unmarried
26778,Not-in-family
26778,Unmarried
34682,Husband
34682,Not-in-family
34682,Other-relative
34682,Own-child
34682,Unmarried
34682,Wife
29479,Husband
29479,Other-relative
29479,Own-child
29479,Wife
30843,Husband
30843,Other-relative
30843,Own-child
30843,Wife
20395,Not-in-family
20395,Unmarried
43901,Husband
43901,Not-in-family
43901,Other-relative
43901,Own-child
43901,Unmarried
43901,Wife
42828,Not-in-family
42828,Unmarried
36440,Husband
36440,Other-relative
36440,Own-child
36440,Wife
13782,Husband
13782,Not-in-family
13782,Other-relative
13782,Own-child
13782,Unmarried
13782,Wife
9656,Not-in-family
9656,Unmarried
21478,Husband
21478,Not-in-family
21478,Other-relative
21478,Own-child
21478,Unmarried
21478,Wife
15419,Husband
15419,Not-in-family
15419,Other-relative
15419,Own-child
15419,Unmarried
15419,Wife
44389,Husband
44389,Other-relative
44389,Own-child
44389,Wife
43610,Husband
43610,Not-in-family
43610,Other-relative
43610,Own-child
43610,Unmarried
43610,Wife
22277,Husband
22277,Not-in-family
22277,Other-relative
22277,Own-child
22277,Unmarried
22277,Wife
5644,Husband
5644,Not-in-family
5644,Other-relative
5644,Own-child
5644,Unmarried
5644,Wife
46266,Husband
46266,Not-in-family
46266,Other-relative
46266,Own-child
46266,Unmarried
46266,Wife
8491,Husband
8491,Not-in-family
8491,Other-relative
8491,Own-child
8491,Unmarried
8491,Wife
46836,Husband
46836,Not-in-family
46836,Other-relative
46836,Own-child
46836,Unmarried
46836,Wife
44925,Husband
44925,Not-in-family
44925,Other-relative
44925,Own-child
44925,Unmarried
44925,Wife
572,Husband
572,Other-relative
572,Own-child
572,Wife
7790,Husband
7790,Not-in-family
7790,Other-relative
7790,Own-child
7790,Unmarried
7790,Wife
8488,Husband
8488,Other-relative
8488,Own-child
8488,Wife
15021,Not-in-family
15021,Unmarried
38956,Husband
38956,Other-relative
38956,Own-child
38956,Wife
28226,Husband
28226,Not-in-family
28226,Other-relative
28226,Own-child
28226,Unmarried
28226,Wife
4907,Husband
4907,Not-in-family
4907,Other-relative
4907,Own-child
4907,Unmarried
4907,Wife
28219,Not-in-family
28219,Unmarried
26291,Husband
26291,Other-relative
26291,Own-child
26291,Wife
25013,Husband
25013,Not-in-family
25013,Other-relative
25013,Own-child
25013,Unmarried
25013,Wife
14017,Husband
14017,Not-in-family
14017,Other-relative
14017,Own-child
14017,Unmarried
14017,Wife
44785,Husband
44785,Not-in-family
44785,Other-relative
44785,Own-child
44785,Unmarried
44785,Wife
34001,Husband
34001,Not-in-family
34001,Other-relative
34001,Own-child
34001,Unmarried
34001,Wife
2209,Not-in-family
2209,Unmarried
4695,Husband
4695,Other-relative
4695,Own-child
4695,Wife
2306,Husband
2306,Other-relative
2306,Own-child
2306,Wife
47596,Husband
47596,Other-relative
47596,Own-child
47596,Wife
11236,Husband
11236,Not-in-family
11236,Other-relative
11236,Own-child
11236,Unmarried
11236,Wife
38266,Husband
38266,Not-in-family
38266,Other-relative
38266,Own-child
38266,Unmarried
38266,Wife
23724,Husband
23724,Other-relative
23724,Own-child
23724,Wife
19589,Not-in-family
19589,Unmarried
13103,Husband
13103,Other-relative
13103,Own-child
13103,Wife
27716,Husband
27716,Other-relative
27716,Own-child
27716,Wife
11338,Husband
11338,Not-in-family
11338,Other-relative
11338,Own-child
11338,Unmarried
11338,Wife
26413,Husband
26413,Not-in-family
26413,Other-relative
26413,Own-child
26413,Unmarried
26413,Wife
28288,Husband
28288,Not-in-family
28288,Other-relative
28288,Own-child
28288,Unmarried
28288,Wife
33451,Husband
33451,Other-relative
33451,Own-child
33451,Wife
11295,Husband
11295,Not-in-family
11295,Other-relative
11295,Own-child
11295,Unmarried
11295,Wife
35734,Husband
35734,Other-relative
35734,Own-child
35734,Wife
48760,Husband
48760,Not-in-family
48760,Other-relative
48760,Own-child
48760,Unmarried
48760,Wife
45542,Husband
45542,Other-relative
45542,Own-child
45542,Wife
8664,Not-in-family
8664,Unmarried
24273,Husband
24273,Other-relative
24273,Own-child
24273,Wife
11563,Husband
11563,Not-in-family
11563,Other-relative
11563,Own-child
11563,Unmarried
11563,Wife
40980,Not-in-family
40980,Unmarried
33649,Not-in-family
33649,Unmarried
22826,Husband
22826,Not-in-family
22826,Other-relative
22826,Own-child
22826,Unmarried
22826,Wife
48255,Husband
48255,Other-relative
48255,Own-child
48255,Wife
39680,Husband
39680,Other-relative
39680,Own-child
39680,Wife
28182,Husband
28182,Not-in-family
28182,Other-relative
28182,Own-child
28182,Unmarried
28182,Wife
24070,Not-in-family
24070,Unmarried
4439,Not-in-family
4439,Unmarried
10942,Husband
10942,Not-in-family
10942,Other-relative
10942,Own-child
10942,Unmarried
10942,Wife
8030,Husband
8030,Not-in-family
8030,Other-relative
8030,Own-child
8030,Unmarried
8030,Wife
34215,Husband
34215,Other-relative
34215,Own-child
34215,Wife
38560,Husband
38560,Other-relative
38560,Own-child
38560,Wife
20111,Husband
20111,Not-in-family
20111,Other-relative
20111,Own-child
20111,Unmarried
20111,Wife
27574,Husband
27574,Not-in-family
27574,Other-relative
27574,Own-child
27574,Unmarried
27574,Wife
34946,Husband
34946,Not-in-family
34946,Other-relative
34946,Own-child
34946,Unmarried
34946,Wife
46956,Husband
46956,Other-relative
46956,Own-child
46956,Wife
33727,Not-in-family
33727,Unmarried
28852,Husband
28852,Other-relative
28852,Own-child
28852,Wife
34557,Husband
34557,Other-relative
34557,Own-child
34557,Wife
15097,Husband
15097,Not-in-family
15097,Other-relative
15097,Own-child
15097,Unmarried
15097,Wife
39648,Husband
39648,Not-in-family
39648,Other-relative
39648,Own-child
39648,Unmarried
39648,Wife
5241,Husband
5241,Not-in-family
5241,Other-relative
5241,Own-child
5241,Unmarried
5241,Wife
3912,Husband
3912,Other-relative
3912,Own-child
3912,Wife
35991,Not-in-family
35991,Unmarried
14774,Husband
14774,Other-relative
14774,Own-child
14774,Wife
13253,Not-in-family
13253,Unmarried
15293,Not-in-family
15293,Unmarried
3975,Not-in-family
3975,Unmarried
37153,Husband
37153,Other-relative
37153,Own-child
37153,Wife
29064,Husband
29064,Not-in-family
29064,Other-relative
29064,Own-child
29064,Unmarried
29064,Wife
27253,Husband
27253,Not-in-family
27253,Other-relative
27253,Own-child
27253,Unmarried
27253,Wife
44741,Husband
44741,Not-in-family
44741,Other-relative
44741,Own-child
44741,Unmarried
44741,Wife
47194,Husband
47194,Other-relative
47194,Own-child
47194,Wife
9238,Husband
9238,Not-in-family
9238,Other-relative
9238,Own-child
9238,Unmarried
9238,Wife
11248,Husband
11248,Not-in-family
11248,Other-relative
11248,Own-child
11248,Unmarried
11248,Wife
18935,Husband
18935,Other-relative
18935,Own-child
18935,Wife
10034,Not-in-family
10034,Unmarried
31863,Husband
31863,Other-relative
31863,Own-child
31863,Wife
16190,Not-in-family
16190,Unmarried
34650,Husband
34650,Other-relative
34650,Own-child
34650,Wife
13087,Not-in-family
13087,Unmarried
4479,Not-in-family
4479,Unmarried
26996,Husband
26996,Not-in-family
26996,Other-relative
26996,Own-child
26996,Unmarried
26996,Wife
18646,Husband
18646,Not-in-family
18646,Other-relative
18646,Own-child
18646,Unmarried
18646,Wife
45176,Husband
45176,Not-in-family
45176,Other-relative
45176,Own-child
45176,Unmarried
45176,Wife
26624,Husband
26624,Not-in-family
26624,Other-relative
26624,Own-child
26624,Unmarried
26624,Wife
16265,Not-in-family
16265,Unmarried
13681,Husband
13681,Not-in-family
13681,Other-relative
13681,Own-child
13681,Unmarried
13681,Wife
10420,Husband
10420,Other-relative
10420,Own-child
10420,Wife
22358,Husband
22358,Not-in-family
22358,Other-relative
22358,Own-child
22358,Unmarried
22358,Wife
24138,Husband
24138,Not-in-family
24138,Other-relative
24138,Own-child
24138,Unmarried
24138,Wife
20303,Husband
20303,Not-in-family
20303,Other-relative
20303,Own-child
20303,Unmarried
20303,Wife
13044,Husband
13044,Not-in-family
13044,Other-relative
13044,Own-child
13044,Unmarried
13044,Wife
30519,Husband
30519,Other-relative
30519,Own-child
30519,Wife
20833,Husband
20833,Not-in-family
20833,Other-relative
20833,Own-child
20833,Unmarried
20833,Wife
7055,Husband
7055,Not-in-family
7055,Other-relative
7055,Own-child
7055,Unmarried
7055,Wife
28017,Husband
28017,Not-in-family
28017,Other-relative
28017,Own-child
28017,Unmarried
28017,Wife
37097,Not-in-family
37097,Unmarried
27510,Not-in-family
27510,Unmarried
30892,Husband
30892,Other-relative
30892,Own-child
30892,Wife
41897,Husband
41897,Other-relative
41897,Own-child
41897,Wife
7403,Husband
7403,Not-in-family
7403,Other-relative
7403,Own-child
7403,Unmarried
7403,Wife
30665,Husband
30665,Not-in-family
30665,Other-relative
30665,Own-child
30665,Unmarried
30665,Wife
37248,Husband
37248,Not-in-family
37248,Other-relative
37248,Own-child
37248,Unmarried
37248,Wife
12306,Husband
12306,Not-in-family
12306,Other-relative
12306,Own-child
12306,Unmarried
12306,Wife
27448,Husband
27448,Not-in-family
27448,Other-relative
27448,Own-child
27448,Unmarried
27448,Wife
39143,Husband
39143,Not-in-family
39143,Other-relative
39143,Own-child
39143,Unmarried
39143,Wife
13732,Husband
13732,Other-relative
13732,Own-child
13732,Wife
46479,Husband
46479,Not-in-family
46479,Other-relative
46479,Own-child
46479,Unmarried
46479,Wife
13888,Husband
13888,Not-in-family
13888,Other-relative
13888,Own-child
13888,Unmarried
13888,Wife
15716,Not-in-family
15716,Unmarried
11153,Husband
11153,Not-in-family
11153,Other-relative
11153,Own-child
11153,Unmarried
11153,Wife
46569,Not-in-family
46569,Unmarried
31348,Husband
31348,Not-in-family
31348,Other-relative
31348,Own-child
31348,Unmarried
31348,Wife
37820,Husband
37820,Other-relative
37820,Own-child
37820,Wife
29176,Husband
29176,Other-relative
29176,Own-child
29176,Wife
26552,Husband
26552,Not-in-family
26552,Other-relative
26552,Own-child
26552,Unmarried
26552,Wife
13883,Husband
13883,Not-in-family
13883,Other-relative
13883,Own-child
13883,Unmarried
13883,Wife
33452,Husband
33452,Not-in-family
33452,Other-relative
33452,Own-child
33452,Unmarried
33452,Wife
5217,Not-in-family
5217,Unmarried
2704,Husband
2704,Not-in-family
2704,Other-relative
2704,Own-child
2704,Unmarried
2704,Wife
28448,Husband
28448,Other-relative
28448,Own-child
28448,Wife
40776,Husband
40776,Not-in-family
40776,Other-relative
40776,Own-child
40776,Unmarried
40776,Wife
42185,Husband
42185,Not-in-family
42185,Other-relative
42185,Own-child
42185,Unmarried
42185,Wife
27169,Husband
27169,Not-in-family
27169,Other-relative
27169,Own-child
27169,Unmarried
27169,Wife
19969,Husband
19969,Other-relative
19969,Own-child
19969,Wife
48737,Not-in-family
48737,Unmarried
7466,Not-in-family
7466,Unmarried
33747,Husband
33747,Not-in-family
33747,Other-relative
33747,Own-child
33747,Unmarried
33747,Wife
40073,Husband
40073,Other-relative
40073,Own-child
40073,Wife
29419,Not-in-family
29419,Unmarried
15482,Not-in-family
15482,Unmarried
7752,Not-in-family
7752,Unmarried
42522,Husband
42522,Not-in-family
42522,Other-relative
42522,Own-child
42522,Unmarried
42522,Wife
48802,Husband
48802,Not-in-family
48802,Other-relative
48802,Own-child
48802,Unmarried
48802,Wife
34820,Husband
34820,Not-in-family
34820,Other-relative
34820,Own-child
34820,Unmarried
34820,Wife
15343,Husband
15343,Not-in-family
15343,Other-relative
15343,Own-child
15343,Unmarried
15343,Wife
4768,Husband
4768,Not-in-family
4768,Other-relative
4768,Own-child
4768,Unmarried
4768,Wife
46349,Not-in-family
46349,Unmarried
42482,Husband
42482,Other-relative
42482,Own-child
42482,Wife
45376,Husband
45376,Not-in-family
45376,Other-relative
45376,Own-child
45376,Unmarried
45376,Wife
31783,Husband
31783,Other-relative
31783,Own-child
31783,Wife
787,Husband
787,Other-relative
787,Own-child
787,Wife
18480,Not-in-family
18480,Unmarried
7702,Husband
7702,Not-in-family
7702,Other-relative
7702,Own-child
7702,Unmarried
7702,Wife
24901,Husband
24901,Other-relative
24901,Own-child
24901,Wife
32391,Not-in-family
32391,Unmarried
12385,Husband
12385,Not-in-family
12385,Other-relative
12385,Own-child
12385,Unmarried
12385,Wife
917,Husband
917,Other-relative
917,Own-child
917,Wife
7656,Husband
7656,Not-in-family
7656,Other-relative
7656,Own-child
7656,Unmarried
7656,Wife
10164,Husband
10164,Not-in-family
10164,Other-relative
10164,Own-child
10164,Unmarried
10164,Wife
16728,Husband
16728,Not-in-family
16728,Other-relative
16728,Own-child
16728,Unmarried
16728,Wife
27116,Husband
27116,Not-in-family
27116,Other-relative
27116,Own-child
27116,Unmarried
27116,Wife
5421,Husband
5421,Other-relative
5421,Own-child
5421,Wife
6009,Husband
6009,Not-in-family
6009,Other-relative
6009,Own-child
6009,Unmarried
6009,Wife
22260,Not-in-family
22260,Unmarried
25130,Husband
25130,Other-relative
25130,Own-child
25130,Wife
16567,Husband
16567,Other-relative
16567,Own-child
16567,Wife
11797,Husband
11797,Not-in-family
11797,Other-relative
11797,Own-child
11797,Unmarried
11797,Wife
35811,Husband
35811,Not-in-family
35811,Other-relative
35811,Own-child
35811,Unmarried
35811,Wife
42741,Not-in-family
42741,Unmarried
41229,Husband
41229,Not-in-family
41229,Other-relative
41229,Own-child
41229,Unmarried
41229,Wife
38988,Husband
38988,Other-relative
38988,Own-child
38988,Wife
12531,Not-in-family
12531,Unmarried
45583,Not-in-family
45583,Unmarried
24407,Husband
24407,Not-in-family
24407,Other-relative
24407,Own-child
24407,Unmarried
24407,Wife
15165,Husband
15165,Other-relative
15165,Own-child
15165,Wife
43339,Husband
43339,Not-in-family
43339,Other-relative
43339,Own-child
43339,Unmarried
43339,Wife
20802,Husband
20802,Not-in-family
20802,Other-relative
20802,Own-child
20802,Unmarried
20802,Wife
9186,Husband
9186,Other-relative
9186,Own-child
9186,Wife
16912,Husband
16912,Other-relative
16912,Own-child
16912,Wife
21621,Husband
21621,Other-relative
21621,Own-child
21621,Wife
39066,Husband
39066,Not-in-family
39066,Other-relative
39066,Own-child
39066,Unmarried
39066,Wife
40403,Not-in-family
40403,Unmarried
44374,Husband
44374,Not-in-family
44374,Other-relative
44374,Own-child
44374,Unmarried
44374,Wife
42913,Husband
42913,Not-in-family
42913,Other-relative
42913,Own-child
42913,Unmarried
42913,Wife
24847,Husband
24847,Other-relative
24847,Own-child
24847,Wife
16645,Husband
16645,Not-in-family
16645,Other-relative
16645,Own-child
16645,Unmarried
16645,Wife
21697,Husband
21697,Other-relative
21697,Own-child
21697,Wife
1462,Not-in-family
1462,Unmarried
1820,Husband
1820,Other-relative
1820,Own-child
1820,Wife
5549,Husband
5549,Not-in-family
5549,Other-relative
5549,Own-child
5549,Unmarried
5549,Wife
6174,Husband
6174,Not-in-family
6174,Other-relative
6174,Own-child
6174,Unmarried
6174,Wife
7612,Husband
7612,Other-relative
7612,Own-child
7612,Wife
16431,Not-in-family
16431,Unmarried
46480,Husband
46480,Not-in-family
46480,Other-relative
46480,Own-child
46480,Unmarried
46480,Wife
38672,Not-in-family
38672,Unmarried
22175,Husband
22175,Other-relative
22175,Own-child
22175,Wife
18789,Husband
18789,Not-in-family
18789,Other-relative
18789,Own-child
18789,Unmarried
18789,Wife
26418,Husband
26418,Not-in-family
26418,Other-relative
26418,Own-child
26418,Unmarried
26418,Wife
39255,Husband
39255,Not-in-family
39255,Other-relative
39255,Own-child
39255,Unmarried
39255,Wife
22464,Not-in-family
22464,Unmarried
35044,Husband
35044,Not-in-family
35044,Other-relative
35044,Own-child
35044,Unmarried
35044,Wife
34961,Husband
34961,Other-relative
34961,Own-child
34961,Wife
15626,Not-in-family
15626,Unmarried
17028,Husband
17028,Not-in-family
17028,Other-relative
17028,Own-child
17028,Unmarried
17028,Wife
25213,Husband
25213,Not-in-family
25213,Other-relative
25213,Own-child
25213,Unmarried
25213,Wife
27725,Husband
27725,Other-relative
27725,Own-child
27725,Wife
5811,Husband
5811,Not-in-family
5811,Other-relative
5811,Own-child
5811,Unmarried
5811,Wife
37798,Husband
37798,Not-in-family
37798,Other-relative
37798,Own-child
37798,Unmarried
37798,Wife
33912,Husband
33912,Not-in-family
33912,Other-relative
33912,Own-child
33912,Unmarried
33912,Wife
350,Husband
350,Other-relative
350,Own-child
350,Wife
20044,Husband
20044,Other-relative
20044,Own-child
20044,Wife
43073,Husband
43073,Other-relative
43073,Own-child
43073,Wife
21458,Not-in-family
21458,Unmarried
45031,Husband
45031,Not-in-family
45031,Other-relative
45031,Own-child
45031,Unmarried
45031,Wife
11926,Husband
11926,Not-in-family
11926,Other-relative
11926,Own-child
11926,Unmarried
11926,Wife
5618,Husband
5618,Not-in-family
5618,Other-relative
5618,Own-child
5618,Unmarried
5618,Wife
46855,Not-in-family
46855,Unmarried
29247,Husband
29247,Other-relative
29247,Own-child
29247,Wife
29148,Not-in-family
29148,Unmarried
4956,Husband
4956,Not-in-family
4956,Other-relative
4956,Own-child
4956,Unmarried
4956,Wife
4506,Husband
4506,Other-relative
4506,Own-child
4506,Wife
48156,Not-in-family
48156,Unmarried
42649,Husband
42649,Not-in-family
42649,Other-relative
42649,Own-child
42649,Unmarried
42649,Wife
34452,Not-in-family
34452,Unmarried
36121,Not-in-family
36121,Unmarried
45620,Husband
45620,Not-in-family
45620,Other-relative
45620,Own-child
45620,Unmarried
45620,Wife
29778,Husband
29778,Not-in-family
29778,Other-relative
29778,Own-child
29778,Unmarried
29778,Wife
2605,Husband
2605,Not-in-family
2605,Other-relative
2605,Own-child
2605,Unmarried
2605,Wife
21796,Husband
21796,Not-in-family
21796,Other-relative
21796,Own-child
21796,Unmarried
21796,Wife
48008,Not-in-family
48008,Unmarried
40997,Husband
40997,Not-in-family
40997,Other-relative
40997,Own-child
40997,Unmarried
40997,Wife
21770,Not-in-family
21770,Unmarried
27896,Husband
27896,Other-relative
27896,Own-child
27896,Wife
27134,Not-in-family
27134,Unmarried
10915,Husband
10915,Other-relative
10915,Own-child
10915,Wife
11473,Not-in-family
11473,Unmarried
25907,Husband
25907,Not-in-family
25907,Other-relative
25907,Own-child
25907,Unmarried
25907,Wife
37816,Husband
37816,Other-relative
37816,Own-child
37816,Wife
9764,Husband
9764,Other-relative
9764,Own-child
9764,Wife
25005,Husband
25005,Other-relative
25005,Own-child
25005,Wife
42934,Husband
42934,Other-relative
42934,Own-child
42934,Wife
31239,Not-in-family
31239,Unmarried
24381,Husband
24381,Not-in-family
24381,Other-relative
24381,Own-child
24381,Unmarried
24381,Wife
3683,Not-in-family
3683,Unmarried
22538,Husband
22538,Not-in-family
22538,Other-relative
22538,Own-child
22538,Unmarried
22538,Wife
15970,Husband
15970,Not-in-family
15970,Other-relative
15970,Own-child
15970,Unmarried
15970,Wife
15149,Husband
15149,Other-relative
15149,Own-child
15149,Wife
38597,Husband
38597,Not-in-family
38597,Other-relative
38597,Own-child
38597,Unmarried
38597,Wife
23376,Husband
23376,Not-in-family
23376,Other-relative
23376,Own-child
23376,Unmarried
23376,Wife
31029,Not-in-family
31029,Unmarried
36212,Husband
36212,Not-in-family
36212,Other-relative
36212,Own-child
36212,Unmarried
36212,Wife
8136,Husband
8136,Other-relative
8136,Own-child
8136,Wife
13921,Husband
13921,Other-relative
13921,Own-child
13921,Wife
8204,Husband
8204,Not-in-family
8204,Other-relative
8204,Own-child
8204,Unmarried
8204,Wife
15776,Husband
15776,Not-in-family
15776,Other-relative
15776,Own-child
15776,Unmarried
15776,Wife
28724,Husband
28724,Other-relative
28724,Own-child
28724,Wife
42053,Not-in-family
42053,Unmarried
21222,Not-in-family
21222,Unmarried
6910,Husband
6910,Other-relative
6910,Own-child
6910,Wife
20290,Husband
20290,Not-in-family
20290,Other-relative
20290,Own-child
20290,Unmarried
20290,Wife
2859,Husband
2859,Not-in-family
2859,Other-relative
2859,Own-child
2859,Unmarried
2859,Wife
43892,Husband
43892,Not-in-family
43892,Other-relative
43892,Own-child
43892,Unmarried
43892,Wife
26898,Husband
26898,Not-in-family
26898,Other-relative
26898,Own-child
26898,Unmarried
26898,Wife
32905,Husband
32905,Other-relative
32905,Own-child
32905,Wife
1205,Husband
1205,Not-in-family
1205,Other-relative
1205,Own-child
1205,Unmarried
1205,Wife
34851,Not-in-family
34851,Unmarried
4484,Husband
4484,Not-in-family
4484,Other-relative
4484,Own-child
4484,Unmarried
4484,Wife
47499,Husband
47499,Other-relative
47499,Own-child
47499,Wife
2379,Not-in-family
2379,Unmarried
35322,Not-in-family
35322,Unmarried
42162,Husband
42162,Other-relative
42162,Own-child
42162,Wife
36384,Not-in-family
36384,Unmarried
25881,Husband
25881,Not-in-family
25881,Other-relative
25881,Own-child
25881,Unmarried
25881,Wife
7083,Husband
7083,Other-relative
7083,Own-child
7083,Wife
2688,Husband
2688,Other-relative
2688,Own-child
2688,Wife
46787,Husband
46787,Other-relative
46787,Own-child
46787,Wife
25239,Husband
25239,Other-relative
25239,Own-child
25239,Wife
20020,Husband
20020,Not-in-family
20020,Other-relative
20020,Own-child
20020,Unmarried
20020,Wife
32214,Husband
32214,Not-in-family
32214,Other-relative
32214,Own-child
32214,Unmarried
32214,Wife
43955,Husband
43955,Other-relative
43955,Own-child
43955,Wife
11133,Husband
11133,Other-relative
11133,Own-child
11133,Wife
254,Husband
254,Not-in-family
254,Other-relative
254,Own-child
254,Unmarried
254,Wife
37247,Husband
37247,Other-relative
37247,Own-child
37247,Wife
7547,Husband
7547,Other-relative
7547,Own-child
7547,Wife
19677,Husband
19677,Not-in-family
19677,Other-relative
19677,Own-child
19677,Unmarried
19677,Wife
16592,Not-in-family
16592,Unmarried
3918,Husband
3918,Not-in-family
3918,Other-relative
3918,Own-child
3918,Unmarried
3918,Wife
27028,Husband
27028,Not-in-family
27028,Other-relative
27028,Own-child
27028,Unmarried
27028,Wife
959,Husband
959,Not-in-family
959,Other-relative
959,Own-child
959,Unmarried
959,Wife
37023,Husband
37023,Other-relative
37023,Own-child
37023,Wife
12482,Not-in-family
12482,Unmarried
4593,Husband
4593,Not-in-family
4593,Other-relative
4593,Own-child
4593,Unmarried
4593,Wife
9761,Husband
9761,Not-in-family
9761,Other-relative
9761,Own-child
9761,Unmarried
9761,Wife
40316,Husband
40316,Not-in-family
40316,Other-relative
40316,Own-child
40316,Unmarried
40316,Wife
28053,Husband
28053,Not-in-family
28053,Other-relative
28053,Own-child
28053,Unmarried
28053,Wife
26872,Husband
26872,Not-in-family
26872,Other-relative
26872,Own-child
26872,Unmarried
26872,Wife
5859,Husband
5859,Other-relative
5859,Own-child
5859,Wife
17841,Husband
17841,Other-relative
17841,Own-child
17841,Wife
17166,Husband
17166,Not-in-family
17166,Other-relative
17166,Own-child
17166,Unmarried
17166,Wife
24489,Husband
24489,Not-in-family
24489,Other-relative
24489,Own-child
24489,Unmarried
24489,Wife
2394,Husband
2394,Not-in-family
2394,Other-relative
2394,Own-child
2394,Unmarried
2394,Wife
11722,Husband
11722,Not-in-family
11722,Other-relative
11722,Own-child
11722,Unmarried
11722,Wife
41236,Husband
41236,Not-in-family
41236,Other-relative
41236,Own-child
41236,Unmarried
41236,Wife
45238,Not-in-family
45238,Unmarried
13080,Husband
13080,Other-relative
13080,Own-child
13080,Wife
43431,Husband
43431,Not-in-family
43431,Other-relative
43431,Own-child
43431,Unmarried
43431,Wife
19050,Husband
19050,Not-in-family
19050,Other-relative
19050,Own-child
19050,Unmarried
19050,Wife
27449,Husband
27449,Other-relative
27449,Own-child
27449,Wife
31289,Husband
31289,Not-in-family
31289,Other-relative
31289,Own-child
31289,Unmarried
31289,Wife
21460,Husband
21460,Other-relative
21460,Own-child
21460,Wife
27843,Husband
27843,Not-in-family
27843,Other-relative
27843,Own-child
27843,Unmarried
27843,Wife
12507,Husband
12507,Not-in-family
12507,Other-relative
12507,Own-child
12507,Unmarried
12507,Wife
39116,Husband
39116,Other-relative
39116,Own-child
39116,Wife
495,Husband
495,Not-in-family
495,Other-relative
495,Own-child
495,Unmarried
495,Wife
3029,Husband
3029,Not-in-family
3029,Other-relative
3029,Own-child
3029,Unmarried
3029,Wife
27332,Husband
27332,Not-in-family
27332,Other-relative
27332,Own-child
27332,Unmarried
27332,Wife
38664,Husband
38664,Other-relative
38664,Own-child
38664,Wife
41471,Husband
41471,Not-in-family
41471,Other-relative
41471,Own-child
41471,Unmarried
41471,Wife
7241,Husband
7241,Other-relative
7241,Own-child
7241,Wife
15840,Husband
15840,Other-relative
15840,Own-child
15840,Wife
28890,Husband
28890,Other-relative
28890,Own-child
28890,Wife
25029,Husband
25029,Not-in-family
25029,Other-relative
25029,Own-child
25029,Unmarried
25029,Wife
43440,Husband
43440,Other-relative
43440,Own-child
43440,Wife
16979,Husband
16979,Not-in-family
16979,Other-relative
16979,Own-child
16979,Unmarried
16979,Wife
14518,Not-in-family
14518,Unmarried
26198,Husband
26198,Not-in-family
26198,Other-relative
26198,Own-child
26198,Unmarried
26198,Wife
2743,Husband
2743,Other-relative
2743,Own-child
2743,Wife
45294,Husband
45294,Not-in-family
45294,Other-relative
45294,Own-child
45294,Unmarried
45294,Wife
22791,Husband
22791,Other-relative
22791,Own-child
22791,Wife
40996,Husband
40996,Not-in-family
40996,Other-relative
40996,Own-child
40996,Unmarried
40996,Wife
30063,Husband
30063,Not-in-family
30063,Other-relative
30063,Own-child
30063,Unmarried
30063,Wife
47344,Husband
47344,Not-in-family
47344,Other-relative
47344,Own-child
47344,Unmarried
47344,Wife
45537,Not-in-family
45537,Unmarried
47838,Husband
47838,Not-in-family
47838,Other-relative
47838,Own-child
47838,Unmarried
47838,Wife
36753,Husband
36753,Not-in-family
36753,Other-relative
36753,Own-child
36753,Unmarried
36753,Wife
8275,Not-in-family
8275,Unmarried
9588,Not-in-family
9588,Unmarried
10309,Husband
10309,Other-relative
10309,Own-child
10309,Wife
37898,Husband
37898,Not-in-family
37898,Other-relative
37898,Own-child
37898,Unmarried
37898,Wife
14058,Not-in-family
14058,Unmarried
9171,Husband
9171,Other-relative
9171,Own-child
9171,Wife
32702,Husband
32702,Other-relative
32702,Own-child
32702,Wife
4682,Husband
4682,Other-relative
4682,Own-child
4682,Wife
14069,Husband
14069,Not-in-family
14069,Other-relative
14069,Own-child
14069,Unmarried
14069,Wife
42317,Not-in-family
42317,Unmarried
47571,Husband
47571,Other-relative
47571,Own-child
47571,Wife
7813,Husband
7813,Not-in-family
7813,Other-relative
7813,Own-child
7813,Unmarried
7813,Wife
40593,Husband
40593,Other-relative
40593,Own-child
40593,Wife
12484,Husband
12484,Not-in-family
12484,Other-relative
12484,Own-child
12484,Unmarried
12484,Wife
46858,Husband
46858,Other-relative
46858,Own-child
46858,Wife
20338,Husband
20338,Not-in-family
20338,Other-relative
20338,Own-child
20338,Unmarried
20338,Wife
22860,Husband
22860,Not-in-family
22860,Other-relative
22860,Own-child
22860,Unmarried
22860,Wife
7041,Husband
7041,Not-in-family
7041,Other-relative
7041,Own-child
7041,Unmarried
7041,Wife
5169,Husband
5169,Other-relative
5169,Own-child
5169,Wife
8891,Husband
8891,Not-in-family
8891,Other-relative
8891,Own-child
8891,Unmarried
8891,Wife
21366,Not-in-family
21366,Unmarried
45640,Husband
45640,Not-in-family
45640,Other-relative
45640,Own-child
45640,Unmarried
45640,Wife
41641,Husband
41641,Not-in-family
41641,Other-relative
41641,Own-child
41641,Unmarried
41641,Wife
11903,Husband
11903,Not-in-family
11903,Other-relative
11903,Own-child
11903,Unmarried
11903,Wife
27000,Husband
27000,Not-in-family
27000,Other-relative
27000,Own-child
27000,Unmarried
27000,Wife
42001,Husband
42001,Other-relative
42001,Own-child
42001,Wife
24945,Husband
24945,Not-in-family
24945,Other-relative
24945,Own-child
24945,Unmarried
24945,Wife
41618,Husband
41618,Other-relative
41618,Own-child
41618,Wife
3713,Husband
3713,Other-relative
3713,Own-child
3713,Wife
33571,Husband
33571,Not-in-family
33571,Other-relative
33571,Own-child
33571,Unmarried
33571,Wife
47692,Not-in-family
47692,Unmarried
3063,Husband
3063,Not-in-family
3063,Other-relative
3063,Own-child
3063,Unmarried
3063,Wife
7617,Husband
7617,Not-in-family
7617,Other-relative
7617,Own-child
7617,Unmarried
7617,Wife
39891,Not-in-family
39891,Unmarried
4305,Husband
4305,Not-in-family
4305,Other-relative
4305,Own-child
4305,Unmarried
4305,Wife
33600,Husband
33600,Not-in-family
33600,Other-relative
33600,Own-child
33600,Unmarried
33600,Wife
6299,Husband
6299,Not-in-family
6299,Other-relative
6299,Own-child
6299,Unmarried
6299,Wife
33949,Husband
33949,Not-in-family
33949,Other-relative
33949,Own-child
33949,Unmarried
33949,Wife
25643,Not-in-family
25643,Unmarried
11740,Husband
11740,Not-in-family
11740,Other-relative
11740,Own-child
11740,Unmarried
11740,Wife
9347,Husband
9347,Other-relative
9347,Own-child
9347,Wife
15105,Husband
15105,Other-relative
15105,Own-child
15105,Wife
32467,Husband
32467,Other-relative
32467,Own-child
32467,Wife
46046,Husband
46046,Not-in-family
46046,Other-relative
46046,Own-child
46046,Unmarried
46046,Wife
15479,Husband
15479,Not-in-family
15479,Other-relative
15479,Own-child
15479,Unmarried
15479,Wife
28021,Husband
28021,Other-relative
28021,Own-child
28021,Wife
42786,Husband
42786,Other-relative
42786,Own-child
42786,Wife
26383,Not-in-family
26383,Unmarried
42962,Husband
42962,Other-relative
42962,Own-child
42962,Wife
32484,Not-in-family
32484,Unmarried
31699,Husband
31699,Not-in-family
31699,Other-relative
31699,Own-child
31699,Unmarried
31699,Wife
35768,Husband
35768,Not-in-family
35768,Other-relative
35768,Own-child
35768,Unmarried
35768,Wife
2619,Husband
2619,Not-in-family
2619,Other-relative
2619,Own-child
2619,Unmarried
2619,Wife
47805,Husband
47805,Not-in-family
47805,Other-relative
47805,Own-child
47805,Unmarried
47805,Wife
15834,Husband
15834,Not-in-family
15834,Other-relative
15834,Own-child
15834,Unmarried
15834,Wife
4527,Not-in-family
4527,Unmarried
6800,Husband
6800,Not-in-family
6800,Other-relative
6800,Own-child
6800,Unmarried
6800,Wife
4667,Husband
4667,Not-in-family
4667,Other-relative
4667,Own-child
4667,Unmarried
4667,Wife
32056,Husband
32056,Not-in-family
32056,Other-relative
32056,Own-child
32056,Unmarried
32056,Wife
20814,Husband
20814,Not-in-family
20814,Other-relative
20814,Own-child
20814,Unmarried
20814,Wife
31528,Husband
31528,Other-relative
31528,Own-child
31528,Wife
14187,Husband
14187,Not-in-family
14187,Other-relative
14187,Own-child
14187,Unmarried
14187,Wife
37546,Husband
37546,Not-in-family
37546,Other-relative
37546,Own-child
37546,Unmarried
37546,Wife
35285,Husband
35285,Other-relative
35285,Own-child
35285,Wife
11502,Husband
11502,Not-in-family
11502,Other-relative
11502,Own-child
11502,Unmarried
11502,Wife
43666,Husband
43666,Not-in-family
43666,Other-relative
43666,Own-child
43666,Unmarried
43666,Wife
14608,Husband
14608,Not-in-family
14608,Other-relative
14608,Own-child
14608,Unmarried
14608,Wife
10953,Husband
10953,Not-in-family
10953,Other-relative
10953,Own-child
10953,Unmarried
10953,Wife
8786,Husband
8786,Not-in-family
8786,Other-relative
8786,Own-child
8786,Unmarried
8786,Wife
22854,Husband
22854,Not-in-family
22854,Other-relative
22854,Own-child
22854,Unmarried
22854,Wife
37121,Husband
37121,Not-in-family
37121,Other-relative
37121,Own-child
37121,Unmarried
37121,Wife
23850,Not-in-family
23850,Unmarried
6882,Husband
6882,Not-in-family
6882,Other-relative
6882,Own-child
6882,Unmarried
6882,Wife
39031,Husband
39031,Not-in-family
39031,Other-relative
39031,Own-child
39031,Unmarried
39031,Wife
37773,Not-in-family
37773,Unmarried
41213,Not-in-family
41213,Unmarried
44754,Husband
44754,Other-relative
44754,Own-child
44754,Wife
48622,Husband
48622,Other-relative
48622,Own-child
48622,Wife
8850,Husband
8850,Not-in-family
8850,Other-relative
8850,Own-child
8850,Unmarried
8850,Wife
25106,Husband
25106,Other-relative
25106,Own-child
25106,Wife
15848,Not-in-family
15848,Unmarried
36301,Not-in-family
36301,Unmarried
14128,Husband
14128,Other-relative
14128,Own-child
14128,Wife
1954,Husband
1954,Other-relative
1954,Own-child
1954,Wife
13970,Husband
13970,Not-in-family
13970,Other-relative
13970,Own-child
13970,Unmarried
13970,Wife
1270,Not-in-family
1270,Unmarried
9963,Husband
9963,Not-in-family
9963,Other-relative
9963,Own-child
9963,Unmarried
9963,Wife
31992,Husband
31992,Other-relative
31992,Own-child
31992,Wife
40004,Husband
40004,Not-in-family
40004,Other-relative
40004,Own-child
40004,Unmarried
40004,Wife
36959,Not-in-family
36959,Unmarried
39274,Husband
39274,Not-in-family
39274,Other-relative
39274,Own-child
39274,Unmarried
39274,Wife
4442,Husband
4442,Not-in-family
4442,Other-relative
4442,Own-child
4442,Unmarried
4442,Wife
43192,Husband
43192,Not-in-family
43192,Other-relative
43192,Own-child
43192,Unmarried
43192,Wife
2531,Not-in-family
2531,Unmarried
410,Not-in-family
410,Unmarried
10300,Husband
10300,Not-in-family
10300,Other-relative
10300,Own-child
10300,Unmarried
10300,Wife
26935,Husband
26935,Not-in-family
26935,Other-relative
26935,Own-child
26935,Unmarried
26935,Wife
17854,Husband
17854,Other-relative
17854,Own-child
17854,Wife
28201,Husband
28201,Other-relative
28201,Own-child
28201,Wife
16698,Husband
16698,Other-relative
16698,Own-child
16698,Wife
43094,Not-in-family
43094,Unmarried
26424,Not-in-family
26424,Unmarried
25147,Husband
25147,Other-relative
25147,Own-child
25147,Wife
16899,Husband
16899,Other-relative
16899,Own-child
16899,Wife
2734,Husband
2734,Not-in-family
2734,Other-relative
2734,Own-child
2734,Unmarried
2734,Wife
38937,Husband
38937,Other-relative
38937,Own-child
38937,Wife
458,Husband
458,Not-in-family
458,Other-relative
458,Own-child
458,Unmarried
458,Wife
16926,Not-in-family
16926,Unmarried
4348,Husband
4348,Not-in-family
4348,Other-relative
4348,Own-child
4348,Unmarried
4348,Wife
34640,Not-in-family
34640,Unmarried
11035,Husband
11035,Not-in-family
11035,Other-relative
11035,Own-child
11035,Unmarried
11035,Wife
32345,Husband
32345,Not-in-family
32345,Other-relative
32345,Own-child
32345,Unmarried
32345,Wife
32237,Not-in-family
32237,Unmarried
24301,Not-in-family
24301,Unmarried
29068,Not-in-family
29068,Unmarried
4797,Husband
4797,Not-in-family
4797,Other-relative
4797,Own-child
4797,Unmarried
4797,Wife
19042,Husband
19042,Not-in-family
19042,Other-relative
19042,Own-child
19042,Unmarried
19042,Wife
15559,Husband
15559,Other-relative
15559,Own-child
15559,Wife
2923,Husband
2923,Not-in-family
2923,Other-relative
2923,Own-child
2923,Unmarried
2923,Wife
38332,Husband
38332,Not-in-family
38332,Other-relative
38332,Own-child
38332,Unmarried
38332,Wife
41402,Husband
41402,Not-in-family
41402,Other-relative
41402,Own-child
41402,Unmarried
41402,Wife
39242,Husband
39242,Other-relative
39242,Own-child
39242,Wife
15378,Not-in-family
15378,Unmarried
45034,Husband
45034,Other-relative
45034,Own-child
45034,Wife
28843,Husband
28843,Not-in-family
28843,Other-relative
28843,Own-child
28843,Unmarried
28843,Wife
9592,Husband
9592,Not-in-family
9592,Other-relative
9592,Own-child
9592,Unmarried
9592,Wife
3623,Husband
3623,Other-relative
3623,Own-child
3623,Wife
12537,Husband
12537,Not-in-family
12537,Other-relative
12537,Own-child
12537,Unmarried
12537,Wife
15185,Not-in-family
15185,Unmarried
43556,Husband
43556,Not-in-family
43556,Other-relative
43556,Own-child
43556,Unmarried
43556,Wife
48539,Husband
48539,Other-relative
48539,Own-child
48539,Wife
29180,Husband
29180,Other-relative
29180,Own-child
29180,Wife
9248,Not-in-family
9248,Unmarried
11030,Husband
11030,Not-in-family
11030,Other-relative
11030,Own-child
11030,Unmarried
11030,Wife
2981,Husband
2981,Not-in-family
2981,Other-relative
2981,Own-child
2981,Unmarried
2981,Wife
12790,Husband
12790,Other-relative
12790,Own-child
12790,Wife
2869,Husband
2869,Not-in-family
2869,Other-relative
2869,Own-child
2869,Unmarried
2869,Wife
21848,Not-in-family
21848,Unmarried
32269,Husband
32269,Not-in-family
32269,Other-relative
32269,Own-child
32269,Unmarried
32269,Wife
20209,Husband
20209,Not-in-family
20209,Other-relative
20209,Own-child
20209,Unmarried
20209,Wife
28267,Husband
28267,Not-in-family
28267,Other-relative
28267,Own-child
28267,Unmarried
28267,Wife
26657,Husband
26657,Not-in-family
26657,Other-relative
26657,Own-child
26657,Unmarried
26657,Wife
12878,Husband
12878,Not-in-family
12878,Other-relative
12878,Own-child
12878,Unmarried
12878,Wife
43801,Husband
43801,Other-relative
43801,Own-child
43801,Wife
38749,Husband
38749,Not-in-family
38749,Other-relative
38749,Own-child
38749,Unmarried
38749,Wife
47162,Husband
47162,Other-relative
47162,Own-child
47162,Wife
41560,Husband
41560,Other-relative
41560,Own-child
41560,Wife
34812,Husband
34812,Not-in-family
34812,Other-relative
34812,Own-child
34812,Unmarried
34812,Wife
18287,Husband
18287,Not-in-family
18287,Other-relative
18287,Own-child
18287,Unmarried
18287,Wife
18456,Not-in-family
18456,Unmarried
46866,Husband
46866,Other-relative
46866,Own-child
46866,Wife
28667,Husband
28667,Not-in-family
28667,Other-relative
28667,Own-child
28667,Unmarried
28667,Wife
6244,Husband
6244,Not-in-family
6244,Other-relative
6244,Own-child
6244,Unmarried
6244,Wife
10233,Husband
10233,Not-in-family
10233,Other-relative
10233,Own-child
10233,Unmarried
10233,Wife
45992,Husband
45992,Not-in-family
45992,Other-relative
45992,Own-child
45992,Unmarried
45992,Wife
6003,Husband
6003,Other-relative
6003,Own-child
6003,Wife
26400,Husband
26400,Not-in-family
26400,Other-relative
26400,Own-child
26400,Unmarried
26400,Wife
24566,Not-in-family
24566,Unmarried
24417,Husband
24417,Other-relative
24417,Own-child
24417,Wife
14439,Husband
14439,Other-relative
14439,Own-child
14439,Wife
2725,Not-in-family
2725,Unmarried
1599,Husband
1599,Not-in-family
1599,Other-relative
1599,Own-child
1599,Unmarried
1599,Wife
2414,Not-in-family
2414,Unmarried
13925,Husband
13925,Not-in-family
13925,Other-relative
13925,Own-child
13925,Unmarried
13925,Wife
30799,Husband
30799,Not-in-family
30799,Other-relative
30799,Own-child
30799,Unmarried
30799,Wife
7851,Husband
7851,Other-relative
7851,Own-child
7851,Wife
18113,Husband
18113,Not-in-family
18113,Other-relative
18113,Own-child
18113,Unmarried
18113,Wife
17726,Husband
17726,Not-in-family
17726,Other-relative
17726,Own-child
17726,Unmarried
17726,Wife
17027,Not-in-family
17027,Unmarried
17929,Husband
17929,Other-relative
17929,Own-child
17929,Wife
26149,Husband
26149,Other-relative
26149,Own-child
26149,Wife
16922,Husband
16922,Not-in-family
16922,Other-relative
16922,Own-child
16922,Unmarried
16922,Wife
9014,Husband
9014,Not-in-family
9014,Other-relative
9014,Own-child
9014,Unmarried
9014,Wife
47680,Husband
47680,Not-in-family
47680,Other-relative
47680,Own-child
47680,Unmarried
47680,Wife
32514,Husband
32514,Other-relative
32514,Own-child
32514,Wife
25187,Husband
25187,Not-in-family
25187,Other-relative
25187,Own-child
25187,Unmarried
25187,Wife
12241,Husband
12241,Not-in-family
12241,Other-relative
12241,Own-child
12241,Unmarried
12241,Wife
35306,Husband
35306,Not-in-family
35306,Other-relative
35306,Own-child
35306,Unmarried
35306,Wife
25661,Not-in-family
25661,Unmarried
20223,Not-in-family
20223,Unmarried
19583,Not-in-family
19583,Unmarried
11097,Husband
11097,Not-in-family
11097,Other-relative
11097,Own-child
11097,Unmarried
11097,Wife
27701,Husband
27701,Other-relative
27701,Own-child
27701,Wife
39837,Husband
39837,Not-in-family
39837,Other-relative
39837,Own-child
39837,Unmarried
39837,Wife
8210,Not-in-family
8210,Unmarried
29272,Husband
29272,Other-relative
29272,Own-child
29272,Wife
47007,Husband
47007,Other-relative
47007,Own-child
47007,Wife
15084,Not-in-family
15084,Unmarried
43318,Husband
43318,Other-relative
43318,Own-child
43318,Wife
3292,Husband
3292,Other-relative
3292,Own-child
3292,Wife
35250,Husband
35250,Not-in-family
35250,Other-relative
35250,Own-child
35250,Unmarried
35250,Wife
32422,Husband
32422,Not-in-family
32422,Other-relative
32422,Own-child
32422,Unmarried
32422,Wife
48753,Husband
48753,Other-relative
48753,Own-child
48753,Wife
4341,Husband
4341,Not-in-family
4341,Other-relative
4341,Own-child
4341,Unmarried
4341,Wife
18821,Husband
18821,Other-relative
18821,Own-child
18821,Wife
14949,Husband
14949,Other-relative
14949,Own-child
14949,Wife
7676,Husband
7676,Other-relative
7676,Own-child
7676,Wife
14694,Husband
14694,Not-in-family
14694,Other-relative
14694,Own-child
14694,Unmarried
14694,Wife
27290,Husband
27290,Not-in-family
27290,Other-relative
27290,Own-child
27290,Unmarried
27290,Wife
29634,Not-in-family
29634,Unmarried
44786,Not-in-family
44786,Unmarried
7979,Husband
7979,Not-in-family
7979,Other-relative
7979,Own-child
7979,Unmarried
7979,Wife
45367,Husband
45367,Other-relative
45367,Own-child
45367,Wife
26485,Husband
26485,Not-in-family
26485,Other-relative
26485,Own-child
26485,Unmarried
26485,Wife
5576,Not-in-family
5576,Unmarried
37456,Husband
37456,Other-relative
37456,Own-child
37456,Wife
13506,Not-in-family
13506,Unmarried
1781,Husband
1781,Other-relative
1781,Own-child
1781,Wife
8323,Husband
8323,Not-in-family
8323,Other-relative
8323,Own-child
8323,Unmarried
8323,Wife
7925,Husband
7925,Other-relative
7925,Own-child
7925,Wife
34347,Husband
34347,Other-relative
34347,Own-child
34347,Wife
30133,Not-in-family
30133,Unmarried
6981,Husband
6981,Other-relative
6981,Own-child
6981,Wife
46295,Husband
46295,Other-relative
46295,Own-child
46295,Wife
32035,Husband
32035,Not-in-family
32035,Other-relative
32035,Own-child
32035,Unmarried
32035,Wife
17366,Husband
17366,Other-relative
17366,Own-child
17366,Wife
40500,Not-in-family
40500,Unmarried
44452,Husband
44452,Other-relative
44452,Own-child
44452,Wife
13402,Not-in-family
13402,Unmarried
592,Husband
592,Not-in-family
592,Other-relative
592,Own-child
592,Unmarried
592,Wife
40105,Husband
40105,Not-in-family
40105,Other-relative
40105,Own-child
40105,Unmarried
40105,Wife
24262,Husband
24262,Not-in-family
24262,Other-relative
24262,Own-child
24262,Unmarried
24262,Wife
20167,Husband
20167,Not-in-family
20167,Other-relative
20167,Own-child
20167,Unmarried
20167,Wife
34847,Husband
34847,Other-relative
34847,Own-child
34847,Wife
31824,Not-in-family
31824,Unmarried
45685,Husband
45685,Not-in-family
45685,Other-relative
45685,Own-child
45685,Unmarried
45685,Wife
42866,Husband
42866,Not-in-family
42866,Other-relative
42866,Own-child
42866,Unmarried
42866,Wife
23941,Husband
23941,Other-relative
23941,Own-child
23941,Wife
7707,Husband
7707,Other-relative
7707,Own-child
7707,Wife
33512,Husband
33512,Not-in-family
33512,Other-relative
33512,Own-child
33512,Unmarried
33512,Wife
7665,Husband
7665,Not-in-family
7665,Other-relative
7665,Own-child
7665,Unmarried
7665,Wife
4612,Husband
4612,Not-in-family
4612,Other-relative
4612,Own-child
4612,Unmarried
4612,Wife
8905,Husband
8905,Not-in-family
8905,Other-relative
8905,Own-child
8905,Unmarried
8905,Wife
3689,Husband
3689,Other-relative
3689,Own-child
3689,Wife
6739,Not-in-family
6739,Unmarried
18903,Husband
18903,Other-relative
18903,Own-child
18903,Wife
37370,Husband
37370,Not-in-family
37370,Other-relative
37370,Own-child
37370,Unmarried
37370,Wife
29009,Husband
29009,Not-in-family
29009,Other-relative
29009,Own-child
29009,Unmarried
29009,Wife
33711,Not-in-family
33711,Unmarried
32801,Husband
32801,Not-in-family
32801,Other-relative
32801,Own-child
32801,Unmarried
32801,Wife
36639,Husband
36639,Not-in-family
36639,Other-relative
36639,Own-child
36639,Unmarried
36639,Wife
7791,Husband
7791,Other-relative
7791,Own-child
7791,Wife
739,Husband
739,Not-in-family
739,Other-relative
739,Own-child
739,Unmarried
739,Wife
46848,Husband
46848,Not-in-family
46848,Other-relative
46848,Own-child
46848,Unmarried
46848,Wife
31611,Husband
31611,Not-in-family
31611,Other-relative
31611,Own-child
31611,Unmarried
31611,Wife
39028,Husband
39028,Other-relative
39028,Own-child
39028,Wife
22873,Husband
22873,Other-relative
22873,Own-child
22873,Wife
7621,Husband
7621,Other-relative
7621,Own-child
7621,Wife
43408,Husband
43408,Other-relative
43408,Own-child
43408,Wife
40946,Husband
40946,Not-in-family
40946,Other-relative
40946,Own-child
40946,Unmarried
40946,Wife
35795,Husband
35795,Not-in-family
35795,Other-relative
35795,Own-child
35795,Unmarried
35795,Wife
38103,Husband
38103,Other-relative
38103,Own-child
38103,Wife
39390,Not-in-family
39390,Unmarried
48034,Not-in-family
48034,Unmarried
24265,Husband
24265,Not-in-family
24265,Other-relative
24265,Own-child
24265,Unmarried
24265,Wife
43834,Husband
43834,Not-in-family
43834,Other-relative
43834,Own-child
43834,Unmarried
43834,Wife
8137,Husband
8137,Other-relative
8137,Own-child
8137,Wife
16896,Husband
16896,Not-in-family
16896,Other-relative
16896,Own-child
16896,Unmarried
16896,Wife
11791,Not-in-family
11791,Unmarried
33290,Husband
33290,Not-in-family
33290,Other-relative
33290,Own-child
33290,Unmarried
33290,Wife
13448,Husband
13448,Other-relative
13448,Own-child
13448,Wife
13260,Husband
13260,Not-in-family
13260,Other-relative
13260,Own-child
13260,Unmarried
13260,Wife
3115,Husband
3115,Other-relative
3115,Own-child
3115,Wife
18965,Husband
18965,Not-in-family
18965,Other-relative
18965,Own-child
18965,Unmarried
18965,Wife
27566,Husband
27566,Not-in-family
27566,Other-relative
27566,Own-child
27566,Unmarried
27566,Wife
12508,Husband
12508,Not-in-family
12508,Other-relative
12508,Own-child
12508,Unmarried
12508,Wife
47454,Not-in-family
47454,Unmarried
12584,Husband
12584,Not-in-family
12584,Other-relative
12584,Own-child
12584,Unmarried
12584,Wife
6123,Husband
6123,Not-in-family
6123,Other-relative
6123,Own-child
6123,Unmarried
6123,Wife
14537,Husband
14537,Not-in-family
14537,Other-relative
14537,Own-child
14537,Unmarried
14537,Wife
48286,Husband
48286,Not-in-family
48286,Other-relative
48286,Own-child
48286,Unmarried
48286,Wife
43500,Not-in-family
43500,Unmarried
39937,Not-in-family
39937,Unmarried
21392,Husband
21392,Other-relative
21392,Own-child
21392,Wife
37403,Husband
37403,Not-in-family
37403,Other-relative
37403,Own-child
37403,Unmarried
37403,Wife
9364,Husband
9364,Not-in-family
9364,Other-relative
9364,Own-child
9364,Unmarried
9364,Wife
39460,Husband
39460,Other-relative
39460,Own-child
39460,Wife
10166,Husband
10166,Other-relative
10166,Own-child
10166,Wife
12958,Husband
12958,Not-in-family
12958,Other-relative
12958,Own-child
12958,Unmarried
12958,Wife
30002,Husband
30002,Not-in-family
30002,Other-relative
30002,Own-child
30002,Unmarried
30002,Wife
21969,Husband
21969,Not-in-family
21969,Other-relative
21969,Own-child
21969,Unmarried
21969,Wife
9020,Not-in-family
9020,Unmarried
25386,Husband
25386,Not-in-family
25386,Other-relative
25386,Own-child
25386,Unmarried
25386,Wife
22766,Husband
22766,Other-relative
22766,Own-child
22766,Wife
35563,Husband
35563,Not-in-family
35563,Other-relative
35563,Own-child
35563,Unmarried
35563,Wife
21523,Husband
21523,Not-in-family
21523,Other-relative
21523,Own-child
21523,Unmarried
21523,Wife
45748,Not-in-family
45748,Unmarried
30697,Not-in-family
30697,Unmarried
2861,Not-in-family
2861,Unmarried
9696,Not-in-family
9696,Unmarried
7293,Not-in-family
7293,Unmarried
45322,Husband
45322,Not-in-family
45322,Other-relative
45322,Own-child
45322,Unmarried
45322,Wife
39017,Husband
39017,Other-relative
39017,Own-child
39017,Wife
34992,Not-in-family
34992,Unmarried
28411,Not-in-family
28411,Unmarried
28314,Husband
28314,Other-relative
28314,Own-child
28314,Wife
22151,Husband
22151,Other-relative
22151,Own-child
22151,Wife
18583,Husband
18583,Not-in-family
18583,Other-relative
18583,Own-child
18583,Unmarried
18583,Wife
14449,Husband
14449,Not-in-family
14449,Other-relative
14449,Own-child
14449,Unmarried
14449,Wife
47866,Husband
47866,Not-in-family
47866,Other-relative
47866,Own-child
47866,Unmarried
47866,Wife
45388,Husband
45388,Not-in-family
45388,Other-relative
45388,Own-child
45388,Unmarried
45388,Wife
6380,Husband
6380,Not-in-family
6380,Other-relative
6380,Own-child
6380,Unmarried
6380,Wife
26255,Husband
26255,Not-in-family
26255,Other-relative
26255,Own-child
26255,Unmarried
26255,Wife
11013,Husband
11013,Other-relative
11013,Own-child
11013,Wife
39105,Husband
39105,Other-relative
39105,Own-child
39105,Wife
28140,Husband
28140,Not-in-family
28140,Other-relative
28140,Own-child
28140,Unmarried
28140,Wife
14051,Husband
14051,Other-relative
14051,Own-child
14051,Wife
33668,Husband
33668,Not-in-family
33668,Other-relative
33668,Own-child
33668,Unmarried
33668,Wife
31851,Husband
31851,Not-in-family
31851,Other-relative
31851,Own-child
31851,Unmarried
31851,Wife
36364,Husband
36364,Not-in-family
36364,Other-relative
36364,Own-child
36364,Unmarried
36364,Wife
18021,Husband
18021,Other-relative
18021,Own-child
18021,Wife
9356,Husband
9356,Not-in-family
9356,Other-relative
9356,Own-child
9356,Unmarried
9356,Wife
10442,Husband
10442,Not-in-family
10442,Other-relative
10442,Own-child
10442,Unmarried
10442,Wife
1487,Husband
1487,Other-relative
1487,Own-child
1487,Wife
43937,Husband
43937,Not-in-family
43937,Other-relative
43937,Own-child
43937,Unmarried
43937,Wife
19615,Husband
19615,Other-relative
19615,Own-child
19615,Wife
35626,Husband
35626,Other-relative
35626,Own-child
35626,Wife
39523,Husband
39523,Not-in-family
39523,Other-relative
39523,Own-child
39523,Unmarried
39523,Wife
7764,Husband
7764,Not-in-family
7764,Other-relative
7764,Own-child
7764,Unmarried
7764,Wife
4051,Husband
4051,Not-in-family
4051,Other-relative
4051,Own-child
4051,Unmarried
4051,Wife
32711,Husband
32711,Not-in-family
32711,Other-relative
32711,Own-child
32711,Unmarried
32711,Wife
3994,Husband
3994,Not-in-family
3994,Other-relative
3994,Own-child
3994,Unmarried
3994,Wife
34586,Husband
34586,Not-in-family
34586,Other-relative
34586,Own-child
34586,Unmarried
34586,Wife
8350,Husband
8350,Other-relative
8350,Own-child
8350,Wife
27158,Husband
27158,Not-in-family
27158,Other-relative
27158,Own-child
27158,Unmarried
27158,Wife
21443,Not-in-family
21443,Unmarried
44792,Husband
44792,Not-in-family
44792,Other-relative
44792,Own-child
44792,Unmarried
44792,Wife
36561,Husband
36561,Other-relative
36561,Own-child
36561,Wife
26130,Husband
26130,Not-in-family
26130,Other-relative
26130,Own-child
26130,Unmarried
26130,Wife
46873,Husband
46873,Not-in-family
46873,Other-relative
46873,Own-child
46873,Unmarried
46873,Wife
1434,Husband
1434,Not-in-family
1434,Other-relative
1434,Own-child
1434,Unmarried
1434,Wife
42366,Husband
42366,Other-relative
42366,Own-child
42366,Wife
44362,Husband
44362,Not-in-family
44362,Other-relative
44362,Own-child
44362,Unmarried
44362,Wife
23,Husband
23,Not-in-family
23,Other-relative
23,Own-child
23,Unmarried
23,Wife
36456,Husband
36456,Other-relative
36456,Own-child
36456,Wife
10878,Husband
10878,Not-in-family
10878,Other-relative
10878,Own-child
10878,Unmarried
10878,Wife
2602,Not-in-family
2602,Unmarried
22415,Husband
22415,Not-in-family
22415,Other-relative
22415,Own-child
22415,Unmarried
22415,Wife
46829,Not-in-family
46829,Unmarried
38703,Husband
38703,Not-in-family
38703,Other-relative
38703,Own-child
38703,Unmarried
38703,Wife
39214,Husband
39214,Not-in-family
39214,Other-relative
39214,Own-child
39214,Unmarried
39214,Wife
6475,Not-in-family
6475,Unmarried
17435,Husband
17435,Other-relative
17435,Own-child
17435,Wife
4213,Husband
4213,Other-relative
4213,Own-child
4213,Wife
19071,Not-in-family
19071,Unmarried
6748,Husband
6748,Other-relative
6748,Own-child
6748,Wife
13885,Husband
13885,Not-in-family
13885,Other-relative
13885,Own-child
13885,Unmarried
13885,Wife
1390,Husband
1390,Not-in-family
1390,Other-relative
1390,Own-child
1390,Unmarried
1390,Wife
41128,Not-in-family
41128,Unmarried
37987,Husband
37987,Other-relative
37987,Own-child
37987,Wife
18086,Husband
18086,Not-in-family
18086,Other-relative
18086,Own-child
18086,Unmarried
18086,Wife
35631,Husband
35631,Not-in-family
35631,Other-relative
35631,Own-child
35631,Unmarried
35631,Wife
4890,Husband
4890,Not-in-family
4890,Other-relative
4890,Own-child
4890,Unmarried
4890,Wife
47557,Not-in-family
47557,Unmarried
38715,Husband
38715,Other-relative
38715,Own-child
38715,Wife
46355,Husband
46355,Not-in-family
46355,Other-relative
46355,Own-child
46355,Unmarried
46355,Wife
33233,Husband
33233,Not-in-family
33233,Other-relative
33233,Own-child
33233,Unmarried
33233,Wife
26944,Not-in-family
26944,Unmarried
10045,Husband
10045,Other-relative
10045,Own-child
10045,Wife
3743,Not-in-family
3743,Unmarried
11647,Husband
11647,Not-in-family
11647,Other-relative
11647,Own-child
11647,Unmarried
11647,Wife
13631,Husband
13631,Not-in-family
13631,Other-relative
13631,Own-child
13631,Unmarried
13631,Wife
32771,Husband
32771,Not-in-family
32771,Other-relative
32771,Own-child
32771,Unmarried
32771,Wife
11678,Husband
11678,Not-in-family
11678,Other-relative
11678,Own-child
11678,Unmarried
11678,Wife
9883,Husband
9883,Not-in-family
9883,Other-relative
9883,Own-child
9883,Unmarried
9883,Wife
44257,Not-in-family
44257,Unmarried
29151,Husband
29151,Not-in-family
29151,Other-relative
29151,Own-child
29151,Unmarried
29151,Wife
847,Husband
847,Other-relative
847,Own-child
847,Wife
46367,Husband
46367,Not-in-family
46367,Other-relative
46367,Own-child
46367,Unmarried
46367,Wife
27562,Husband
27562,Not-in-family
27562,Other-relative
27562,Own-child
27562,Unmarried
27562,Wife
558,Husband
558,Not-in-family
558,Other-relative
558,Own-child
558,Unmarried
558,Wife
12890,Husband
12890,Not-in-family
12890,Other-relative
12890,Own-child
12890,Unmarried
12890,Wife
39573,Husband
39573,Other-relative
39573,Own-child
39573,Wife
13893,Husband
13893,Not-in-family
13893,Other-relative
13893,Own-child
13893,Unmarried
13893,Wife
47033,Husband
47033,Not-in-family
47033,Other-relative
47033,Own-child
47033,Unmarried
47033,Wife
31585,Husband
31585,Other-relative
31585,Own-child
31585,Wife
19223,Husband
19223,Other-relative
19223,Own-child
19223,Wife
23693,Husband
23693,Other-relative
23693,Own-child
23693,Wife
38623,Not-in-family
38623,Unmarried
23253,Husband
23253,Not-in-family
23253,Other-relative
23253,Own-child
23253,Unmarried
23253,Wife
26851,Husband
26851,Not-in-family
26851,Other-relative
26851,Own-child
26851,Unmarried
26851,Wife
48808,Not-in-family
48808,Unmarried
26462,Husband
26462,Not-in-family
26462,Other-relative
26462,Own-child
26462,Unmarried
26462,Wife
35123,Husband
35123,Not-in-family
35123,Other-relative
35123,Own-child
35123,Unmarried
35123,Wife
32697,Husband
32697,Not-in-family
32697,Other-relative
32697,Own-child
32697,Unmarried
32697,Wife
42273,Husband
42273,Other-relative
42273,Own-child
42273,Wife
41027,Husband
41027,Not-in-family
41027,Other-relative
41027,Own-child
41027,Unmarried
41027,Wife
38865,Husband
38865,Not-in-family
38865,Other-relative
38865,Own-child
38865,Unmarried
38865,Wife
10049,Not-in-family
10049,Unmarried
19235,Husband
19235,Not-in-family
19235,Other-relative
19235,Own-child
19235,Unmarried
19235,Wife
37180,Husband
37180,Other-relative
37180,Own-child
37180,Wife
21934,Not-in-family
21934,Unmarried
27238,Not-in-family
27238,Unmarried
6211,Husband
6211,Not-in-family
6211,Other-relative
6211,Own-child
6211,Unmarried
6211,Wife
6762,Husband
6762,Not-in-family
6762,Other-relative
6762,Own-child
6762,Unmarried
6762,Wife
28913,Husband
28913,Not-in-family
28913,Other-relative
28913,Own-child
28913,Unmarried
28913,Wife
25474,Husband
25474,Other-relative
25474,Own-child
25474,Wife
26896,Husband
26896,Other-relative
26896,Own-child
26896,Wife
26476,Husband
26476,Other-relative
26476,Own-child
26476,Wife
13114,Husband
13114,Other-relative
13114,Own-child
13114,Wife
37665,Husband
37665,Other-relative
37665,Own-child
37665,Wife
45135,Husband
45135,Other-relative
45135,Own-child
45135,Wife
44984,Husband
44984,Other-relative
44984,Own-child
44984,Wife
35135,Husband
35135,Other-relative
35135,Own-child
35135,Wife
27678,Husband
27678,Not-in-family
27678,Other-relative
27678,Own-child
27678,Unmarried
27678,Wife
39235,Husband
39235,Not-in-family
39235,Other-relative
39235,Own-child
39235,Unmarried
39235,Wife
25078,Husband
25078,Not-in-family
25078,Other-relative
25078,Own-child
25078,Unmarried
25078,Wife
32986,Husband
32986,Not-in-family
32986,Other-relative
32986,Own-child
32986,Unmarried
32986,Wife
18654,Husband
18654,Not-in-family
18654,Other-relative
18654,Own-child
18654,Unmarried
18654,Wife
30666,Husband
30666,Not-in-family
30666,Other-relative
30666,Own-child
30666,Unmarried
30666,Wife
40454,Husband
40454,Other-relative
40454,Own-child
40454,Wife
12044,Husband
12044,Other-relative
12044,Own-child
12044,Wife
10697,Husband
10697,Other-relative
10697,Own-child
10697,Wife
41859,Husband
41859,Not-in-family
41859,Other-relative
41859,Own-child
41859,Unmarried
41859,Wife
40728,Husband
40728,Not-in-family
40728,Other-relative
40728,Own-child
40728,Unmarried
40728,Wife
26667,Husband
26667,Not-in-family
26667,Other-relative
26667,Own-child
26667,Unmarried
26667,Wife
2780,Husband
2780,Other-relative
2780,Own-child
2780,Wife
38846,Not-in-family
38846,Unmarried
5486,Husband
5486,Other-relative
5486,Own-child
5486,Wife
27724,Husband
27724,Not-in-family
27724,Other-relative
27724,Own-child
27724,Unmarried
27724,Wife
30139,Husband
30139,Not-in-family
30139,Other-relative
30139,Own-child
30139,Unmarried
30139,Wife
15671,Husband
15671,Other-relative
15671,Own-child
15671,Wife
47428,Husband
47428,Not-in-family
47428,Other-relative
47428,Own-child
47428,Unmarried
47428,Wife
32289,Husband
32289,Not-in-family
32289,Other-relative
32289,Own-child
32289,Unmarried
32289,Wife
45314,Husband
45314,Other-relative
45314,Own-child
45314,Wife
33866,Husband
33866,Not-in-family
33866,Other-relative
33866,Own-child
33866,Unmarried
33866,Wife
42659,Husband
42659,Other-relative
42659,Own-child
42659,Wife
31547,Husband
31547,Other-relative
31547,Own-child
31547,Wife
20133,Husband
20133,Not-in-family
20133,Other-relative
20133,Own-child
20133,Unmarried
20133,Wife
7518,Not-in-family
7518,Unmarried
13466,Husband
13466,Not-in-family
13466,Other-relative
13466,Own-child
13466,Unmarried
13466,Wife
9415,Husband
9415,Other-relative
9415,Own-child
9415,Wife
17895,Husband
17895,Other-relative
17895,Own-child
17895,Wife
25506,Husband
25506,Not-in-family
25506,Other-relative
25506,Own-child
25506,Unmarried
25506,Wife
15991,Husband
15991,Not-in-family
15991,Other-relative
15991,Own-child
15991,Unmarried
15991,Wife
35359,Husband
35359,Not-in-family
35359,Other-relative
35359,Own-child
35359,Unmarried
35359,Wife
29573,Not-in-family
29573,Unmarried
24522,Husband
24522,Not-in-family
24522,Other-relative
24522,Own-child
24522,Unmarried
24522,Wife
9763,Not-in-family
9763,Unmarried
39615,Not-in-family
39615,Unmarried
38084,Not-in-family
38084,Unmarried
37115,Husband
37115,Other-relative
37115,Own-child
37115,Wife
29517,Husband
29517,Other-relative
29517,Own-child
29517,Wife
39479,Husband
39479,Other-relative
39479,Own-child
39479,Wife
22133,Not-in-family
22133,Unmarried
11444,Husband
11444,Not-in-family
11444,Other-relative
11444,Own-child
11444,Unmarried
11444,Wife
32034,Husband
32034,Other-relative
32034,Own-child
32034,Wife
7527,Husband
7527,Not-in-family
7527,Other-relative
7527,Own-child
7527,Unmarried
7527,Wife
23688,Not-in-family
23688,Unmarried
33376,Husband
33376,Other-relative
33376,Own-child
33376,Wife
11501,Husband
11501,Not-in-family
11501,Other-relative
11501,Own-child
11501,Unmarried
11501,Wife
9017,Not-in-family
9017,Unmarried
46758,Husband
46758,Other-relative
46758,Own-child
46758,Wife
4672,Husband
4672,Not-in-family
4672,Other-relative
4672,Own-child
4672,Unmarried
4672,Wife
48704,Husband
48704,Not-in-family
48704,Other-relative
48704,Own-child
48704,Unmarried
48704,Wife
7120,Husband
7120,Not-in-family
7120,Other-relative
7120,Own-child
7120,Unmarried
7120,Wife
26139,Not-in-family
26139,Unmarried
11122,Husband
11122,Other-relative
11122,Own-child
11122,Wife
29633,Husband
29633,Other-relative
29633,Own-child
29633,Wife
19634,Not-in-family
19634,Unmarried
34715,Husband
34715,Not-in-family
34715,Other-relative
34715,Own-child
34715,Unmarried
34715,Wife
32089,Husband
32089,Other-relative
32089,Own-child
32089,Wife
28204,Husband
28204,Not-in-family
28204,Other-relative
28204,Own-child
28204,Unmarried
28204,Wife
6179,Husband
6179,Other-relative
6179,Own-child
6179,Wife
23254,Husband
23254,Not-in-family
23254,Other-relative
23254,Own-child
23254,Unmarried
23254,Wife
30805,Husband
30805,Not-in-family
30805,Other-relative
30805,Own-child
30805,Unmarried
30805,Wife
3009,Husband
3009,Not-in-family
3009,Other-relative
3009,Own-child
3009,Unmarried
3009,Wife
27797,Not-in-family
27797,Unmarried
19065,Husband
19065,Not-in-family
19065,Other-relative
19065,Own-child
19065,Unmarried
19065,Wife
28322,Husband
28322,Not-in-family
28322,Other-relative
28322,Own-child
28322,Unmarried
28322,Wife
20132,Husband
20132,Other-relative
20132,Own-child
20132,Wife
21322,Husband
21322,Other-relative
21322,Own-child
21322,Wife
21110,Husband
21110,Not-in-family
21110,Other-relative
21110,Own-child
21110,Unmarried
21110,Wife
23611,Husband
23611,Not-in-family
23611,Other-relative
23611,Own-child
23611,Unmarried
23611,Wife
22208,Husband
22208,Not-in-family
22208,Other-relative
22208,Own-child
22208,Unmarried
22208,Wife
42108,Husband
42108,Not-in-family
42108,Other-relative
42108,Own-child
42108,Unmarried
42108,Wife
34016,Husband
34016,Not-in-family
34016,Other-relative
34016,Own-child
34016,Unmarried
34016,Wife
12442,Husband
12442,Not-in-family
12442,Other-relative
12442,Own-child
12442,Unmarried
12442,Wife
34570,Husband
34570,Not-in-family
34570,Other-relative
34570,Own-child
34570,Unmarried
34570,Wife
13273,Husband
13273,Not-in-family
13273,Other-relative
13273,Own-child
13273,Unmarried
13273,Wife
34195,Husband
34195,Other-relative
34195,Own-child
34195,Wife
2509,Husband
2509,Not-in-family
2509,Other-relative
2509,Own-child
2509,Unmarried
2509,Wife
16224,Husband
16224,Not-in-family
16224,Other-relative
16224,Own-child
16224,Unmarried
16224,Wife
26003,Husband
26003,Not-in-family
26003,Other-relative
26003,Own-child
26003,Unmarried
26003,Wife
27931,Husband
27931,Not-in-family
27931,Other-relative
27931,Own-child
27931,Unmarried
27931,Wife
4992,Husband
4992,Not-in-family
4992,Other-relative
4992,Own-child
4992,Unmarried
4992,Wife
16237,Husband
16237,Other-relative
16237,Own-child
16237,Wife
20208,Husband
20208,Not-in-family
20208,Other-relative
20208,Own-child
20208,Unmarried
20208,Wife
37529,Husband
37529,Not-in-family
37529,Other-relative
37529,Own-child
37529,Unmarried
37529,Wife
19780,Husband
19780,Not-in-family
19780,Other-relative
19780,Own-child
19780,Unmarried
19780,Wife
43905,Husband
43905,Not-in-family
43905,Other-relative
43905,Own-child
43905,Unmarried
43905,Wife
2307,Husband
2307,Not-in-family
2307,Other-relative
2307,Own-child
2307,Unmarried
2307,Wife
40849,Husband
40849,Not-in-family
40849,Other-relative
40849,Own-child
40849,Unmarried
40849,Wife
4007,Not-in-family
4007,Unmarried
17595,Husband
17595,Not-in-family
17595,Other-relative
17595,Own-child
17595,Unmarried
17595,Wife
42098,Husband
42098,Not-in-family
42098,Other-relative
42098,Own-child
42098,Unmarried
42098,Wife
12154,Not-in-family
12154,Unmarried
928,Husband
928,Not-in-family
928,Other-relative
928,Own-child
928,Unmarried
928,Wife
2906,Not-in-family
2906,Unmarried
4261,Husband
4261,Not-in-family
4261,Other-relative
4261,Own-child
4261,Unmarried
4261,Wife
11917,Not-in-family
11917,Unmarried
8634,Husband
8634,Other-relative
8634,Own-child
8634,Wife
37539,Husband
37539,Other-relative
37539,Own-child
37539,Wife
20335,Husband
20335,Not-in-family
20335,Other-relative
20335,Own-child
20335,Unmarried
20335,Wife
21197,Husband
21197,Not-in-family
21197,Other-relative
21197,Own-child
21197,Unmarried
21197,Wife
35028,Husband
35028,Not-in-family
35028,Other-relative
35028,Own-child
35028,Unmarried
35028,Wife
3124,Husband
3124,Other-relative
3124,Own-child
3124,Wife
24767,Not-in-family
24767,Unmarried
33431,Husband
33431,Not-in-family
33431,Other-relative
33431,Own-child
33431,Unmarried
33431,Wife
35825,Husband
35825,Other-relative
35825,Own-child
35825,Wife
15719,Husband
15719,Other-relative
15719,Own-child
15719,Wife
10266,Husband
10266,Not-in-family
10266,Other-relative
10266,Own-child
10266,Unmarried
10266,Wife
29529,Husband
29529,Not-in-family
29529,Other-relative
29529,Own-child
29529,Unmarried
29529,Wife
12777,Not-in-family
12777,Unmarried
6445,Husband
6445,Other-relative
6445,Own-child
6445,Wife
19945,Not-in-family
19945,Unmarried
42733,Husband
42733,Other-relative
42733,Own-child
42733,Wife
33958,Not-in-family
33958,Unmarried
40011,Husband
40011,Not-in-family
40011,Other-relative
40011,Own-child
40011,Unmarried
40011,Wife
36727,Husband
36727,Other-relative
36727,Own-child
36727,Wife
48325,Husband
48325,Other-relative
48325,Own-child
48325,Wife
27485,Husband
27485,Other-relative
27485,Own-child
27485,Wife
13427,Husband
13427,Not-in-family
13427,Other-relative
13427,Own-child
13427,Unmarried
13427,Wife
6543,Not-in-family
6543,Unmarried
5762,Husband
5762,Other-relative
5762,Own-child
5762,Wife
18938,Not-in-family
18938,Unmarried
12163,Husband
12163,Not-in-family
12163,Other-relative
12163,Own-child
12163,Unmarried
12163,Wife
17134,Husband
17134,Not-in-family
17134,Other-relative
17134,Own-child
17134,Unmarried
17134,Wife
12190,Husband
12190,Not-in-family
12190,Other-relative
12190,Own-child
12190,Unmarried
12190,Wife
10487,Husband
10487,Other-relative
10487,Own-child
10487,Wife
43051,Husband
43051,Other-relative
43051,Own-child
43051,Wife
5605,Husband
5605,Not-in-family
5605,Other-relative
5605,Own-child
5605,Unmarried
5605,Wife
41070,Husband
41070,Not-in-family
41070,Other-relative
41070,Own-child
41070,Unmarried
41070,Wife
5418,Husband
5418,Not-in-family
5418,Other-relative
5418,Own-child
5418,Unmarried
5418,Wife
42377,Husband
42377,Not-in-family
42377,Other-relative
42377,Own-child
42377,Unmarried
42377,Wife
40659,Husband
40659,Not-in-family
40659,Other-relative
40659,Own-child
40659,Unmarried
40659,Wife
13196,Husband
13196,Other-relative
13196,Own-child
13196,Wife
21434,Not-in-family
21434,Unmarried
26349,Husband
26349,Other-relative
26349,Own-child
26349,Wife
23358,Husband
23358,Other-relative
23358,Own-child
23358,Wife
2334,Husband
2334,Not-in-family
2334,Other-relative
2334,Own-child
2334,Unmarried
2334,Wife
4749,Not-in-family
4749,Unmarried
11509,Husband
11509,Not-in-family
11509,Other-relative
11509,Own-child
11509,Unmarried
11509,Wife
23882,Husband
23882,Not-in-family
23882,Other-relative
23882,Own-child
23882,Unmarried
23882,Wife
19336,Not-in-family
19336,Unmarried
28785,Husband
28785,Not-in-family
28785,Other-relative
28785,Own-child
28785,Unmarried
28785,Wife
2907,Husband
2907,Not-in-family
2907,Other-relative
2907,Own-child
2907,Unmarried
2907,Wife
784,Not-in-family
784,Unmarried
23925,Not-in-family
23925,Unmarried
23913,Husband
23913,Not-in-family
23913,Other-relative
23913,Own-child
23913,Unmarried
23913,Wife
46988,Husband
46988,Not-in-family
46988,Other-relative
46988,Own-child
46988,Unmarried
46988,Wife
38458,Not-in-family
38458,Unmarried
41766,Husband
41766,Not-in-family
41766,Other-relative
41766,Own-child
41766,Unmarried
41766,Wife
3504,Not-in-family
3504,Unmarried
838,Not-in-family
838,Unmarried
36691,Husband
36691,Not-in-family
36691,Other-relative
36691,Own-child
36691,Unmarried
36691,Wife
2649,Husband
2649,Other-relative
2649,Own-child
2649,Wife
48415,Husband
48415,Other-relative
48415,Own-child
48415,Wife
13343,Husband
13343,Other-relative
13343,Own-child
13343,Wife
28370,Husband
28370,Not-in-family
28370,Other-relative
28370,Own-child
28370,Unmarried
28370,Wife
12210,Husband
12210,Other-relative
12210,Own-child
12210,Wife
22693,Husband
22693,Other-relative
22693,Own-child
22693,Wife
19475,Husband
19475,Other-relative
19475,Own-child
19475,Wife
9307,Not-in-family
9307,Unmarried
38102,Husband
38102,Not-in-family
38102,Other-relative
38102,Own-child
38102,Unmarried
38102,Wife
8408,Husband
8408,Not-in-family
8408,Other-relative
8408,Own-child
8408,Unmarried
8408,Wife
31409,Husband
31409,Other-relative
31409,Own-child
31409,Wife
11241,Husband
11241,Not-in-family
11241,Other-relative
11241,Own-child
11241,Unmarried
11241,Wife
7947,Husband
7947,Other-relative
7947,Own-child
7947,Wife
17568,Husband
17568,Not-in-family
17568,Other-relative
17568,Own-child
17568,Unmarried
17568,Wife
41587,Husband
41587,Not-in-family
41587,Other-relative
41587,Own-child
41587,Unmarried
41587,Wife
29608,Husband
29608,Not-in-family
29608,Other-relative
29608,Own-child
29608,Unmarried
29608,Wife
46899,Husband
46899,Not-in-family
46899,Other-relative
46899,Own-child
46899,Unmarried
46899,Wife
23005,Husband
23005,Other-relative
23005,Own-child
23005,Wife
32918,Husband
32918,Other-relative
32918,Own-child
32918,Wife
27909,Husband
27909,Other-relative
27909,Own-child
27909,Wife
25653,Husband
25653,Not-in-family
25653,Other-relative
25653,Own-child
25653,Unmarried
25653,Wife
32043,Not-in-family
32043,Unmarried
3653,Husband
3653,Other-relative
3653,Own-child
3653,Wife
21135,Husband
21135,Other-relative
21135,Own-child
21135,Wife
27246,Not-in-family
27246,Unmarried
26633,Not-in-family
26633,Unmarried
30759,Husband
30759,Not-in-family
30759,Other-relative
30759,Own-child
30759,Unmarried
30759,Wife
37827,Husband
37827,Other-relative
37827,Own-child
37827,Wife
38939,Husband
38939,Other-relative
38939,Own-child
38939,Wife
43549,Husband
43549,Not-in-family
43549,Other-relative
43549,Own-child
43549,Unmarried
43549,Wife
6212,Husband
6212,Not-in-family
6212,Other-relative
6212,Own-child
6212,Unmarried
6212,Wife
10747,Not-in-family
10747,Unmarried
22003,Husband
22003,Not-in-family
22003,Other-relative
22003,Own-child
22003,Unmarried
22003,Wife
42702,Not-in-family
42702,Unmarried
15842,Husband
15842,Other-relative
15842,Own-child
15842,Wife
15694,Not-in-family
15694,Unmarried
27312,Not-in-family
27312,Unmarried
2494,Not-in-family
2494,Unmarried
37346,Husband
37346,Other-relative
37346,Own-child
37346,Wife
21888,Husband
21888,Other-relative
21888,Own-child
21888,Wife
24252,Husband
24252,Other-relative
24252,Own-child
24252,Wife
24778,Husband
24778,Not-in-family
24778,Other-relative
24778,Own-child
24778,Unmarried
24778,Wife
17485,Husband
17485,Not-in-family
17485,Other-relative
17485,Own-child
17485,Unmarried
17485,Wife
45798,Husband
45798,Other-relative
45798,Own-child
45798,Wife
43229,Not-in-family
43229,Unmarried
41238,Not-in-family
41238,Unmarried
13325,Husband
13325,Not-in-family
13325,Other-relative
13325,Own-child
13325,Unmarried
13325,Wife
24738,Husband
24738,Not-in-family
24738,Other-relative
24738,Own-child
24738,Unmarried
24738,Wife
40596,Husband
40596,Not-in-family
40596,Other-relative
40596,Own-child
40596,Unmarried
40596,Wife
24933,Husband
24933,Other-relative
24933,Own-child
24933,Wife
27263,Husband
27263,Not-in-family
27263,Other-relative
27263,Own-child
27263,Unmarried
27263,Wife
46286,Husband
46286,Not-in-family
46286,Other-relative
46286,Own-child
46286,Unmarried
46286,Wife
37660,Husband
37660,Other-relative
37660,Own-child
37660,Wife
35274,Husband
35274,Not-in-family
35274,Other-relative
35274,Own-child
35274,Unmarried
35274,Wife
18148,Not-in-family
18148,Unmarried
35414,Not-in-family
35414,Unmarried
44908,Husband
44908,Not-in-family
44908,Other-relative
44908,Own-child
44908,Unmarried
44908,Wife
23303,Husband
23303,Other-relative
23303,Own-child
23303,Wife
2499,Husband
2499,Not-in-family
2499,Other-relative
2499,Own-child
2499,Unmarried
2499,Wife
41537,Husband
41537,Not-in-family
41537,Other-relative
41537,Own-child
41537,Unmarried
41537,Wife
32742,Husband
32742,Other-relative
32742,Own-child
32742,Wife
23292,Husband
23292,Not-in-family
23292,Other-relative
23292,Own-child
23292,Unmarried
23292,Wife
90,Husband
90,Not-in-family
90,Other-relative
90,Own-child
90,Unmarried
90,Wife
24915,Husband
24915,Not-in-family
24915,Other-relative
24915,Own-child
24915,Unmarried
24915,Wife
8332,Husband
8332,Not-in-family
8332,Other-relative
8332,Own-child
8332,Unmarried
8332,Wife
2629,Husband
2629,Other-relative
2629,Own-child
2629,Wife
36862,Husband
36862,Other-relative
36862,Own-child
36862,Wife
24607,Husband
24607,Other-relative
24607,Own-child
24607,Wife
46694,Husband
46694,Other-relative
46694,Own-child
46694,Wife
48247,Husband
48247,Not-in-family
48247,Other-relative
48247,Own-child
48247,Unmarried
48247,Wife
25063,Husband
25063,Not-in-family
25063,Other-relative
25063,Own-child
25063,Unmarried
25063,Wife
32368,Husband
32368,Other-relative
32368,Own-child
32368,Wife
7829,Husband
7829,Not-in-family
7829,Other-relative
7829,Own-child
7829,Unmarried
7829,Wife
28745,Not-in-family
28745,Unmarried
16135,Husband
16135,Not-in-family
16135,Other-relative
16135,Own-child
16135,Unmarried
16135,Wife
36734,Husband
36734,Not-in-family
36734,Other-relative
36734,Own-child
36734,Unmarried
36734,Wife
6813,Husband
6813,Other-relative
6813,Own-child
6813,Wife
16948,Not-in-family
16948,Unmarried
35012,Husband
35012,Not-in-family
35012,Other-relative
35012,Own-child
35012,Unmarried
35012,Wife
32173,Husband
32173,Not-in-family
32173,Other-relative
32173,Own-child
32173,Unmarried
32173,Wife
9969,Husband
9969,Not-in-family
9969,Other-relative
9969,Own-child
9969,Unmarried
9969,Wife
40718,Husband
40718,Other-relative
40718,Own-child
40718,Wife
9310,Husband
9310,Other-relative
9310,Own-child
9310,Wife
26183,Husband
26183,Other-relative
26183,Own-child
26183,Wife
9309,Husband
9309,Other-relative
9309,Own-child
9309,Wife
23283,Husband
23283,Other-relative
23283,Own-child
23283,Wife
6159,Husband
6159,Not-in-family
6159,Other-relative
6159,Own-child
6159,Unmarried
6159,Wife
31961,Not-in-family
31961,Unmarried
15972,Husband
15972,Not-in-family
15972,Other-relative
15972,Own-child
15972,Unmarried
15972,Wife
18573,Husband
18573,Other-relative
18573,Own-child
18573,Wife
36460,Not-in-family
36460,Unmarried
33400,Husband
33400,Other-relative
33400,Own-child
33400,Wife
24671,Not-in-family
24671,Unmarried
19204,Husband
19204,Other-relative
19204,Own-child
19204,Wife
36804,Husband
36804,Not-in-family
36804,Other-relative
36804,Own-child
36804,Unmarried
36804,Wife
21616,Not-in-family
21616,Unmarried
5805,Husband
5805,Not-in-family
5805,Other-relative
5805,Own-child
5805,Unmarried
5805,Wife
28372,Husband
28372,Not-in-family
28372,Other-relative
28372,Own-child
28372,Unmarried
28372,Wife
17301,Husband
17301,Other-relative
17301,Own-child
17301,Wife
42407,Husband
42407,Not-in-family
42407,Other-relative
42407,Own-child
42407,Unmarried
42407,Wife
36542,Husband
36542,Other-relative
36542,Own-child
36542,Wife
23700,Husband
23700,Other-relative
23700,Own-child
23700,Wife
40805,Husband
40805,Not-in-family
40805,Other-relative
40805,Own-child
40805,Unmarried
40805,Wife
47355,Husband
47355,Not-in-family
47355,Other-relative
47355,Own-child
47355,Unmarried
47355,Wife
11315,Husband
11315,Not-in-family
11315,Other-relative
11315,Own-child
11315,Unmarried
11315,Wife
14227,Husband
14227,Other-relative
14227,Own-child
14227,Wife
3125,Husband
3125,Not-in-family
3125,Other-relative
3125,Own-child
3125,Unmarried
3125,Wife
11804,Not-in-family
11804,Unmarried
24057,Not-in-family
24057,Unmarried
44634,Not-in-family
44634,Unmarried
41771,Husband
41771,Other-relative
41771,Own-child
41771,Wife
45795,Husband
45795,Not-in-family
45795,Other-relative
45795,Own-child
45795,Unmarried
45795,Wife
323,Husband
323,Not-in-family
323,Other-relative
323,Own-child
323,Unmarried
323,Wife
37493,Husband
37493,Not-in-family
37493,Other-relative
37493,Own-child
37493,Unmarried
37493,Wife
12600,Husband
12600,Not-in-family
12600,Other-relative
12600,Own-child
12600,Unmarried
12600,Wife
40670,Husband
40670,Not-in-family
40670,Other-relative
40670,Own-child
40670,Unmarried
40670,Wife
39756,Husband
39756,Not-in-family
39756,Other-relative
39756,Own-child
39756,Unmarried
39756,Wife
19503,Husband
19503,Not-in-family
19503,Other-relative
19503,Own-child
19503,Unmarried
19503,Wife
17705,Husband
17705,Other-relative
17705,Own-child
17705,Wife
25123,Husband
25123,Not-in-family
25123,Other-relative
25123,Own-child
25123,Unmarried
25123,Wife
18951,Husband
18951,Other-relative
18951,Own-child
18951,Wife
1556,Not-in-family
1556,Unmarried
35218,Not-in-family
35218,Unmarried
30233,Husband
30233,Other-relative
30233,Own-child
30233,Wife
12608,Husband
12608,Not-in-family
12608,Other-relative
12608,Own-child
12608,Unmarried
12608,Wife
31531,Husband
31531,Not-in-family
31531,Other-relative
31531,Own-child
31531,Unmarried
31531,Wife
45486,Husband
45486,Not-in-family
45486,Other-relative
45486,Own-child
45486,Unmarried
45486,Wife
18887,Husband
18887,Other-relative
18887,Own-child
18887,Wife
5887,Husband
5887,Not-in-family
5887,Other-relative
5887,Own-child
5887,Unmarried
5887,Wife
47992,Husband
47992,Other-relative
47992,Own-child
47992,Wife
25173,Not-in-family
25173,Unmarried
47497,Not-in-family
47497,Unmarried
14698,Not-in-family
14698,Unmarried
24028,Husband
24028,Not-in-family
24028,Other-relative
24028,Own-child
24028,Unmarried
24028,Wife
21221,Not-in-family
21221,Unmarried
37183,Husband
37183,Other-relative
37183,Own-child
37183,Wife
14331,Husband
14331,Not-in-family
14331,Other-relative
14331,Own-child
14331,Unmarried
14331,Wife
6788,Husband
6788,Not-in-family
6788,Other-relative
6788,Own-child
6788,Unmarried
6788,Wife
2776,Husband
2776,Other-relative
2776,Own-child
2776,Wife
2044,Husband
2044,Not-in-family
2044,Other-relative
2044,Own-child
2044,Unmarried
2044,Wife
4844,Not-in-family
4844,Unmarried
29787,Husband
29787,Not-in-family
29787,Other-relative
29787,Own-child
29787,Unmarried
29787,Wife
33735,Husband
33735,Not-in-family
33735,Other-relative
33735,Own-child
33735,Unmarried
33735,Wife
2259,Not-in-family
2259,Unmarried
46802,Husband
46802,Other-relative
46802,Own-child
46802,Wife
26345,Husband
26345,Not-in-family
26345,Other-relative
26345,Own-child
26345,Unmarried
26345,Wife
40846,Husband
40846,Other-relative
40846,Own-child
40846,Wife
43911,Not-in-family
43911,Unmarried
1385,Husband
1385,Other-relative
1385,Own-child
1385,Wife
34975,Husband
34975,Not-in-family
34975,Other-relative
34975,Own-child
34975,Unmarried
34975,Wife
36469,Husband
36469,Other-relative
36469,Own-child
36469,Wife
25804,Husband
25804,Not-in-family
25804,Other-relative
25804,Own-child
25804,Unmarried
25804,Wife
34520,Not-in-family
34520,Unmarried
21275,Husband
21275,Not-in-family
21275,Other-relative
21275,Own-child
21275,Unmarried
21275,Wife
6471,Husband
6471,Not-in-family
6471,Other-relative
6471,Own-child
6471,Unmarried
6471,Wife
25214,Husband
25214,Not-in-family
25214,Other-relative
25214,Own-child
25214,Unmarried
25214,Wife
5947,Husband
5947,Not-in-family
5947,Other-relative
5947,Own-child
5947,Unmarried
5947,Wife
6665,Husband
6665,Not-in-family
6665,Other-relative
6665,Own-child
6665,Unmarried
6665,Wife
46087,Husband
46087,Not-in-family
46087,Other-relative
46087,Own-child
46087,Unmarried
46087,Wife
41235,Husband
41235,Other-relative
41235,Own-child
41235,Wife
5183,Not-in-family
5183,Unmarried
21067,Husband
21067,Other-relative
21067,Own-child
21067,Wife
14603,Not-in-family
14603,Unmarried
43278,Husband
43278,Other-relative
43278,Own-child
43278,Wife
8494,Husband
8494,Other-relative
8494,Own-child
8494,Wife
6464,Husband
6464,Not-in-family
6464,Other-relative
6464,Own-child
6464,Unmarried
6464,Wife
20391,Husband
20391,Not-in-family
20391,Other-relative
20391,Own-child
20391,Unmarried
20391,Wife
15205,Not-in-family
15205,Unmarried
39117,Husband
39117,Not-in-family
39117,Other-relative
39117,Own-child
39117,Unmarried
39117,Wife
42224,Husband
42224,Not-in-family
42224,Other-relative
42224,Own-child
42224,Unmarried
42224,Wife
36525,Husband
36525,Not-in-family
36525,Other-relative
36525,Own-child
36525,Unmarried
36525,Wife
30619,Not-in-family
30619,Unmarried
28605,Husband
28605,Other-relative
28605,Own-child
28605,Wife
28547,Not-in-family
28547,Unmarried
2445,Husband
2445,Other-relative
2445,Own-child
2445,Wife
12768,Husband
12768,Not-in-family
12768,Other-relative
12768,Own-child
12768,Unmarried
12768,Wife
35493,Husband
35493,Not-in-family
35493,Other-relative
35493,Own-child
35493,Unmarried
35493,Wife
35390,Husband
35390,Not-in-family
35390,Other-relative
35390,Own-child
35390,Unmarried
35390,Wife
22529,Husband
22529,Not-in-family
22529,Other-relative
22529,Own-child
22529,Unmarried
22529,Wife
14009,Husband
14009,Other-relative
14009,Own-child
14009,Wife
6036,Husband
6036,Not-in-family
6036,Other-relative
6036,Own-child
6036,Unmarried
6036,Wife
20008,Husband
20008,Not-in-family
20008,Other-relative
20008,Own-child
20008,Unmarried
20008,Wife
38065,Husband
38065,Not-in-family
38065,Other-relative
38065,Own-child
38065,Unmarried
38065,Wife
37238,Husband
37238,Not-in-family
37238,Other-relative
37238,Own-child
37238,Unmarried
37238,Wife
7825,Husband
7825,Not-in-family
7825,Other-relative
7825,Own-child
7825,Unmarried
7825,Wife
33069,Husband
33069,Not-in-family
33069,Other-relative
33069,Own-child
33069,Unmarried
33069,Wife
25942,Husband
25942,Not-in-family
25942,Other-relative
25942,Own-child
25942,Unmarried
25942,Wife
10582,Husband
10582,Other-relative
10582,Own-child
10582,Wife
3423,Husband
3423,Not-in-family
3423,Other-relative
3423,Own-child
3423,Unmarried
3423,Wife
28675,Husband
28675,Not-in-family
28675,Other-relative
28675,Own-child
28675,Unmarried
28675,Wife
16021,Husband
16021,Not-in-family
16021,Other-relative
16021,Own-child
16021,Unmarried
16021,Wife
29952,Husband
29952,Not-in-family
29952,Other-relative
29952,Own-child
29952,Unmarried
29952,Wife
48686,Husband
48686,Not-in-family
48686,Other-relative
48686,Own-child
48686,Unmarried
48686,Wife
17340,Husband
17340,Other-relative
17340,Own-child
17340,Wife
21186,Husband
21186,Other-relative
21186,Own-child
21186,Wife
27548,Not-in-family
27548,Unmarried
44950,Husband
44950,Other-relative
44950,Own-child
44950,Wife
17592,Husband
17592,Not-in-family
17592,Other-relative
17592,Own-child
17592,Unmarried
17592,Wife
11577,Husband
11577,Not-in-family
11577,Other-relative
11577,Own-child
11577,Unmarried
11577,Wife
44149,Husband
44149,Not-in-family
44149,Other-relative
44149,Own-child
44149,Unmarried
44149,Wife
3820,Husband
3820,Not-in-family
3820,Other-relative
3820,Own-child
3820,Unmarried
3820,Wife
45347,Not-in-family
45347,Unmarried
13414,Husband
13414,Other-relative
13414,Own-child
13414,Wife
48547,Husband
48547,Not-in-family
48547,Other-relative
48547,Own-child
48547,Unmarried
48547,Wife
13994,Husband
13994,Not-in-family
13994,Other-relative
13994,Own-child
13994,Unmarried
13994,Wife
22712,Not-in-family
22712,Unmarried
28225,Husband
28225,Not-in-family
28225,Other-relative
28225,Own-child
28225,Unmarried
28225,Wife
28775,Husband
28775,Not-in-family
28775,Other-relative
28775,Own-child
28775,Unmarried
28775,Wife
35421,Husband
35421,Other-relative
35421,Own-child
35421,Wife
5580,Husband
5580,Other-relative
5580,Own-child
5580,Wife
30975,Husband
30975,Not-in-family
30975,Other-relative
30975,Own-child
30975,Unmarried
30975,Wife
7854,Husband
7854,Other-relative
7854,Own-child
7854,Wife
44338,Husband
44338,Not-in-family
44338,Other-relative
44338,Own-child
44338,Unmarried
44338,Wife
11121,Husband
11121,Other-relative
11121,Own-child
11121,Wife
40240,Husband
40240,Not-in-family
40240,Other-relative
40240,Own-child
40240,Unmarried
40240,Wife
5612,Husband
5612,Other-relative
5612,Own-child
5612,Wife
33421,Not-in-family
33421,Unmarried
36335,Husband
36335,Other-relative
36335,Own-child
36335,Wife
29620,Husband
29620,Not-in-family
29620,Other-relative
29620,Own-child
29620,Unmarried
29620,Wife
34198,Husband
34198,Other-relative
34198,Own-child
34198,Wife
22718,Husband
22718,Other-relative
22718,Own-child
22718,Wife
9005,Husband
9005,Not-in-family
9005,Other-relative
9005,Own-child
9005,Unmarried
9005,Wife
27765,Not-in-family
27765,Unmarried
4214,Husband
4214,Not-in-family
4214,Other-relative
4214,Own-child
4214,Unmarried
4214,Wife
17743,Husband
17743,Not-in-family
17743,Other-relative
17743,Own-child
17743,Unmarried
17743,Wife
18681,Husband
18681,Not-in-family
18681,Other-relative
18681,Own-child
18681,Unmarried
18681,Wife
594,Husband
594,Other-relative
594,Own-child
594,Wife
28192,Husband
28192,Not-in-family
28192,Other-relative
28192,Own-child
28192,Unmarried
28192,Wife
34306,Husband
34306,Not-in-family
34306,Other-relative
34306,Own-child
34306,Unmarried
34306,Wife
5533,Husband
5533,Not-in-family
5533,Other-relative
5533,Own-child
5533,Unmarried
5533,Wife
19765,Husband
19765,Other-relative
19765,Own-child
19765,Wife
48431,Not-in-family
48431,Unmarried
30595,Not-in-family
30595,Unmarried
33650,Husband
33650,Other-relative
33650,Own-child
33650,Wife
26397,Not-in-family
26397,Unmarried
15335,Husband
15335,Other-relative
15335,Own-child
15335,Wife
4917,Not-in-family
4917,Unmarried
30388,Husband
30388,Not-in-family
30388,Other-relative
30388,Own-child
30388,Unmarried
30388,Wife
4520,Husband
4520,Not-in-family
4520,Other-relative
4520,Own-child
4520,Unmarried
4520,Wife
44329,Not-in-family
44329,Unmarried
7828,Husband
7828,Not-in-family
7828,Other-relative
7828,Own-child
7828,Unmarried
7828,Wife
16559,Husband
16559,Not-in-family
16559,Other-relative
16559,Own-child
16559,Unmarried
16559,Wife
5930,Husband
5930,Not-in-family
5930,Other-relative
5930,Own-child
5930,Unmarried
5930,Wife
15832,Husband
15832,Other-relative
15832,Own-child
15832,Wife
40817,Husband
40817,Not-in-family
40817,Other-relative
40817,Own-child
40817,Unmarried
40817,Wife
16455,Not-in-family
16455,Unmarried
13383,Husband
13383,Not-in-family
13383,Other-relative
13383,Own-child
13383,Unmarried
13383,Wife
48662,Husband
48662,Other-relative
48662,Own-child
48662,Wife
39484,Husband
39484,Not-in-family
39484,Other-relative
39484,Own-child
39484,Unmarried
39484,Wife
23911,Husband
23911,Not-in-family
23911,Other-relative
23911,Own-child
23911,Unmarried
23911,Wife
48339,Husband
48339,Not-in-family
48339,Other-relative
48339,Own-child
48339,Unmarried
48339,Wife
18671,Husband
18671,Other-relative
18671,Own-child
18671,Wife
44863,Husband
44863,Other-relative
44863,Own-child
44863,Wife
29497,Not-in-family
29497,Unmarried
8834,Husband
8834,Other-relative
8834,Own-child
8834,Wife
20281,Husband
20281,Other-relative
20281,Own-child
20281,Wife
24819,Husband
24819,Not-in-family
24819,Other-relative
24819,Own-child
24819,Unmarried
24819,Wife
17422,Husband
17422,Other-relative
17422,Own-child
17422,Wife
14253,Husband
14253,Other-relative
14253,Own-child
14253,Wife
9752,Husband
9752,Not-in-family
9752,Other-relative
9752,Own-child
9752,Unmarried
9752,Wife
30127,Husband
30127,Not-in-family
30127,Other-relative
30127,Own-child
30127,Unmarried
30127,Wife
10773,Not-in-family
10773,Unmarried
30980,Husband
30980,Other-relative
30980,Own-child
30980,Wife
2913,Husband
2913,Not-in-family
2913,Other-relative
2913,Own-child
2913,Unmarried
2913,Wife
40562,Husband
40562,Not-in-family
40562,Other-relative
40562,Own-child
40562,Unmarried
40562,Wife
30954,Husband
30954,Not-in-family
30954,Other-relative
30954,Own-child
30954,Unmarried
30954,Wife
7757,Husband
7757,Not-in-family
7757,Other-relative
7757,Own-child
7757,Unmarried
7757,Wife
15720,Husband
15720,Not-in-family
15720,Other-relative
15720,Own-child
15720,Unmarried
15720,Wife
5881,Husband
5881,Not-in-family
5881,Other-relative
5881,Own-child
5881,Unmarried
5881,Wife
35581,Husband
35581,Not-in-family
35581,Other-relative
35581,Own-child
35581,Unmarried
35581,Wife
31016,Husband
31016,Other-relative
31016,Own-child
31016,Wife
23186,Husband
23186,Other-relative
23186,Own-child
23186,Wife
2370,Husband
2370,Other-relative
2370,Own-child
2370,Wife
47752,Husband
47752,Other-relative
47752,Own-child
47752,Wife
630,Husband
630,Not-in-family
630,Other-relative
630,Own-child
630,Unmarried
630,Wife
2202,Not-in-family
2202,Unmarried
18870,Husband
18870,Not-in-family
18870,Other-relative
18870,Own-child
18870,Unmarried
18870,Wife
31030,Husband
31030,Other-relative
31030,Own-child
31030,Wife
33704,Not-in-family
33704,Unmarried
33840,Husband
33840,Not-in-family
33840,Other-relative
33840,Own-child
33840,Unmarried
33840,Wife
25215,Husband
25215,Not-in-family
25215,Other-relative
25215,Own-child
25215,Unmarried
25215,Wife
21640,Husband
21640,Not-in-family
21640,Other-relative
21640,Own-child
21640,Unmarried
21640,Wife
25871,Husband
25871,Not-in-family
25871,Other-relative
25871,Own-child
25871,Unmarried
25871,Wife
27783,Husband
27783,Not-in-family
27783,Other-relative
27783,Own-child
27783,Unmarried
27783,Wife
13901,Husband
13901,Other-relative
13901,Own-child
13901,Wife
19036,Husband
19036,Not-in-family
19036,Other-relative
19036,Own-child
19036,Unmarried
19036,Wife
43072,Husband
43072,Other-relative
43072,Own-child
43072,Wife
41040,Husband
41040,Other-relative
41040,Own-child
41040,Wife
42558,Husband
42558,Not-in-family
42558,Other-relative
42558,Own-child
42558,Unmarried
42558,Wife
24087,Husband
24087,Not-in-family
24087,Other-relative
24087,Own-child
24087,Unmarried
24087,Wife
4410,Husband
4410,Other-relative
4410,Own-child
4410,Wife
629,Husband
629,Not-in-family
629,Other-relative
629,Own-child
629,Unmarried
629,Wife
15307,Husband
15307,Not-in-family
15307,Other-relative
15307,Own-child
15307,Unmarried
15307,Wife
7548,Husband
7548,Other-relative
7548,Own-child
7548,Wife
34627,Husband
34627,Other-relative
34627,Own-child
34627,Wife
34708,Husband
34708,Not-in-family
34708,Other-relative
34708,Own-child
34708,Unmarried
34708,Wife
1927,Husband
1927,Other-relative
1927,Own-child
1927,Wife
35236,Husband
35236,Not-in-family
35236,Other-relative
35236,Own-child
35236,Unmarried
35236,Wife
7786,Husband
7786,Not-in-family
7786,Other-relative
7786,Own-child
7786,Unmarried
7786,Wife
42181,Husband
42181,Not-in-family
42181,Other-relative
42181,Own-child
42181,Unmarried
42181,Wife
31270,Husband
31270,Not-in-family
31270,Other-relative
31270,Own-child
31270,Unmarried
31270,Wife
4382,Husband
4382,Not-in-family
4382,Other-relative
4382,Own-child
4382,Unmarried
4382,Wife
35265,Husband
35265,Not-in-family
35265,Other-relative
35265,Own-child
35265,Unmarried
35265,Wife
8809,Husband
8809,Not-in-family
8809,Other-relative
8809,Own-child
8809,Unmarried
8809,Wife
30769,Husband
30769,Not-in-family
30769,Other-relative
30769,Own-child
30769,Unmarried
30769,Wife
30431,Husband
30431,Not-in-family
30431,Other-relative
30431,Own-child
30431,Unmarried
30431,Wife
10331,Husband
10331,Not-in-family
10331,Other-relative
10331,Own-child
10331,Unmarried
10331,Wife
21552,Husband
21552,Not-in-family
21552,Other-relative
21552,Own-child
21552,Unmarried
21552,Wife
3158,Not-in-family
3158,Unmarried
43636,Not-in-family
43636,Unmarried
9000,Husband
9000,Not-in-family
9000,Other-relative
9000,Own-child
9000,Unmarried
9000,Wife
16042,Husband
16042,Not-in-family
16042,Other-relative
16042,Own-child
16042,Unmarried
16042,Wife
19867,Husband
19867,Not-in-family
19867,Other-relative
19867,Own-child
19867,Unmarried
19867,Wife
46487,Not-in-family
46487,Unmarried
20319,Husband
20319,Not-in-family
20319,Other-relative
20319,Own-child
20319,Unmarried
20319,Wife
9421,Husband
9421,Not-in-family
9421,Other-relative
9421,Own-child
9421,Unmarried
9421,Wife
14862,Husband
14862,Not-in-family
14862,Other-relative
14862,Own-child
14862,Unmarried
14862,Wife
26621,Husband
26621,Other-relative
26621,Own-child
26621,Wife
46103,Husband
46103,Not-in-family
46103,Other-relative
46103,Own-child
46103,Unmarried
46103,Wife
29702,Husband
29702,Not-in-family
29702,Other-relative
29702,Own-child
29702,Unmarried
29702,Wife
29876,Husband
29876,Not-in-family
29876,Other-relative
29876,Own-child
29876,Unmarried
29876,Wife
15586,Husband
15586,Not-in-family
15586,Other-relative
15586,Own-child
15586,Unmarried
15586,Wife
22629,Not-in-family
22629,Unmarried
26028,Not-in-family
26028,Unmarried
9093,Husband
9093,Other-relative
9093,Own-child
9093,Wife
23179,Not-in-family
23179,Unmarried
24967,Husband
24967,Not-in-family
24967,Other-relative
24967,Own-child
24967,Unmarried
24967,Wife
22500,Husband
22500,Other-relative
22500,Own-child
22500,Wife
24274,Husband
24274,Not-in-family
24274,Other-relative
24274,Own-child
24274,Unmarried
24274,Wife
10637,Husband
10637,Other-relative
10637,Own-child
10637,Wife
18491,Husband
18491,Not-in-family
18491,Other-relative
18491,Own-child
18491,Unmarried
18491,Wife
11589,Husband
11589,Not-in-family
11589,Other-relative
11589,Own-child
11589,Unmarried
11589,Wife
20705,Husband
20705,Other-relative
20705,Own-child
20705,Wife
14895,Husband
14895,Not-in-family
14895,Other-relative
14895,Own-child
14895,Unmarried
14895,Wife
17215,Husband
17215,Not-in-family
17215,Other-relative
17215,Own-child
17215,Unmarried
17215,Wife
28161,Husband
28161,Other-relative
28161,Own-child
28161,Wife
48707,Husband
48707,Not-in-family
48707,Other-relative
48707,Own-child
48707,Unmarried
48707,Wife
4634,Husband
4634,Not-in-family
4634,Other-relative
4634,Own-child
4634,Unmarried
4634,Wife
47966,Husband
47966,Other-relative
47966,Own-child
47966,Wife
30500,Husband
30500,Not-in-family
30500,Other-relative
30500,Own-child
30500,Unmarried
30500,Wife
26609,Husband
26609,Other-relative
26609,Own-child
26609,Wife
22605,Husband
22605,Other-relative
22605,Own-child
22605,Wife
4897,Husband
4897,Not-in-family
4897,Other-relative
4897,Own-child
4897,Unmarried
4897,Wife
40339,Husband
40339,Not-in-family
40339,Other-relative
40339,Own-child
40339,Unmarried
40339,Wife
26744,Husband
26744,Not-in-family
26744,Other-relative
26744,Own-child
26744,Unmarried
26744,Wife
38822,Husband
38822,Other-relative
38822,Own-child
38822,Wife
35279,Husband
35279,Other-relative
35279,Own-child
35279,Wife
24634,Husband
24634,Not-in-family
24634,Other-relative
24634,Own-child
24634,Unmarried
24634,Wife
30933,Not-in-family
30933,Unmarried
29759,Husband
29759,Not-in-family
29759,Other-relative
29759,Own-child
29759,Unmarried
29759,Wife
16400,Not-in-family
16400,Unmarried
43106,Husband
43106,Other-relative
43106,Own-child
43106,Wife
12159,Husband
12159,Not-in-family
12159,Other-relative
12159,Own-child
12159,Unmarried
12159,Wife
21872,Husband
21872,Not-in-family
21872,Other-relative
21872,Own-child
21872,Unmarried
21872,Wife
9515,Not-in-family
9515,Unmarried
8884,Not-in-family
8884,Unmarried
4860,Not-in-family
4860,Unmarried
2746,Husband
2746,Other-relative
2746,Own-child
2746,Wife
12476,Husband
12476,Other-relative
12476,Own-child
12476,Wife
43008,Not-in-family
43008,Unmarried
23382,Husband
23382,Other-relative
23382,Own-child
23382,Wife
18983,Not-in-family
18983,Unmarried
18059,Husband
18059,Not-in-family
18059,Other-relative
18059,Own-child
18059,Unmarried
18059,Wife
24880,Husband
24880,Not-in-family
24880,Other-relative
24880,Own-child
24880,Unmarried
24880,Wife
12447,Husband
12447,Not-in-family
12447,Other-relative
12447,Own-child
12447,Unmarried
12447,Wife
31041,Husband
31041,Other-relative
31041,Own-child
31041,Wife
7053,Husband
7053,Other-relative
7053,Own-child
7053,Wife
40523,Husband
40523,Not-in-family
40523,Other-relative
40523,Own-child
40523,Unmarried
40523,Wife
17198,Husband
17198,Not-in-family
17198,Other-relative
17198,Own-child
17198,Unmarried
17198,Wife
18057,Not-in-family
18057,Unmarried
26622,Husband
26622,Not-in-family
26622,Other-relative
26622,Own-child
26622,Unmarried
26622,Wife
18798,Husband
18798,Not-in-family
18798,Other-relative
18798,Own-child
18798,Unmarried
18798,Wife
22194,Husband
22194,Other-relative
22194,Own-child
22194,Wife
27506,Husband
27506,Not-in-family
27506,Other-relative
27506,Own-child
27506,Unmarried
27506,Wife
37211,Husband
37211,Other-relative
37211,Own-child
37211,Wife
43443,Not-in-family
43443,Unmarried
25436,Husband
25436,Not-in-family
25436,Other-relative
25436,Own-child
25436,Unmarried
25436,Wife
16125,Husband
16125,Other-relative
16125,Own-child
16125,Wife
39640,Husband
39640,Other-relative
39640,Own-child
39640,Wife
10165,Husband
10165,Not-in-family
10165,Other-relative
10165,Own-child
10165,Unmarried
10165,Wife
38790,Husband
38790,Not-in-family
38790,Other-relative
38790,Own-child
38790,Unmarried
38790,Wife
17349,Not-in-family
17349,Unmarried
1912,Husband
1912,Other-relative
1912,Own-child
1912,Wife
13128,Husband
13128,Other-relative
13128,Own-child
13128,Wife
37809,Husband
37809,Other-relative
37809,Own-child
37809,Wife
20475,Husband
20475,Other-relative
20475,Own-child
20475,Wife
29159,Husband
29159,Not-in-family
29159,Other-relative
29159,Own-child
29159,Unmarried
29159,Wife
37914,Husband
37914,Other-relative
37914,Own-child
37914,Wife
46019,Husband
46019,Not-in-family
46019,Other-relative
46019,Own-child
46019,Unmarried
46019,Wife
31890,Husband
31890,Not-in-family
31890,Other-relative
31890,Own-child
31890,Unmarried
31890,Wife
5889,Husband
5889,Other-relative
5889,Own-child
5889,Wife
11806,Not-in-family
11806,Unmarried
45261,Husband
45261,Not-in-family
45261,Other-relative
45261,Own-child
45261,Unmarried
45261,Wife
5236,Husband
5236,Not-in-family
5236,Other-relative
5236,Own-child
5236,Unmarried
5236,Wife
24952,Husband
24952,Other-relative
24952,Own-child
24952,Wife
15114,Husband
15114,Other-relative
15114,Own-child
15114,Wife
9004,Husband
9004,Not-in-family
9004,Other-relative
9004,Own-child
9004,Unmarried
9004,Wife
3354,Not-in-family
3354,Unmarried
35206,Husband
35206,Other-relative
35206,Own-child
35206,Wife
28974,Husband
28974,Not-in-family
28974,Other-relative
28974,Own-child
28974,Unmarried
28974,Wife
10787,Husband
10787,Not-in-family
10787,Other-relative
10787,Own-child
10787,Unmarried
10787,Wife
47203,Husband
47203,Not-in-family
47203,Other-relative
47203,Own-child
47203,Unmarried
47203,Wife
503,Not-in-family
503,Unmarried
20933,Husband
20933,Not-in-family
20933,Other-relative
20933,Own-child
20933,Unmarried
20933,Wife
4378,Husband
4378,Not-in-family
4378,Other-relative
4378,Own-child
4378,Unmarried
4378,Wife
15962,Not-in-family
15962,Unmarried
44607,Husband
44607,Not-in-family
44607,Other-relative
44607,Own-child
44607,Unmarried
44607,Wife
4739,Husband
4739,Not-in-family
4739,Other-relative
4739,Own-child
4739,Unmarried
4739,Wife
2106,Husband
2106,Not-in-family
2106,Other-relative
2106,Own-child
2106,Unmarried
2106,Wife
37187,Husband
37187,Not-in-family
37187,Other-relative
37187,Own-child
37187,Unmarried
37187,Wife
31595,Not-in-family
31595,Unmarried
38821,Not-in-family
38821,Unmarried
5646,Not-in-family
5646,Unmarried
29145,Husband
29145,Not-in-family
29145,Other-relative
29145,Own-child
29145,Unmarried
29145,Wife
3230,Husband
3230,Other-relative
3230,Own-child
3230,Wife
19340,Husband
19340,Not-in-family
19340,Other-relative
19340,Own-child
19340,Unmarried
19340,Wife
9276,Husband
9276,Not-in-family
9276,Other-relative
9276,Own-child
9276,Unmarried
9276,Wife
34031,Husband
34031,Other-relative
34031,Own-child
34031,Wife
9746,Husband
9746,Other-relative
9746,Own-child
9746,Wife
12481,Husband
12481,Other-relative
12481,Own-child
12481,Wife
29891,Husband
29891,Not-in-family
29891,Other-relative
29891,Own-child
29891,Unmarried
29891,Wife
7225,Not-in-family
7225,Unmarried
13595,Husband
13595,Other-relative
13595,Own-child
13595,Wife
32338,Not-in-family
32338,Unmarried
41542,Not-in-family
41542,Unmarried
20687,Husband
20687,Not-in-family
20687,Other-relative
20687,Own-child
20687,Unmarried
20687,Wife
3645,Husband
3645,Other-relative
3645,Own-child
3645,Wife
38218,Husband
38218,Not-in-family
38218,Other-relative
38218,Own-child
38218,Unmarried
38218,Wife
29122,Husband
29122,Other-relative
29122,Own-child
29122,Wife
31853,Husband
31853,Other-relative
31853,Own-child
31853,Wife
1595,Husband
1595,Not-in-family
1595,Other-relative
1595,Own-child
1595,Unmarried
1595,Wife
38690,Not-in-family
38690,Unmarried
35395,Husband
35395,Not-in-family
35395,Other-relative
35395,Own-child
35395,Unmarried
35395,Wife
19569,Husband
19569,Not-in-family
19569,Other-relative
19569,Own-child
19569,Unmarried
19569,Wife
994,Husband
994,Not-in-family
994,Other-relative
994,Own-child
994,Unmarried
994,Wife
30016,Not-in-family
30016,Unmarried
21220,Husband
21220,Not-in-family
21220,Other-relative
21220,Own-child
21220,Unmarried
21220,Wife
14474,Husband
14474,Not-in-family
14474,Other-relative
14474,Own-child
14474,Unmarried
14474,Wife
48376,Husband
48376,Not-in-family
48376,Other-relative
48376,Own-child
48376,Unmarried
48376,Wife
19342,Husband
19342,Not-in-family
19342,Other-relative
19342,Own-child
19342,Unmarried
19342,Wife
30183,Husband
30183,Not-in-family
30183,Other-relative
30183,Own-child
30183,Unmarried
30183,Wife
48815,Husband
48815,Other-relative
48815,Own-child
48815,Wife
32817,Not-in-family
32817,Unmarried
12073,Husband
12073,Other-relative
12073,Own-child
12073,Wife
20097,Not-in-family
20097,Unmarried
16524,Husband
16524,Not-in-family
16524,Other-relative
16524,Own-child
16524,Unmarried
16524,Wife
10292,Husband
10292,Not-in-family
10292,Other-relative
10292,Own-child
10292,Unmarried
10292,Wife
11263,Husband
11263,Not-in-family
11263,Other-relative
11263,Own-child
11263,Unmarried
11263,Wife
36997,Not-in-family
36997,Unmarried
21998,Husband
21998,Not-in-family
21998,Other-relative
21998,Own-child
21998,Unmarried
21998,Wife
3243,Husband
3243,Not-in-family
3243,Other-relative
3243,Own-child
3243,Unmarried
3243,Wife
12376,Husband
12376,Not-in-family
12376,Other-relative
12376,Own-child
12376,Unmarried
12376,Wife
30775,Husband
30775,Other-relative
30775,Own-child
30775,Wife
40155,Not-in-family
40155,Unmarried
38406,Not-in-family
38406,Unmarried
40741,Husband
40741,Other-relative
40741,Own-child
40741,Wife
26867,Husband
26867,Not-in-family
26867,Other-relative
26867,Own-child
26867,Unmarried
26867,Wife
2507,Husband
2507,Other-relative
2507,Own-child
2507,Wife
26498,Husband
26498,Not-in-family
26498,Other-relative
26498,Own-child
26498,Unmarried
26498,Wife
30814,Husband
30814,Not-in-family
30814,Other-relative
30814,Own-child
30814,Unmarried
30814,Wife
16243,Husband
16243,Not-in-family
16243,Other-relative
16243,Own-child
16243,Unmarried
16243,Wife
32726,Husband
32726,Not-in-family
32726,Other-relative
32726,Own-child
32726,Unmarried
32726,Wife
19097,Husband
19097,Not-in-family
19097,Other-relative
19097,Own-child
19097,Unmarried
19097,Wife
2757,Husband
2757,Other-relative
2757,Own-child
2757,Wife
19982,Husband
19982,Other-relative
19982,Own-child
19982,Wife
23955,Husband
23955,Not-in-family
23955,Other-relative
23955,Own-child
23955,Unmarried
23955,Wife
46626,Husband
46626,Not-in-family
46626,Other-relative
46626,Own-child
46626,Unmarried
46626,Wife
12310,Husband
12310,Not-in-family
12310,Other-relative
12310,Own-child
12310,Unmarried
12310,Wife
35015,Husband
35015,Not-in-family
35015,Other-relative
35015,Own-child
35015,Unmarried
35015,Wife
23020,Husband
23020,Not-in-family
23020,Other-relative
23020,Own-child
23020,Unmarried
23020,Wife
46257,Husband
46257,Not-in-family
46257,Other-relative
46257,Own-child
46257,Unmarried
46257,Wife
7380,Husband
7380,Not-in-family
7380,Other-relative
7380,Own-child
7380,Unmarried
7380,Wife
1826,Not-in-family
1826,Unmarried
31840,Husband
31840,Other-relative
31840,Own-child
31840,Wife
33932,Husband
33932,Other-relative
33932,Own-child
33932,Wife
31075,Husband
31075,Not-in-family
31075,Other-relative
31075,Own-child
31075,Unmarried
31075,Wife
41444,Husband
41444,Other-relative
41444,Own-child
41444,Wife
25324,Husband
25324,Not-in-family
25324,Other-relative
25324,Own-child
25324,Unmarried
25324,Wife
46497,Husband
46497,Not-in-family
46497,Other-relative
46497,Own-child
46497,Unmarried
46497,Wife
35978,Not-in-family
35978,Unmarried
21575,Husband
21575,Not-in-family
21575,Other-relative
21575,Own-child
21575,Unmarried
21575,Wife
43003,Husband
43003,Not-in-family
43003,Other-relative
43003,Own-child
43003,Unmarried
43003,Wife
195,Husband
195,Not-in-family
195,Other-relative
195,Own-child
195,Unmarried
195,Wife
12460,Husband
12460,Not-in-family
12460,Other-relative
12460,Own-child
12460,Unmarried
12460,Wife
43385,Husband
43385,Other-relative
43385,Own-child
43385,Wife
11600,Husband
11600,Other-relative
11600,Own-child
11600,Wife
48702,Not-in-family
48702,Unmarried
15423,Husband
15423,Not-in-family
15423,Other-relative
15423,Own-child
15423,Unmarried
15423,Wife
45633,Husband
45633,Not-in-family
45633,Other-relative
45633,Own-child
45633,Unmarried
45633,Wife
21085,Husband
21085,Other-relative
21085,Own-child
21085,Wife
15163,Husband
15163,Other-relative
15163,Own-child
15163,Wife
2708,Husband
2708,Not-in-family
2708,Other-relative
2708,Own-child
2708,Unmarried
2708,Wife
35627,Not-in-family
35627,Unmarried
35530,Husband
35530,Other-relative
35530,Own-child
35530,Wife
42403,Husband
42403,Not-in-family
42403,Other-relative
42403,Own-child
42403,Unmarried
42403,Wife
15025,Not-in-family
15025,Unmarried
43627,Husband
43627,Not-in-family
43627,Other-relative
43627,Own-child
43627,Unmarried
43627,Wife
875,Husband
875,Not-in-family
875,Other-relative
875,Own-child
875,Unmarried
875,Wife
9895,Husband
9895,Other-relative
9895,Own-child
9895,Wife
900,Husband
900,Other-relative
900,Own-child
900,Wife
48075,Not-in-family
48075,Unmarried
24243,Husband
24243,Not-in-family
24243,Other-relative
24243,Own-child
24243,Unmarried
24243,Wife
35498,Husband
35498,Not-in-family
35498,Other-relative
35498,Own-child
35498,Unmarried
35498,Wife
11609,Husband
11609,Not-in-family
11609,Other-relative
11609,Own-child
11609,Unmarried
11609,Wife
4385,Husband
4385,Not-in-family
4385,Other-relative
4385,Own-child
4385,Unmarried
4385,Wife
38345,Not-in-family
38345,Unmarried
12421,Not-in-family
12421,Unmarried
5774,Not-in-family
5774,Unmarried
29459,Husband
29459,Not-in-family
29459,Other-relative
29459,Own-child
29459,Unmarried
29459,Wife
9724,Not-in-family
9724,Unmarried
35671,Husband
35671,Not-in-family
35671,Other-relative
35671,Own-child
35671,Unmarried
35671,Wife
35158,Not-in-family
35158,Unmarried
13610,Husband
13610,Not-in-family
13610,Other-relative
13610,Own-child
13610,Unmarried
13610,Wife
19719,Husband
19719,Not-in-family
19719,Other-relative
19719,Own-child
19719,Unmarried
19719,Wife
32552,Husband
32552,Other-relative
32552,Own-child
32552,Wife
24723,Husband
24723,Not-in-family
24723,Other-relative
24723,Own-child
24723,Unmarried
24723,Wife
23685,Husband
23685,Other-relative
23685,Own-child
23685,Wife
37375,Husband
37375,Not-in-family
37375,Other-relative
37375,Own-child
37375,Unmarried
37375,Wife
32900,Not-in-family
32900,Unmarried
42782,Husband
42782,Not-in-family
42782,Other-relative
42782,Own-child
42782,Unmarried
42782,Wife
38807,Husband
38807,Not-in-family
38807,Other-relative
38807,Own-child
38807,Unmarried
38807,Wife
46238,Husband
46238,Other-relative
46238,Own-child
46238,Wife
13072,Husband
13072,Not-in-family
13072,Other-relative
13072,Own-child
13072,Unmarried
13072,Wife
911,Not-in-family
911,Unmarried
18332,Husband
18332,Not-in-family
18332,Other-relative
18332,Own-child
18332,Unmarried
18332,Wife
9607,Husband
9607,Not-in-family
9607,Other-relative
9607,Own-child
9607,Unmarried
9607,Wife
16154,Husband
16154,Not-in-family
16154,Other-relative
16154,Own-child
16154,Unmarried
16154,Wife
43233,Husband
43233,Other-relative
43233,Own-child
43233,Wife
32852,Husband
32852,Not-in-family
32852,Other-relative
32852,Own-child
32852,Unmarried
32852,Wife
30873,Husband
30873,Not-in-family
30873,Other-relative
30873,Own-child
30873,Unmarried
30873,Wife
24444,Husband
24444,Not-in-family
24444,Other-relative
24444,Own-child
24444,Unmarried
24444,Wife
5795,Husband
5795,Other-relative
5795,Own-child
5795,Wife
4881,Husband
4881,Not-in-family
4881,Other-relative
4881,Own-child
4881,Unmarried
4881,Wife
45808,Husband
45808,Other-relative
45808,Own-child
45808,Wife
8095,Husband
8095,Other-relative
8095,Own-child
8095,Wife
32380,Not-in-family
32380,Unmarried
41329,Husband
41329,Not-in-family
41329,Other-relative
41329,Own-child
41329,Unmarried
41329,Wife
43836,Husband
43836,Other-relative
43836,Own-child
43836,Wife
4268,Husband
4268,Not-in-family
4268,Other-relative
4268,Own-child
4268,Unmarried
4268,Wife
44420,Husband
44420,Not-in-family
44420,Other-relative
44420,Own-child
44420,Unmarried
44420,Wife
2625,Husband
2625,Other-relative
2625,Own-child
2625,Wife
25499,Husband
25499,Other-relative
25499,Own-child
25499,Wife
16466,Not-in-family
16466,Unmarried
47719,Not-in-family
47719,Unmarried
46970,Husband
46970,Not-in-family
46970,Other-relative
46970,Own-child
46970,Unmarried
46970,Wife
12493,Husband
12493,Not-in-family
12493,Other-relative
12493,Own-child
12493,Unmarried
12493,Wife
33286,Husband
33286,Not-in-family
33286,Other-relative
33286,Own-child
33286,Unmarried
33286,Wife
48426,Husband
48426,Other-relative
48426,Own-child
48426,Wife
3868,Not-in-family
3868,Unmarried
46255,Husband
46255,Other-relative
46255,Own-child
46255,Wife
13864,Husband
13864,Other-relative
13864,Own-child
13864,Wife
24240,Not-in-family
24240,Unmarried
24717,Not-in-family
24717,Unmarried
32526,Husband
32526,Not-in-family
32526,Other-relative
32526,Own-child
32526,Unmarried
32526,Wife
27803,Husband
27803,Other-relative
27803,Own-child
27803,Wife
28770,Husband
28770,Other-relative
28770,Own-child
28770,Wife
17655,Husband
17655,Not-in-family
17655,Other-relative
17655,Own-child
17655,Unmarried
17655,Wife
10670,Husband
10670,Not-in-family
10670,Other-relative
10670,Own-child
10670,Unmarried
10670,Wife
15661,Not-in-family
15661,Unmarried
44240,Husband
44240,Not-in-family
44240,Other-relative
44240,Own-child
44240,Unmarried
44240,Wife
8832,Not-in-family
8832,Unmarried
47156,Husband
47156,Not-in-family
47156,Other-relative
47156,Own-child
47156,Unmarried
47156,Wife
6919,Husband
6919,Not-in-family
6919,Other-relative
6919,Own-child
6919,Unmarried
6919,Wife
42737,Husband
42737,Not-in-family
42737,Other-relative
42737,Own-child
42737,Unmarried
42737,Wife
47875,Husband
47875,Other-relative
47875,Own-child
47875,Wife
10607,Not-in-family
10607,Unmarried
36193,Not-in-family
36193,Unmarried
44636,Husband
44636,Other-relative
44636,Own-child
44636,Wife
43461,Husband
43461,Other-relative
43461,Own-child
43461,Wife
35510,Husband
35510,Not-in-family
35510,Other-relative
35510,Own-child
35510,Unmarried
35510,Wife
18155,Husband
18155,Other-relative
18155,Own-child
18155,Wife
33372,Not-in-family
33372,Unmarried
19628,Husband
19628,Not-in-family
19628,Other-relative
19628,Own-child
19628,Unmarried
19628,Wife
15879,Husband
15879,Not-in-family
15879,Other-relative
15879,Own-child
15879,Unmarried
15879,Wife
18066,Husband
18066,Not-in-family
18066,Other-relative
18066,Own-child
18066,Unmarried
18066,Wife
38687,Husband
38687,Not-in-family
38687,Other-relative
38687,Own-child
38687,Unmarried
38687,Wife
44196,Husband
44196,Not-in-family
44196,Other-relative
44196,Own-child
44196,Unmarried
44196,Wife
1861,Husband
1861,Other-relative
1861,Own-child
1861,Wife
18576,Husband
18576,Other-relative
18576,Own-child
18576,Wife
20750,Husband
20750,Not-in-family
20750,Other-relative
20750,Own-child
20750,Unmarried
20750,Wife
36357,Husband
36357,Other-relative
36357,Own-child
36357,Wife
19566,Husband
19566,Other-relative
19566,Own-child
19566,Wife
30415,Not-in-family
30415,Unmarried
32554,Husband
32554,Other-relative
32554,Own-child
32554,Wife
14699,Husband
14699,Other-relative
14699,Own-child
14699,Wife
20727,Husband
20727,Not-in-family
20727,Other-relative
20727,Own-child
20727,Unmarried
20727,Wife
46075,Husband
46075,Not-in-family
46075,Other-relative
46075,Own-child
46075,Unmarried
46075,Wife
24174,Husband
24174,Not-in-family
24174,Other-relative
24174,Own-child
24174,Unmarried
24174,Wife
1247,Husband
1247,Not-in-family
1247,Other-relative
1247,Own-child
1247,Unmarried
1247,Wife
20002,Husband
20002,Not-in-family
20002,Other-relative
20002,Own-child
20002,Unmarried
20002,Wife
27153,Husband
27153,Not-in-family
27153,Other-relative
27153,Own-child
27153,Unmarried
27153,Wife
13174,Husband
13174,Other-relative
13174,Own-child
13174,Wife
41464,Husband
41464,Not-in-family
41464,Other-relative
41464,Own-child
41464,Unmarried
41464,Wife
9651,Husband
9651,Other-relative
9651,Own-child
9651,Wife
29848,Husband
29848,Other-relative
29848,Own-child
29848,Wife
34411,Husband
34411,Not-in-family
34411,Other-relative
34411,Own-child
34411,Unmarried
34411,Wife
18896,Husband
18896,Not-in-family
18896,Other-relative
18896,Own-child
18896,Unmarried
18896,Wife
14140,Husband
14140,Other-relative
14140,Own-child
14140,Wife
42174,Husband
42174,Not-in-family
42174,Other-relative
42174,Own-child
42174,Unmarried
42174,Wife
32568,Husband
32568,Other-relative
32568,Own-child
32568,Wife
18263,Husband
18263,Other-relative
18263,Own-child
18263,Wife
5319,Husband
5319,Other-relative
5319,Own-child
5319,Wife
35928,Husband
35928,Not-in-family
35928,Other-relative
35928,Own-child
35928,Unmarried
35928,Wife
44135,Husband
44135,Other-relative
44135,Own-child
44135,Wife
16164,Husband
16164,Other-relative
16164,Own-child
16164,Wife
46270,Husband
46270,Not-in-family
46270,Other-relative
46270,Own-child
46270,Unmarried
46270,Wife
33860,Not-in-family
33860,Unmarried
372,Husband
372,Not-in-family
372,Other-relative
372,Own-child
372,Unmarried
372,Wife
26494,Husband
26494,Other-relative
26494,Own-child
26494,Wife
23439,Husband
23439,Other-relative
23439,Own-child
23439,Wife
38720,Not-in-family
38720,Unmarried
47130,Husband
47130,Not-in-family
47130,Other-relative
47130,Own-child
47130,Unmarried
47130,Wife
8797,Husband
8797,Not-in-family
8797,Other-relative
8797,Own-child
8797,Unmarried
8797,Wife
3400,Husband
3400,Not-in-family
3400,Other-relative
3400,Own-child
3400,Unmarried
3400,Wife
29784,Husband
29784,Other-relative
29784,Own-child
29784,Wife
37586,Husband
37586,Not-in-family
37586,Other-relative
37586,Own-child
37586,Unmarried
37586,Wife
15392,Husband
15392,Not-in-family
15392,Other-relative
15392,Own-child
15392,Unmarried
15392,Wife
37159,Husband
37159,Not-in-family
37159,Other-relative
37159,Own-child
37159,Unmarried
37159,Wife
6207,Husband
6207,Other-relative
6207,Own-child
6207,Wife
44865,Husband
44865,Not-in-family
44865,Other-relative
44865,Own-child
44865,Unmarried
44865,Wife
6389,Husband
6389,Other-relative
6389,Own-child
6389,Wife
42976,Husband
42976,Not-in-family
42976,Other-relative
42976,Own-child
42976,Unmarried
42976,Wife
10821,Husband
10821,Not-in-family
10821,Other-relative
10821,Own-child
10821,Unmarried
10821,Wife
2431,Husband
2431,Other-relative
2431,Own-child
2431,Wife
11245,Husband
11245,Other-relative
11245,Own-child
11245,Wife
38475,Husband
38475,Other-relative
38475,Own-child
38475,Wife
27696,Husband
27696,Other-relative
27696,Own-child
27696,Wife
42554,Not-in-family
42554,Unmarried
46588,Husband
46588,Not-in-family
46588,Other-relative
46588,Own-child
46588,Unmarried
46588,Wife
38987,Husband
38987,Not-in-family
38987,Other-relative
38987,Own-child
38987,Unmarried
38987,Wife
11758,Husband
11758,Not-in-family
11758,Other-relative
11758,Own-child
11758,Unmarried
11758,Wife
20618,Not-in-family
20618,Unmarried
47374,Husband
47374,Not-in-family
47374,Other-relative
47374,Own-child
47374,Unmarried
47374,Wife
17593,Husband
17593,Not-in-family
17593,Other-relative
17593,Own-child
17593,Unmarried
17593,Wife
38545,Husband
38545,Not-in-family
38545,Other-relative
38545,Own-child
38545,Unmarried
38545,Wife
35294,Not-in-family
35294,Unmarried
29519,Husband
29519,Not-in-family
29519,Other-relative
29519,Own-child
29519,Unmarried
29519,Wife
31526,Husband
31526,Not-in-family
31526,Other-relative
31526,Own-child
31526,Unmarried
31526,Wife
23758,Not-in-family
23758,Unmarried
10109,Husband
10109,Not-in-family
10109,Other-relative
10109,Own-child
10109,Unmarried
10109,Wife
35193,Husband
35193,Not-in-family
35193,Other-relative
35193,Own-child
35193,Unmarried
35193,Wife
13299,Husband
13299,Not-in-family
13299,Other-relative
13299,Own-child
13299,Unmarried
13299,Wife
16525,Husband
16525,Not-in-family
16525,Other-relative
16525,Own-child
16525,Unmarried
16525,Wife
10340,Husband
10340,Not-in-family
10340,Other-relative
10340,Own-child
10340,Unmarried
10340,Wife
20327,Not-in-family
20327,Unmarried
46523,Not-in-family
46523,Unmarried
38595,Husband
38595,Other-relative
38595,Own-child
38595,Wife
10199,Husband
10199,Other-relative
10199,Own-child
10199,Wife
43426,Husband
43426,Other-relative
43426,Own-child
43426,Wife
10567,Husband
10567,Not-in-family
10567,Other-relative
10567,Own-child
10567,Unmarried
10567,Wife
29021,Not-in-family
29021,Unmarried
7563,Husband
7563,Not-in-family
7563,Other-relative
7563,Own-child
7563,Unmarried
7563,Wife
12928,Husband
12928,Other-relative
12928,Own-child
12928,Wife
22135,Husband
22135,Not-in-family
22135,Other-relative
22135,Own-child
22135,Unmarried
22135,Wife
39450,Husband
39450,Not-in-family
39450,Other-relative
39450,Own-child
39450,Unmarried
39450,Wife
42039,Husband
42039,Not-in-family
42039,Other-relative
42039,Own-child
42039,Unmarried
42039,Wife
12152,Husband
12152,Not-in-family
12152,Other-relative
12152,Own-child
12152,Unmarried
12152,Wife
1299,Husband
1299,Not-in-family
1299,Other-relative
1299,Own-child
1299,Unmarried
1299,Wife
7529,Husband
7529,Other-relative
7529,Own-child
7529,Wife
1512,Husband
1512,Not-in-family
1512,Other-relative
1512,Own-child
1512,Unmarried
1512,Wife
26769,Not-in-family
26769,Unmarried
16773,Not-in-family
16773,Unmarried
21402,Not-in-family
21402,Unmarried
15682,Husband
15682,Not-in-family
15682,Other-relative
15682,Own-child
15682,Unmarried
15682,Wife
44702,Husband
44702,Not-in-family
44702,Other-relative
44702,Own-child
44702,Unmarried
44702,Wife
18802,Husband
18802,Not-in-family
18802,Other-relative
18802,Own-child
18802,Unmarried
18802,Wife
25984,Husband
25984,Other-relative
25984,Own-child
25984,Wife
48232,Not-in-family
48232,Unmarried
40624,Husband
40624,Not-in-family
40624,Other-relative
40624,Own-child
40624,Unmarried
40624,Wife
21723,Husband
21723,Other-relative
21723,Own-child
21723,Wife
7338,Husband
7338,Not-in-family
7338,Other-relative
7338,Own-child
7338,Unmarried
7338,Wife
39236,Husband
39236,Other-relative
39236,Own-child
39236,Wife
41231,Husband
41231,Not-in-family
41231,Other-relative
41231,Own-child
41231,Unmarried
41231,Wife
42003,Husband
42003,Not-in-family
42003,Other-relative
42003,Own-child
42003,Unmarried
42003,Wife
42475,Husband
42475,Other-relative
42475,Own-child
42475,Wife
8644,Husband
8644,Not-in-family
8644,Other-relative
8644,Own-child
8644,Unmarried
8644,Wife
30972,Husband
30972,Not-in-family
30972,Other-relative
30972,Own-child
30972,Unmarried
30972,Wife
33829,Husband
33829,Other-relative
33829,Own-child
33829,Wife
14928,Husband
14928,Other-relative
14928,Own-child
14928,Wife
3615,Husband
3615,Not-in-family
3615,Other-relative
3615,Own-child
3615,Unmarried
3615,Wife
19560,Husband
19560,Not-in-family
19560,Other-relative
19560,Own-child
19560,Unmarried
19560,Wife
47711,Not-in-family
47711,Unmarried
22894,Husband
22894,Not-in-family
22894,Other-relative
22894,Own-child
22894,Unmarried
22894,Wife
22961,Husband
22961,Not-in-family
22961,Other-relative
22961,Own-child
22961,Unmarried
22961,Wife
30960,Husband
30960,Other-relative
30960,Own-child
30960,Wife
24453,Husband
24453,Not-in-family
24453,Other-relative
24453,Own-child
24453,Unmarried
24453,Wife
24355,Husband
24355,Not-in-family
24355,Other-relative
24355,Own-child
24355,Unmarried
24355,Wife
5694,Husband
5694,Not-in-family
5694,Other-relative
5694,Own-child
5694,Unmarried
5694,Wife
39409,Husband
39409,Not-in-family
39409,Other-relative
39409,Own-child
39409,Unmarried
39409,Wife
45299,Husband
45299,Other-relative
45299,Own-child
45299,Wife
25172,Husband
25172,Not-in-family
25172,Other-relative
25172,Own-child
25172,Unmarried
25172,Wife
10831,Husband
10831,Not-in-family
10831,Other-relative
10831,Own-child
10831,Unmarried
10831,Wife
7762,Husband
7762,Not-in-family
7762,Other-relative
7762,Own-child
7762,Unmarried
7762,Wife
22576,Husband
22576,Not-in-family
22576,Other-relative
22576,Own-child
22576,Unmarried
22576,Wife
47296,Husband
47296,Not-in-family
47296,Other-relative
47296,Own-child
47296,Unmarried
47296,Wife
45049,Husband
45049,Other-relative
45049,Own-child
45049,Wife
44823,Husband
44823,Other-relative
44823,Own-child
44823,Wife
47986,Husband
47986,Other-relative
47986,Own-child
47986,Wife
29250,Husband
29250,Not-in-family
29250,Other-relative
29250,Own-child
29250,Unmarried
29250,Wife
45119,Husband
45119,Not-in-family
45119,Other-relative
45119,Own-child
45119,Unmarried
45119,Wife
24256,Husband
24256,Other-relative
24256,Own-child
24256,Wife
12350,Husband
12350,Other-relative
12350,Own-child
12350,Wife
9422,Husband
9422,Other-relative
9422,Own-child
9422,Wife
37220,Husband
37220,Not-in-family
37220,Other-relative
37220,Own-child
37220,Unmarried
37220,Wife
3397,Husband
3397,Other-relative
3397,Own-child
3397,Wife
44512,Not-in-family
44512,Unmarried
18247,Husband
18247,Not-in-family
18247,Other-relative
18247,Own-child
18247,Unmarried
18247,Wife
40823,Husband
40823,Other-relative
40823,Own-child
40823,Wife
46423,Husband
46423,Other-relative
46423,Own-child
46423,Wife
41144,Husband
41144,Other-relative
41144,Own-child
41144,Wife
25068,Husband
25068,Not-in-family
25068,Other-relative
25068,Own-child
25068,Unmarried
25068,Wife
1088,Husband
1088,Not-in-family
1088,Other-relative
1088,Own-child
1088,Unmarried
1088,Wife
28711,Husband
28711,Not-in-family
28711,Other-relative
28711,Own-child
28711,Unmarried
28711,Wife
23238,Not-in-family
23238,Unmarried
9509,Husband
9509,Other-relative
9509,Own-child
9509,Wife
39586,Not-in-family
39586,Unmarried
43082,Husband
43082,Other-relative
43082,Own-child
43082,Wife
29267,Husband
29267,Other-relative
29267,Own-child
29267,Wife
10065,Husband
10065,Not-in-family
10065,Other-relative
10065,Own-child
10065,Unmarried
10065,Wife
30363,Husband
30363,Not-in-family
30363,Other-relative
30363,Own-child
30363,Unmarried
30363,Wife
34530,Not-in-family
34530,Unmarried
9953,Husband
9953,Not-in-family
9953,Other-relative
9953,Own-child
9953,Unmarried
9953,Wife
33470,Husband
33470,Other-relative
33470,Own-child
33470,Wife
41883,Husband
41883,Other-relative
41883,Own-child
41883,Wife
32463,Husband
32463,Not-in-family
32463,Other-relative
32463,Own-child
32463,Unmarried
32463,Wife
3996,Husband
3996,Not-in-family
3996,Other-relative
3996,Own-child
3996,Unmarried
3996,Wife
6034,Husband
6034,Other-relative
6034,Own-child
6034,Wife
21018,Husband
21018,Not-in-family
21018,Other-relative
21018,Own-child
21018,Unmarried
21018,Wife
26527,Husband
26527,Not-in-family
26527,Other-relative
26527,Own-child
26527,Unmarried
26527,Wife
13649,Husband
13649,Other-relative
13649,Own-child
13649,Wife
41082,Husband
41082,Not-in-family
41082,Other-relative
41082,Own-child
41082,Unmarried
41082,Wife
30908,Husband
30908,Not-in-family
30908,Other-relative
30908,Own-child
30908,Unmarried
30908,Wife
38170,Not-in-family
38170,Unmarried
17534,Not-in-family
17534,Unmarried
32595,Not-in-family
32595,Unmarried
40600,Husband
40600,Other-relative
40600,Own-child
40600,Wife
33597,Husband
33597,Other-relative
33597,Own-child
33597,Wife
16764,Husband
16764,Not-in-family
16764,Other-relative
16764,Own-child
16764,Unmarried
16764,Wife
40611,Husband
40611,Other-relative
40611,Own-child
40611,Wife
16990,Not-in-family
16990,Unmarried
5051,Husband
5051,Other-relative
5051,Own-child
5051,Wife
10739,Husband
10739,Other-relative
10739,Own-child
10739,Wife
34974,Husband
34974,Not-in-family
34974,Other-relative
34974,Own-child
34974,Unmarried
34974,Wife
34836,Husband
34836,Not-in-family
34836,Other-relative
34836,Own-child
34836,Unmarried
34836,Wife
15045,Husband
15045,Not-in-family
15045,Other-relative
15045,Own-child
15045,Unmarried
15045,Wife
39676,Husband
39676,Other-relative
39676,Own-child
39676,Wife
39942,Husband
39942,Not-in-family
39942,Other-relative
39942,Own-child
39942,Unmarried
39942,Wife
42707,Husband
42707,Not-in-family
42707,Other-relative
42707,Own-child
42707,Unmarried
42707,Wife
14708,Husband
14708,Not-in-family
14708,Other-relative
14708,Own-child
14708,Unmarried
14708,Wife
27465,Not-in-family
27465,Unmarried
43497,Husband
43497,Not-in-family
43497,Other-relative
43497,Own-child
43497,Unmarried
43497,Wife
20192,Husband
20192,Other-relative
20192,Own-child
20192,Wife
11605,Husband
11605,Not-in-family
11605,Other-relative
11605,Own-child
11605,Unmarried
11605,Wife
21358,Not-in-family
21358,Unmarried
814,Husband
814,Other-relative
814,Own-child
814,Wife
37120,Husband
37120,Other-relative
37120,Own-child
37120,Wife
7553,Husband
7553,Other-relative
7553,Own-child
7553,Wife
6101,Husband
6101,Not-in-family
6101,Other-relative
6101,Own-child
6101,Unmarried
6101,Wife
42861,Husband
42861,Not-in-family
42861,Other-relative
42861,Own-child
42861,Unmarried
42861,Wife
1396,Husband
1396,Not-in-family
1396,Other-relative
1396,Own-child
1396,Unmarried
1396,Wife
41460,Husband
41460,Not-in-family
41460,Other-relative
41460,Own-child
41460,Unmarried
41460,Wife
48767,Husband
48767,Not-in-family
48767,Other-relative
48767,Own-child
48767,Unmarried
48767,Wife
44992,Husband
44992,Not-in-family
44992,Other-relative
44992,Own-child
44992,Unmarried
44992,Wife
45211,Husband
45211,Not-in-family
45211,Other-relative
45211,Own-child
45211,Unmarried
45211,Wife
1906,Husband
1906,Not-in-family
1906,Other-relative
1906,Own-child
1906,Unmarried
1906,Wife
30691,Husband
30691,Not-in-family
30691,Other-relative
30691,Own-child
30691,Unmarried
30691,Wife
6334,Not-in-family
6334,Unmarried
11531,Husband
11531,Not-in-family
11531,Other-relative
11531,Own-child
11531,Unmarried
11531,Wife
8789,Not-in-family
8789,Unmarried
38371,Husband
38371,Other-relative
38371,Own-child
38371,Wife
45113,Husband
45113,Other-relative
45113,Own-child
45113,Wife
27607,Husband
27607,Other-relative
27607,Own-child
27607,Wife
11519,Husband
11519,Not-in-family
11519,Other-relative
11519,Own-child
11519,Unmarried
11519,Wife
41490,Husband
41490,Not-in-family
41490,Other-relative
41490,Own-child
41490,Unmarried
41490,Wife
16044,Husband
16044,Other-relative
16044,Own-child
16044,Wife
21868,Husband
21868,Other-relative
21868,Own-child
21868,Wife
26072,Husband
26072,Not-in-family
26072,Other-relative
26072,Own-child
26072,Unmarried
26072,Wife
14735,Husband
14735,Other-relative
14735,Own-child
14735,Wife
37108,Husband
37108,Not-in-family
37108,Other-relative
37108,Own-child
37108,Unmarried
37108,Wife
21555,Not-in-family
21555,Unmarried
41383,Husband
41383,Other-relative
41383,Own-child
41383,Wife
5850,Husband
5850,Other-relative
5850,Own-child
5850,Wife
18542,Husband
18542,Other-relative
18542,Own-child
18542,Wife
17100,Husband
17100,Not-in-family
17100,Other-relative
17100,Own-child
17100,Unmarried
17100,Wife
40674,Husband
40674,Not-in-family
40674,Other-relative
40674,Own-child
40674,Unmarried
40674,Wife
33631,Not-in-family
33631,Unmarried
14851,Husband
14851,Other-relative
14851,Own-child
14851,Wife
34192,Husband
34192,Not-in-family
34192,Other-relative
34192,Own-child
34192,Unmarried
34192,Wife
9384,Husband
9384,Not-in-family
9384,Other-relative
9384,Own-child
9384,Unmarried
9384,Wife
22059,Husband
22059,Other-relative
22059,Own-child
22059,Wife
25475,Husband
25475,Not-in-family
25475,Other-relative
25475,Own-child
25475,Unmarried
25475,Wife
30941,Husband
30941,Other-relative
30941,Own-child
30941,Wife
5814,Husband
5814,Not-in-family
5814,Other-relative
5814,Own-child
5814,Unmarried
5814,Wife
39241,Husband
39241,Not-in-family
39241,Other-relative
39241,Own-child
39241,Unmarried
39241,Wife
17609,Husband
17609,Not-in-family
17609,Other-relative
17609,Own-child
17609,Unmarried
17609,Wife
43391,Not-in-family
43391,Unmarried
43014,Husband
43014,Other-relative
43014,Own-child
43014,Wife
36005,Husband
36005,Not-in-family
36005,Other-relative
36005,Own-child
36005,Unmarried
36005,Wife
37854,Husband
37854,Other-relative
37854,Own-child
37854,Wife
14830,Husband
14830,Not-in-family
14830,Other-relative
14830,Own-child
14830,Unmarried
14830,Wife
38631,Husband
38631,Other-relative
38631,Own-child
38631,Wife
29304,Husband
29304,Other-relative
29304,Own-child
29304,Wife
1762,Not-in-family
1762,Unmarried
18024,Husband
18024,Not-in-family
18024,Other-relative
18024,Own-child
18024,Unmarried
18024,Wife
7516,Not-in-family
7516,Unmarried
40937,Husband
40937,Not-in-family
40937,Other-relative
40937,Own-child
40937,Unmarried
40937,Wife
37467,Husband
37467,Not-in-family
37467,Other-relative
37467,Own-child
37467,Unmarried
37467,Wife
38245,Husband
38245,Not-in-family
38245,Other-relative
38245,Own-child
38245,Unmarried
38245,Wife
42396,Husband
42396,Not-in-family
42396,Other-relative
42396,Own-child
42396,Unmarried
42396,Wife
14150,Husband
14150,Not-in-family
14150,Other-relative
14150,Own-child
14150,Unmarried
14150,Wife
38786,Husband
38786,Not-in-family
38786,Other-relative
38786,Own-child
38786,Unmarried
38786,Wife
18394,Not-in-family
18394,Unmarried
38658,Husband
38658,Not-in-family
38658,Other-relative
38658,Own-child
38658,Unmarried
38658,Wife
32915,Husband
32915,Other-relative
32915,Own-child
32915,Wife
32669,Husband
32669,Not-in-family
32669,Other-relative
32669,Own-child
32669,Unmarried
32669,Wife
41147,Husband
41147,Not-in-family
41147,Other-relative
41147,Own-child
41147,Unmarried
41147,Wife
10322,Husband
10322,Not-in-family
10322,Other-relative
10322,Own-child
10322,Unmarried
10322,Wife
27906,Not-in-family
27906,Unmarried
22685,Husband
22685,Other-relative
22685,Own-child
22685,Wife
10375,Husband
10375,Not-in-family
10375,Other-relative
10375,Own-child
10375,Unmarried
10375,Wife
5905,Husband
5905,Not-in-family
5905,Other-relative
5905,Own-child
5905,Unmarried
5905,Wife
46856,Husband
46856,Not-in-family
46856,Other-relative
46856,Own-child
46856,Unmarried
46856,Wife
15222,Husband
15222,Not-in-family
15222,Other-relative
15222,Own-child
15222,Unmarried
15222,Wife
8110,Husband
8110,Not-in-family
8110,Other-relative
8110,Own-child
8110,Unmarried
8110,Wife
17634,Husband
17634,Other-relative
17634,Own-child
17634,Wife
7513,Husband
7513,Other-relative
7513,Own-child
7513,Wife
36209,Not-in-family
36209,Unmarried
30098,Not-in-family
30098,Unmarried
26590,Husband
26590,Other-relative
26590,Own-child
26590,Wife
38872,Husband
38872,Not-in-family
38872,Other-relative
38872,Own-child
38872,Unmarried
38872,Wife
34681,Husband
34681,Not-in-family
34681,Other-relative
34681,Own-child
34681,Unmarried
34681,Wife
29269,Not-in-family
29269,Unmarried
9904,Husband
9904,Not-in-family
9904,Other-relative
9904,Own-child
9904,Unmarried
9904,Wife
21761,Husband
21761,Not-in-family
21761,Other-relative
21761,Own-child
21761,Unmarried
21761,Wife
32249,Husband
32249,Not-in-family
32249,Other-relative
32249,Own-child
32249,Unmarried
32249,Wife
1228,Husband
1228,Not-in-family
1228,Other-relative
1228,Own-child
1228,Unmarried
1228,Wife
16729,Husband
16729,Not-in-family
16729,Other-relative
16729,Own-child
16729,Unmarried
16729,Wife
8072,Husband
8072,Other-relative
8072,Own-child
8072,Wife
46965,Husband
46965,Other-relative
46965,Own-child
46965,Wife
33733,Husband
33733,Not-in-family
33733,Other-relative
33733,Own-child
33733,Unmarried
33733,Wife
36025,Not-in-family
36025,Unmarried
43503,Husband
43503,Not-in-family
43503,Other-relative
43503,Own-child
43503,Unmarried
43503,Wife
34301,Husband
34301,Not-in-family
34301,Other-relative
34301,Own-child
34301,Unmarried
34301,Wife
34522,Not-in-family
34522,Unmarried
31368,Husband
31368,Not-in-family
31368,Other-relative
31368,Own-child
31368,Unmarried
31368,Wife
34875,Husband
34875,Not-in-family
34875,Other-relative
34875,Own-child
34875,Unmarried
34875,Wife
36677,Husband
36677,Other-relative
36677,Own-child
36677,Wife
6655,Husband
6655,Not-in-family
6655,Other-relative
6655,Own-child
6655,Unmarried
6655,Wife
43101,Not-in-family
43101,Unmarried
16278,Not-in-family
16278,Unmarried
35143,Husband
35143,Not-in-family
35143,Other-relative
35143,Own-child
35143,Unmarried
35143,Wife
22962,Husband
22962,Other-relative
22962,Own-child
22962,Wife
11459,Husband
11459,Other-relative
11459,Own-child
11459,Wife
44203,Not-in-family
44203,Unmarried
34308,Not-in-family
34308,Unmarried
3533,Husband
3533,Not-in-family
3533,Other-relative
3533,Own-child
3533,Unmarried
3533,Wife
12119,Husband
12119,Not-in-family
12119,Other-relative
12119,Own-child
12119,Unmarried
12119,Wife
31433,Not-in-family
31433,Unmarried
39530,Husband
39530,Not-in-family
39530,Other-relative
39530,Own-child
39530,Unmarried
39530,Wife
29679,Not-in-family
29679,Unmarried
28327,Husband
28327,Not-in-family
28327,Other-relative
28327,Own-child
28327,Unmarried
28327,Wife
36448,Husband
36448,Not-in-family
36448,Other-relative
36448,Own-child
36448,Unmarried
36448,Wife
31889,Husband
31889,Other-relative
31889,Own-child
31889,Wife
15422,Husband
15422,Not-in-family
15422,Other-relative
15422,Own-child
15422,Unmarried
15422,Wife
28330,Not-in-family
28330,Unmarried
6369,Husband
6369,Other-relative
6369,Own-child
6369,Wife
20535,Husband
20535,Not-in-family
20535,Other-relative
20535,Own-child
20535,Unmarried
20535,Wife
21369,Not-in-family
21369,Unmarried
970,Husband
970,Not-in-family
970,Other-relative
970,Own-child
970,Unmarried
970,Wife
17794,Husband
17794,Not-in-family
17794,Other-relative
17794,Own-child
17794,Unmarried
17794,Wife
15938,Husband
15938,Other-relative
15938,Own-child
15938,Wife
41569,Husband
41569,Not-in-family
41569,Other-relative
41569,Own-child
41569,Unmarried
41569,Wife
26399,Husband
26399,Not-in-family
26399,Other-relative
26399,Own-child
26399,Unmarried
26399,Wife
26950,Not-in-family
26950,Unmarried
37782,Husband
37782,Not-in-family
37782,Other-relative
37782,Own-child
37782,Unmarried
37782,Wife
31722,Husband
31722,Not-in-family
31722,Other-relative
31722,Own-child
31722,Unmarried
31722,Wife
7948,Not-in-family
7948,Unmarried
39743,Husband
39743,Not-in-family
39743,Other-relative
39743,Own-child
39743,Unmarried
39743,Wife
6954,Husband
6954,Not-in-family
6954,Other-relative
6954,Own-child
6954,Unmarried
6954,Wife
15897,Not-in-family
15897,Unmarried
7162,Husband
7162,Not-in-family
7162,Other-relative
7162,Own-child
7162,Unmarried
7162,Wife
11465,Husband
11465,Other-relative
11465,Own-child
11465,Wife
31310,Husband
31310,Other-relative
31310,Own-child
31310,Wife
19325,Not-in-family
19325,Unmarried
20091,Not-in-family
20091,Unmarried
27660,Husband
27660,Not-in-family
27660,Other-relative
27660,Own-child
27660,Unmarried
27660,Wife
14503,Husband
14503,Not-in-family
14503,Other-relative
14503,Own-child
14503,Unmarried
14503,Wife
40251,Husband
40251,Not-in-family
40251,Other-relative
40251,Own-child
40251,Unmarried
40251,Wife
47188,Husband
47188,Other-relative
47188,Own-child
47188,Wife
23560,Husband
23560,Other-relative
23560,Own-child
23560,Wife
37043,Husband
37043,Other-relative
37043,Own-child
37043,Wife
4354,Husband
4354,Not-in-family
4354,Other-relative
4354,Own-child
4354,Unmarried
4354,Wife
37637,Husband
37637,Not-in-family
37637,Other-relative
37637,Own-child
37637,Unmarried
37637,Wife
28602,Husband
28602,Other-relative
28602,Own-child
28602,Wife
14528,Husband
14528,Not-in-family
14528,Other-relative
14528,Own-child
14528,Unmarried
14528,Wife
10304,Husband
10304,Not-in-family
10304,Other-relative
10304,Own-child
10304,Unmarried
10304,Wife
6942,Husband
6942,Other-relative
6942,Own-child
6942,Wife
10896,Husband
10896,Not-in-family
10896,Other-relative
10896,Own-child
10896,Unmarried
10896,Wife
13778,Husband
13778,Not-in-family
13778,Other-relative
13778,Own-child
13778,Unmarried
13778,Wife
13221,Not-in-family
13221,Unmarried
4069,Not-in-family
4069,Unmarried
47244,Husband
47244,Other-relative
47244,Own-child
47244,Wife
18009,Husband
18009,Other-relative
18009,Own-child
18009,Wife
45688,Husband
45688,Not-in-family
45688,Other-relative
45688,Own-child
45688,Unmarried
45688,Wife
10125,Husband
10125,Not-in-family
10125,Other-relative
10125,Own-child
10125,Unmarried
10125,Wife
30200,Husband
30200,Not-in-family
30200,Other-relative
30200,Own-child
30200,Unmarried
30200,Wife
5115,Husband
5115,Other-relative
5115,Own-child
5115,Wife
2745,Husband
2745,Other-relative
2745,Own-child
2745,Wife
40392,Husband
40392,Not-in-family
40392,Other-relative
40392,Own-child
40392,Unmarried
40392,Wife
23316,Husband
23316,Not-in-family
23316,Other-relative
23316,Own-child
23316,Unmarried
23316,Wife
46610,Husband
46610,Not-in-family
46610,Other-relative
46610,Own-child
46610,Unmarried
46610,Wife
48267,Not-in-family
48267,Unmarried
8645,Husband
8645,Not-in-family
8645,Other-relative
8645,Own-child
8645,Unmarried
8645,Wife
34225,Not-in-family
34225,Unmarried
25132,Not-in-family
25132,Unmarried
36764,Husband
36764,Other-relative
36764,Own-child
36764,Wife
27394,Husband
27394,Not-in-family
27394,Other-relative
27394,Own-child
27394,Unmarried
27394,Wife
42654,Husband
42654,Other-relative
42654,Own-child
42654,Wife
25415,Husband
25415,Not-in-family
25415,Other-relative
25415,Own-child
25415,Unmarried
25415,Wife
857,Husband
857,Other-relative
857,Own-child
857,Wife
9542,Not-in-family
9542,Unmarried
40013,Not-in-family
40013,Unmarried
40802,Husband
40802,Other-relative
40802,Own-child
40802,Wife
94,Husband
94,Not-in-family
94,Other-relative
94,Own-child
94,Unmarried
94,Wife
16655,Husband
16655,Other-relative
16655,Own-child
16655,Wife
32404,Not-in-family
32404,Unmarried
16557,Husband
16557,Other-relative
16557,Own-child
16557,Wife
39264,Husband
39264,Other-relative
39264,Own-child
39264,Wife
42471,Husband
42471,Not-in-family
42471,Other-relative
42471,Own-child
42471,Unmarried
42471,Wife
4473,Husband
4473,Not-in-family
4473,Other-relative
4473,Own-child
4473,Unmarried
4473,Wife
296,Not-in-family
296,Unmarried
1600,Husband
1600,Not-in-family
1600,Other-relative
1600,Own-child
1600,Unmarried
1600,Wife
25292,Husband
25292,Other-relative
25292,Own-child
25292,Wife
39096,Husband
39096,Not-in-family
39096,Other-relative
39096,Own-child
39096,Unmarried
39096,Wife
32108,Husband
32108,Not-in-family
32108,Other-relative
32108,Own-child
32108,Unmarried
32108,Wife
15340,Not-in-family
15340,Unmarried
25775,Husband
25775,Other-relative
25775,Own-child
25775,Wife
20347,Not-in-family
20347,Unmarried
6482,Husband
6482,Other-relative
6482,Own-child
6482,Wife
3729,Not-in-family
3729,Unmarried
25234,Husband
25234,Not-in-family
25234,Other-relative
25234,Own-child
25234,Unmarried
25234,Wife
1609,Not-in-family
1609,Unmarried
31926,Not-in-family
31926,Unmarried
13486,Husband
13486,Not-in-family
13486,Other-relative
13486,Own-child
13486,Unmarried
13486,Wife
13307,Husband
13307,Not-in-family
13307,Other-relative
13307,Own-child
13307,Unmarried
13307,Wife
23438,Husband
23438,Not-in-family
23438,Other-relative
23438,Own-child
23438,Unmarried
23438,Wife
5227,Husband
5227,Other-relative
5227,Own-child
5227,Wife
11553,Husband
11553,Not-in-family
11553,Other-relative
11553,Own-child
11553,Unmarried
11553,Wife
43449,Not-in-family
43449,Unmarried
43194,Husband
43194,Not-in-family
43194,Other-relative
43194,Own-child
43194,Unmarried
43194,Wife
4050,Husband
4050,Other-relative
4050,Own-child
4050,Wife
43988,Not-in-family
43988,Unmarried
13180,Husband
13180,Other-relative
13180,Own-child
13180,Wife
26344,Husband
26344,Other-relative
26344,Own-child
26344,Wife
8208,Husband
8208,Other-relative
8208,Own-child
8208,Wife
48048,Not-in-family
48048,Unmarried
2343,Not-in-family
2343,Unmarried
45079,Husband
45079,Other-relative
45079,Own-child
45079,Wife
33690,Husband
33690,Other-relative
33690,Own-child
33690,Wife
19070,Husband
19070,Not-in-family
19070,Other-relative
19070,Own-child
19070,Unmarried
19070,Wife
36401,Not-in-family
36401,Unmarried
18725,Husband
18725,Not-in-family
18725,Other-relative
18725,Own-child
18725,Unmarried
18725,Wife
22435,Husband
22435,Not-in-family
22435,Other-relative
22435,Own-child
22435,Unmarried
22435,Wife
48775,Not-in-family
48775,Unmarried
4057,Not-in-family
4057,Unmarried
38001,Husband
38001,Not-in-family
38001,Other-relative
38001,Own-child
38001,Unmarried
38001,Wife
9161,Husband
9161,Other-relative
9161,Own-child
9161,Wife
27619,Husband
27619,Not-in-family
27619,Other-relative
27619,Own-child
27619,Unmarried
27619,Wife
41697,Husband
41697,Not-in-family
41697,Other-relative
41697,Own-child
41697,Unmarried
41697,Wife
3964,Husband
3964,Not-in-family
3964,Other-relative
3964,Own-child
3964,Unmarried
3964,Wife
19226,Husband
19226,Other-relative
19226,Own-child
19226,Wife
4968,Husband
4968,Other-relative
4968,Own-child
4968,Wife
46587,Husband
46587,Not-in-family
46587,Other-relative
46587,Own-child
46587,Unmarried
46587,Wife
18950,Husband
18950,Not-in-family
18950,Other-relative
18950,Own-child
18950,Unmarried
18950,Wife
33275,Husband
33275,Other-relative
33275,Own-child
33275,Wife
35232,Husband
35232,Other-relative
35232,Own-child
35232,Wife
9603,Husband
9603,Not-in-family
9603,Other-relative
9603,Own-child
9603,Unmarried
9603,Wife
20573,Not-in-family
20573,Unmarried
15455,Husband
15455,Not-in-family
15455,Other-relative
15455,Own-child
15455,Unmarried
15455,Wife
12398,Not-in-family
12398,Unmarried
42130,Husband
42130,Not-in-family
42130,Other-relative
42130,Own-child
42130,Unmarried
42130,Wife
36572,Husband
36572,Not-in-family
36572,Other-relative
36572,Own-child
36572,Unmarried
36572,Wife
28386,Not-in-family
28386,Unmarried
2653,Husband
2653,Not-in-family
2653,Other-relative
2653,Own-child
2653,Unmarried
2653,Wife
26232,Husband
26232,Not-in-family
26232,Other-relative
26232,Own-child
26232,Unmarried
26232,Wife
48164,Husband
48164,Other-relative
48164,Own-child
48164,Wife
18296,Not-in-family
18296,Unmarried
40132,Husband
40132,Not-in-family
40132,Other-relative
40132,Own-child
40132,Unmarried
40132,Wife
3433,Husband
3433,Other-relative
3433,Own-child
3433,Wife
21650,Not-in-family
21650,Unmarried
35502,Not-in-family
35502,Unmarried
32151,Husband
32151,Other-relative
32151,Own-child
32151,Wife
12222,Husband
12222,Other-relative
12222,Own-child
12222,Wife
32602,Husband
32602,Other-relative
32602,Own-child
32602,Wife
46044,Husband
46044,Other-relative
46044,Own-child
46044,Wife
12394,Husband
12394,Not-in-family
12394,Other-relative
12394,Own-child
12394,Unmarried
12394,Wife
33340,Husband
33340,Other-relative
33340,Own-child
33340,Wife
47681,Husband
47681,Not-in-family
47681,Other-relative
47681,Own-child
47681,Unmarried
47681,Wife
36296,Husband
36296,Not-in-family
36296,Other-relative
36296,Own-child
36296,Unmarried
36296,Wife
35233,Husband
35233,Not-in-family
35233,Other-relative
35233,Own-child
35233,Unmarried
35233,Wife
41732,Husband
41732,Not-in-family
41732,Other-relative
41732,Own-child
41732,Unmarried
41732,Wife
31019,Not-in-family
31019,Unmarried
19963,Husband
19963,Not-in-family
19963,Other-relative
19963,Own-child
19963,Unmarried
19963,Wife
757,Husband
757,Not-in-family
757,Other-relative
757,Own-child
757,Unmarried
757,Wife
6751,Husband
6751,Other-relative
6751,Own-child
6751,Wife
11081,Husband
11081,Other-relative
11081,Own-child
11081,Wife
29584,Husband
29584,Not-in-family
29584,Other-relative
29584,Own-child
29584,Unmarried
29584,Wife
40297,Husband
40297,Not-in-family
40297,Other-relative
40297,Own-child
40297,Unmarried
40297,Wife
47968,Husband
47968,Other-relative
47968,Own-child
47968,Wife
1760,Husband
1760,Other-relative
1760,Own-child
1760,Wife
16803,Husband
16803,Not-in-family
16803,Other-relative
16803,Own-child
16803,Unmarried
16803,Wife
31533,Husband
31533,Other-relative
31533,Own-child
31533,Wife
25210,Husband
25210,Not-in-family
25210,Other-relative
25210,Own-child
25210,Unmarried
25210,Wife
37414,Husband
37414,Other-relative
37414,Own-child
37414,Wife
5744,Not-in-family
5744,Unmarried
43915,Not-in-family
43915,Unmarried
40246,Husband
40246,Not-in-family
40246,Other-relative
40246,Own-child
40246,Unmarried
40246,Wife
35871,Husband
35871,Not-in-family
35871,Other-relative
35871,Own-child
35871,Unmarried
35871,Wife
29632,Husband
29632,Not-in-family
29632,Other-relative
29632,Own-child
29632,Unmarried
29632,Wife
45037,Husband
45037,Other-relative
45037,Own-child
45037,Wife
3546,Husband
3546,Other-relative
3546,Own-child
3546,Wife
31352,Husband
31352,Other-relative
31352,Own-child
31352,Wife
2706,Husband
2706,Not-in-family
2706,Other-relative
2706,Own-child
2706,Unmarried
2706,Wife
41351,Husband
41351,Not-in-family
41351,Other-relative
41351,Own-child
41351,Unmarried
41351,Wife
28892,Husband
28892,Not-in-family
28892,Other-relative
28892,Own-child
28892,Unmarried
28892,Wife
34679,Husband
34679,Not-in-family
34679,Other-relative
34679,Own-child
34679,Unmarried
34679,Wife
3059,Husband
3059,Not-in-family
3059,Other-relative
3059,Own-child
3059,Unmarried
3059,Wife
45346,Not-in-family
45346,Unmarried
37926,Husband
37926,Not-in-family
37926,Other-relative
37926,Own-child
37926,Unmarried
37926,Wife
34255,Not-in-family
34255,Unmarried
24464,Not-in-family
24464,Unmarried
33853,Husband
33853,Not-in-family
33853,Other-relative
33853,Own-child
33853,Unmarried
33853,Wife
45726,Husband
45726,Other-relative
45726,Own-child
45726,Wife
10141,Husband
10141,Not-in-family
10141,Other-relative
10141,Own-child
10141,Unmarried
10141,Wife
11123,Not-in-family
11123,Unmarried
3374,Husband
3374,Other-relative
3374,Own-child
3374,Wife
3738,Husband
3738,Other-relative
3738,Own-child
3738,Wife
15976,Husband
15976,Other-relative
15976,Own-child
15976,Wife
29719,Husband
29719,Not-in-family
29719,Other-relative
29719,Own-child
29719,Unmarried
29719,Wife
27214,Husband
27214,Not-in-family
27214,Other-relative
27214,Own-child
27214,Unmarried
27214,Wife
6029,Husband
6029,Not-in-family
6029,Other-relative
6029,Own-child
6029,Unmarried
6029,Wife
24970,Husband
24970,Not-in-family
24970,Other-relative
24970,Own-child
24970,Unmarried
24970,Wife
3272,Husband
3272,Not-in-family
3272,Other-relative
3272,Own-child
3272,Unmarried
3272,Wife
30796,Not-in-family
30796,Unmarried
24400,Husband
24400,Not-in-family
24400,Other-relative
24400,Own-child
24400,Unmarried
24400,Wife
48174,Husband
48174,Not-in-family
48174,Other-relative
48174,Own-child
48174,Unmarried
48174,Wife
4943,Husband
4943,Other-relative
4943,Own-child
4943,Wife
20429,Husband
20429,Not-in-family
20429,Other-relative
20429,Own-child
20429,Unmarried
20429,Wife
41205,Husband
41205,Not-in-family
41205,Other-relative
41205,Own-child
41205,Unmarried
41205,Wife
46374,Not-in-family
46374,Unmarried
6349,Husband
6349,Not-in-family
6349,Other-relative
6349,Own-child
6349,Unmarried
6349,Wife
14107,Husband
14107,Other-relative
14107,Own-child
14107,Wife
24720,Husband
24720,Other-relative
24720,Own-child
24720,Wife
45203,Husband
45203,Not-in-family
45203,Other-relative
45203,Own-child
45203,Unmarried
45203,Wife
35504,Husband
35504,Not-in-family
35504,Other-relative
35504,Own-child
35504,Unmarried
35504,Wife
2330,Husband
2330,Not-in-family
2330,Other-relative
2330,Own-child
2330,Unmarried
2330,Wife
30866,Husband
30866,Other-relative
30866,Own-child
30866,Wife
43021,Not-in-family
43021,Unmarried
12420,Husband
12420,Not-in-family
12420,Other-relative
12420,Own-child
12420,Unmarried
12420,Wife
25490,Husband
25490,Other-relative
25490,Own-child
25490,Wife
17457,Husband
17457,Not-in-family
17457,Other-relative
17457,Own-child
17457,Unmarried
17457,Wife
1607,Husband
1607,Not-in-family
1607,Other-relative
1607,Own-child
1607,Unmarried
1607,Wife
41468,Husband
41468,Not-in-family
41468,Other-relative
41468,Own-child
41468,Unmarried
41468,Wife
20948,Not-in-family
20948,Unmarried
7204,Not-in-family
7204,Unmarried
30911,Not-in-family
30911,Unmarried
18638,Not-in-family
18638,Unmarried
41725,Husband
41725,Other-relative
41725,Own-child
41725,Wife
1284,Husband
1284,Not-in-family
1284,Other-relative
1284,Own-child
1284,Unmarried
1284,Wife
17285,Husband
17285,Not-in-family
17285,Other-relative
17285,Own-child
17285,Unmarried
17285,Wife
16018,Husband
16018,Not-in-family
16018,Other-relative
16018,Own-child
16018,Unmarried
16018,Wife
5689,Husband
5689,Not-in-family
5689,Other-relative
5689,Own-child
5689,Unmarried
5689,Wife
45897,Not-in-family
45897,Unmarried
34190,Husband
34190,Other-relative
34190,Own-child
34190,Wife
46254,Husband
46254,Other-relative
46254,Own-child
46254,Wife
21118,Husband
21118,Other-relative
21118,Own-child
21118,Wife
19763,Husband
19763,Other-relative
19763,Own-child
19763,Wife
8719,Husband
8719,Not-in-family
8719,Other-relative
8719,Own-child
8719,Unmarried
8719,Wife
42718,Husband
42718,Not-in-family
42718,Other-relative
42718,Own-child
42718,Unmarried
42718,Wife
45937,Husband
45937,Other-relative
45937,Own-child
45937,Wife
36412,Husband
36412,Not-in-family
36412,Other-relative
36412,Own-child
36412,Unmarried
36412,Wife
18940,Not-in-family
18940,Unmarried
38508,Husband
38508,Not-in-family
38508,Other-relative
38508,Own-child
38508,Unmarried
38508,Wife
39227,Not-in-family
39227,Unmarried
35558,Husband
35558,Not-in-family
35558,Other-relative
35558,Own-child
35558,Unmarried
35558,Wife
15247,Husband
15247,Other-relative
15247,Own-child
15247,Wife
10826,Husband
10826,Not-in-family
10826,Other-relative
10826,Own-child
10826,Unmarried
10826,Wife
39004,Husband
39004,Other-relative
39004,Own-child
39004,Wife
32520,Husband
32520,Not-in-family
32520,Other-relative
32520,Own-child
32520,Unmarried
32520,Wife
8345,Not-in-family
8345,Unmarried
19144,Husband
19144,Not-in-family
19144,Other-relative
19144,Own-child
19144,Unmarried
19144,Wife
8313,Husband
8313,Other-relative
8313,Own-child
8313,Wife
38977,Husband
38977,Other-relative
38977,Own-child
38977,Wife
4265,Husband
4265,Not-in-family
4265,Other-relative
4265,Own-child
4265,Unmarried
4265,Wife
4229,Husband
4229,Other-relative
4229,Own-child
4229,Wife
11541,Husband
11541,Not-in-family
11541,Other-relative
11541,Own-child
11541,Unmarried
11541,Wife
72,Husband
72,Other-relative
72,Own-child
72,Wife
14538,Husband
14538,Not-in-family
14538,Other-relative
14538,Own-child
14538,Unmarried
14538,Wife
5462,Husband
5462,Not-in-family
5462,Other-relative
5462,Own-child
5462,Unmarried
5462,Wife
29646,Not-in-family
29646,Unmarried
30793,Husband
30793,Not-in-family
30793,Other-relative
30793,Own-child
30793,Unmarried
30793,Wife
1525,Husband
1525,Not-in-family
1525,Other-relative
1525,Own-child
1525,Unmarried
1525,Wife
7216,Husband
7216,Other-relative
7216,Own-child
7216,Wife
47087,Husband
47087,Not-in-family
47087,Other-relative
47087,Own-child
47087,Unmarried
47087,Wife
39058,Not-in-family
39058,Unmarried
40008,Husband
40008,Other-relative
40008,Own-child
40008,Wife
18413,Husband
18413,Not-in-family
18413,Other-relative
18413,Own-child
18413,Unmarried
18413,Wife
40252,Husband
40252,Other-relative
40252,Own-child
40252,Wife
24759,Husband
24759,Other-relative
24759,Own-child
24759,Wife
8181,Husband
8181,Other-relative
8181,Own-child
8181,Wife
37380,Husband
37380,Not-in-family
37380,Other-relative
37380,Own-child
37380,Unmarried
37380,Wife
18960,Not-in-family
18960,Unmarried
25914,Husband
25914,Other-relative
25914,Own-child
25914,Wife
707,Husband
707,Not-in-family
707,Other-relative
707,Own-child
707,Unmarried
707,Wife
3661,Husband
3661,Not-in-family
3661,Other-relative
3661,Own-child
3661,Unmarried
3661,Wife
46939,Husband
46939,Not-in-family
46939,Other-relative
46939,Own-child
46939,Unmarried
46939,Wife
38929,Husband
38929,Not-in-family
38929,Other-relative
38929,Own-child
38929,Unmarried
38929,Wife
36356,Husband
36356,Not-in-family
36356,Other-relative
36356,Own-child
36356,Unmarried
36356,Wife
1289,Husband
1289,Not-in-family
1289,Other-relative
1289,Own-child
1289,Unmarried
1289,Wife
40159,Husband
40159,Not-in-family
40159,Other-relative
40159,Own-child
40159,Unmarried
40159,Wife
40069,Husband
40069,Other-relative
40069,Own-child
40069,Wife
43819,Husband
43819,Other-relative
43819,Own-child
43819,Wife
7844,Husband
7844,Other-relative
7844,Own-child
7844,Wife
25864,Husband
25864,Other-relative
25864,Own-child
25864,Wife
44005,Husband
44005,Other-relative
44005,Own-child
44005,Wife
12678,Husband
12678,Not-in-family
12678,Other-relative
12678,Own-child
12678,Unmarried
12678,Wife
5481,Not-in-family
5481,Unmarried
40106,Husband
40106,Not-in-family
40106,Other-relative
40106,Own-child
40106,Unmarried
40106,Wife
20940,Husband
20940,Other-relative
20940,Own-child
20940,Wife
19528,Not-in-family
19528,Unmarried
4854,Husband
4854,Not-in-family
4854,Other-relative
4854,Own-child
4854,Unmarried
4854,Wife
6223,Husband
6223,Not-in-family
6223,Other-relative
6223,Own-child
6223,Unmarried
6223,Wife
7020,Husband
7020,Not-in-family
7020,Other-relative
7020,Own-child
7020,Unmarried
7020,Wife
22200,Not-in-family
22200,Unmarried
17604,Husband
17604,Not-in-family
17604,Other-relative
17604,Own-child
17604,Unmarried
17604,Wife
17319,Husband
17319,Not-in-family
17319,Other-relative
17319,Own-child
17319,Unmarried
17319,Wife
23268,Husband
23268,Not-in-family
23268,Other-relative
23268,Own-child
23268,Unmarried
23268,Wife
40995,Husband
40995,Not-in-family
40995,Other-relative
40995,Own-child
40995,Unmarried
40995,Wife
8962,Husband
8962,Not-in-family
8962,Other-relative
8962,Own-child
8962,Unmarried
8962,Wife
6842,Husband
6842,Not-in-family
6842,Other-relative
6842,Own-child
6842,Unmarried
6842,Wife
6908,Husband
6908,Other-relative
6908,Own-child
6908,Wife
14728,Husband
14728,Not-in-family
14728,Other-relative
14728,Own-child
14728,Unmarried
14728,Wife
47445,Husband
47445,Not-in-family
47445,Other-relative
47445,Own-child
47445,Unmarried
47445,Wife
45609,Husband
45609,Other-relative
45609,Own-child
45609,Wife
12740,Husband
12740,Not-in-family
12740,Other-relative
12740,Own-child
12740,Unmarried
12740,Wife
9962,Husband
9962,Not-in-family
9962,Other-relative
9962,Own-child
9962,Unmarried
9962,Wife
44751,Husband
44751,Not-in-family
44751,Other-relative
44751,Own-child
44751,Unmarried
44751,Wife
10136,Husband
10136,Other-relative
10136,Own-child
10136,Wife
38796,Husband
38796,Not-in-family
38796,Other-relative
38796,Own-child
38796,Unmarried
38796,Wife
20318,Husband
20318,Other-relative
20318,Own-child
20318,Wife
41570,Husband
41570,Other-relative
41570,Own-child
41570,Wife
39210,Husband
39210,Not-in-family
39210,Other-relative
39210,Own-child
39210,Unmarried
39210,Wife
32654,Husband
32654,Not-in-family
32654,Other-relative
32654,Own-child
32654,Unmarried
32654,Wife
26396,Husband
26396,Other-relative
26396,Own-child
26396,Wife
5518,Husband
5518,Other-relative
5518,Own-child
5518,Wife
19331,Husband
19331,Other-relative
19331,Own-child
19331,Wife
3010,Husband
3010,Other-relative
3010,Own-child
3010,Wife
11168,Husband
11168,Not-in-family
11168,Other-relative
11168,Own-child
11168,Unmarried
11168,Wife
37160,Husband
37160,Other-relative
37160,Own-child
37160,Wife
28057,Not-in-family
28057,Unmarried
42135,Husband
42135,Other-relative
42135,Own-child
42135,Wife
15714,Husband
15714,Not-in-family
15714,Other-relative
15714,Own-child
15714,Unmarried
15714,Wife
20534,Husband
20534,Not-in-family
20534,Other-relative
20534,Own-child
20534,Unmarried
20534,Wife
345,Not-in-family
345,Unmarried
33822,Husband
33822,Not-in-family
33822,Other-relative
33822,Own-child
33822,Unmarried
33822,Wife
7424,Husband
7424,Not-in-family
7424,Other-relative
7424,Own-child
7424,Unmarried
7424,Wife
15622,Husband
15622,Other-relative
15622,Own-child
15622,Wife
29393,Husband
29393,Other-relative
29393,Own-child
29393,Wife
3797,Husband
3797,Other-relative
3797,Own-child
3797,Wife
14296,Husband
14296,Other-relative
14296,Own-child
14296,Wife
34481,Husband
34481,Other-relative
34481,Own-child
34481,Wife
15359,Husband
15359,Other-relative
15359,Own-child
15359,Wife
36017,Husband
36017,Not-in-family
36017,Other-relative
36017,Own-child
36017,Unmarried
36017,Wife
22856,Husband
22856,Not-in-family
22856,Other-relative
22856,Own-child
22856,Unmarried
22856,Wife
7374,Husband
7374,Other-relative
7374,Own-child
7374,Wife
36411,Husband
36411,Other-relative
36411,Own-child
36411,Wife
38237,Husband
38237,Not-in-family
38237,Other-relative
38237,Own-child
38237,Unmarried
38237,Wife
46382,Husband
46382,Not-in-family
46382,Other-relative
46382,Own-child
46382,Unmarried
46382,Wife
22953,Husband
22953,Other-relative
22953,Own-child
22953,Wife
32276,Husband
32276,Other-relative
32276,Own-child
32276,Wife
6158,Husband
6158,Not-in-family
6158,Other-relative
6158,Own-child
6158,Unmarried
6158,Wife
22583,Husband
22583,Not-in-family
22583,Other-relative
22583,Own-child
22583,Unmarried
22583,Wife
22183,Husband
22183,Other-relative
22183,Own-child
22183,Wife
17427,Husband
17427,Not-in-family
17427,Other-relative
17427,Own-child
17427,Unmarried
17427,Wife
16551,Husband
16551,Not-in-family
16551,Other-relative
16551,Own-child
16551,Unmarried
16551,Wife
6099,Husband
6099,Not-in-family
6099,Other-relative
6099,Own-child
6099,Unmarried
6099,Wife
36277,Husband
36277,Other-relative
36277,Own-child
36277,Wife
16680,Husband
16680,Not-in-family
16680,Other-relative
16680,Own-child
16680,Unmarried
16680,Wife
7221,Not-in-family
7221,Unmarried
37759,Husband
37759,Not-in-family
37759,Other-relative
37759,Own-child
37759,Unmarried
37759,Wife
